 Fermi (or HOMO) energy (hartree) =   0.12519   Average Vxc (hartree)=  -0.29499
 Eigenvalues (hartree) for nkpt=  10  k points:
 kpt#   1, nband= 77, wtk=  0.06250, kpt=  0.0625  0.0625  0.2500 (reduced coord)
  -1.69919   -1.69905   -1.69770   -1.69724   -1.69579   -1.69560   -1.69428   -1.69410
  -1.69328   -1.69319   -1.69185   -1.68966   -1.68949   -1.68639   -1.68605   -1.67289
  -1.67174   -1.67157   -1.67049   -1.66983   -1.66887   -1.66818   -1.66754   -1.66656
  -1.66643   -0.69467   -0.69283   -0.69282   -0.69213   -0.69206   -0.68549   -0.68518
  -0.68390   -0.68358   -0.68343   -0.68342   -0.68336   -0.68324   -0.68319   -0.68304
  -0.68300   -0.68285   -0.68267   -0.68260   -0.68252   -0.68236   -0.68143   -0.68129
  -0.68093   -0.68092   -0.44365   -0.42761   -0.40455   -0.38084   -0.37408   -0.15865
  -0.15539   -0.12707   -0.11751   -0.08519   -0.07644   -0.05599   -0.04186   -0.03730
  -0.02102   -0.01787   -0.01394    0.00217    0.00939    0.01594    0.01887    0.03540
   0.03755    0.06028    0.09003    0.17593    0.20094
 kpt#   2, nband= 77, wtk=  0.12500, kpt=  0.1875  0.0625  0.2500 (reduced coord)
  -1.69867   -1.69718   -1.69699   -1.69494   -1.69454   -1.69440   -1.69355   -1.69297
  -1.69203   -1.69155   -1.69101   -1.69009   -1.68769   -1.68666   -1.68595   -1.67151
  -1.67104   -1.67030   -1.66979   -1.66851   -1.66805   -1.66758   -1.66685   -1.66649
  -1.66624   -0.69443   -0.69260   -0.69249   -0.69212   -0.69202   -0.68523   -0.68489
  -0.68344   -0.68329   -0.68325   -0.68318   -0.68312   -0.68307   -0.68301   -0.68296
  -0.68288   -0.68276   -0.68266   -0.68252   -0.68242   -0.68215   -0.68139   -0.68133
  -0.68095   -0.68087   -0.43735   -0.42234   -0.40095   -0.37863   -0.37405   -0.17420
  -0.17232   -0.14916   -0.13455   -0.10468   -0.08978   -0.05489   -0.03583   -0.03377
  -0.01258    0.00106    0.00416    0.00871    0.01421    0.02077    0.02210    0.05594
   0.06811    0.07971    0.09280    0.17645    0.17912
 kpt#   3, nband= 77, wtk=  0.12500, kpt=  0.3125  0.0625  0.2500 (reduced coord)
  -1.69692   -1.69614   -1.69605   -1.69518   -1.69430   -1.69384   -1.69226   -1.69206
  -1.69116   -1.69020   -1.68965   -1.68814   -1.68724   -1.68536   -1.68369   -1.67103
  -1.66970   -1.66872   -1.66814   -1.66766   -1.66744   -1.66645   -1.66609   -1.66549
  -1.66504   -0.69412   -0.69239   -0.69223   -0.69199   -0.69192   -0.68482   -0.68460
  -0.68345   -0.68329   -0.68316   -0.68310   -0.68298   -0.68290   -0.68282   -0.68272
  -0.68263   -0.68248   -0.68235   -0.68207   -0.68191   -0.68164   -0.68148   -0.68118
  -0.68111   -0.68083   -0.42580   -0.41346   -0.39689   -0.37627   -0.37487   -0.19567
  -0.19251   -0.17158   -0.16135   -0.13814   -0.08086   -0.03997   -0.02091   -0.02053
  -0.01320    0.00107    0.02016    0.02335    0.02443    0.03037    0.04407    0.08053
   0.09010    0.10166    0.10619    0.14535    0.15546
 kpt#   4, nband= 77, wtk=  0.12500, kpt=  0.4375  0.0625  0.2500 (reduced coord)
  -1.69818   -1.69704   -1.69616   -1.69519   -1.69479   -1.69413   -1.69363   -1.69277
  -1.69222   -1.69148   -1.69070   -1.68965   -1.68907   -1.68606   -1.68543   -1.67198
  -1.67087   -1.66962   -1.66914   -1.66846   -1.66807   -1.66786   -1.66704   -1.66654
  -1.66579   -0.69402   -0.69272   -0.69234   -0.69226   -0.69198   -0.68461   -0.68444
  -0.68362   -0.68340   -0.68330   -0.68326   -0.68309   -0.68302   -0.68294   -0.68282
  -0.68277   -0.68272   -0.68249   -0.68241   -0.68231   -0.68208   -0.68167   -0.68128
  -0.68121   -0.68087   -0.41161   -0.40542   -0.39971   -0.37599   -0.37514   -0.21017
  -0.20363   -0.18147   -0.17973   -0.16344   -0.06165   -0.03738   -0.01679   -0.00190
   0.00119    0.00901    0.01322    0.02379    0.03048    0.03647    0.07734    0.09741
   0.10041    0.10316    0.12519    0.13086    0.13145
 kpt#   5, nband= 77, wtk=  0.06250, kpt=  0.1875  0.1875  0.2500 (reduced coord)
  -1.69727   -1.69668   -1.69556   -1.69439   -1.69419   -1.69351   -1.69210   -1.69196
  -1.69069   -1.69061   -1.69028   -1.68927   -1.68668   -1.68652   -1.68395   -1.67137
  -1.67005   -1.66980   -1.66895   -1.66778   -1.66748   -1.66631   -1.66619   -1.66502
  -1.66412   -0.69425   -0.69234   -0.69223   -0.69206   -0.69196   -0.68502   -0.68476
  -0.68326   -0.68313   -0.68309   -0.68305   -0.68295   -0.68291   -0.68285   -0.68284
  -0.68280   -0.68268   -0.68243   -0.68226   -0.68208   -0.68172   -0.68140   -0.68123
  -0.68088   -0.68087   -0.43122   -0.41725   -0.39760   -0.37620   -0.37319   -0.17945
  -0.17710   -0.15363   -0.14244   -0.11550   -0.08387   -0.08104   -0.06160   -0.03710
  -0.02445   -0.01175    0.00034    0.00042    0.02287    0.03202    0.05077    0.08360
   0.08411    0.09901    0.10568    0.15773    0.15803
 kpt#   6, nband= 77, wtk=  0.12500, kpt=  0.3125  0.1875  0.2500 (reduced coord)
  -1.69724   -1.69678   -1.69582   -1.69544   -1.69490   -1.69352   -1.69334   -1.69180
  -1.69088   -1.69032   -1.68973   -1.68860   -1.68752   -1.68661   -1.68565   -1.67187
  -1.67046   -1.66895   -1.66849   -1.66820   -1.66783   -1.66695   -1.66635   -1.66573
  -1.66552   -0.69406   -0.69303   -0.69222   -0.69200   -0.69177   -0.68488   -0.68449
  -0.68368   -0.68360   -0.68341   -0.68327   -0.68313   -0.68297   -0.68294   -0.68279
  -0.68260   -0.68241   -0.68236   -0.68225   -0.68196   -0.68165   -0.68148   -0.68129
  -0.68106   -0.68085   -0.42015   -0.40884   -0.39398   -0.37337   -0.37228   -0.19142
  -0.18727   -0.16445   -0.15867   -0.13652   -0.08155   -0.07552   -0.06071   -0.04034
  -0.01867   -0.01311   -0.01174   -0.00432    0.01708    0.02432    0.06175    0.07793
   0.07896    0.09590    0.10423    0.15301    0.15640
 kpt#   7, nband= 77, wtk=  0.12500, kpt=  0.4375  0.1875  0.2500 (reduced coord)
  -1.69721   -1.69661   -1.69625   -1.69500   -1.69458   -1.69416   -1.69362   -1.69273
  -1.69184   -1.69147   -1.69014   -1.68968   -1.68782   -1.68713   -1.68574   -1.67178
  -1.67059   -1.66988   -1.66920   -1.66887   -1.66804   -1.66760   -1.66697   -1.66672
  -1.66457   -0.69399   -0.69317   -0.69232   -0.69198   -0.69190   -0.68459   -0.68455
  -0.68390   -0.68371   -0.68345   -0.68335   -0.68324   -0.68308   -0.68293   -0.68272
  -0.68265   -0.68258   -0.68247   -0.68231   -0.68212   -0.68183   -0.68161   -0.68132
  -0.68117   -0.68070   -0.40697   -0.40149   -0.39644   -0.37220   -0.37136   -0.20203
  -0.19514   -0.17344   -0.17069   -0.15586   -0.06060   -0.06053   -0.04124   -0.03765
  -0.03092   -0.02270   -0.01512   -0.00643    0.01177    0.01530    0.05061    0.05782
   0.06516    0.07259    0.10024    0.15309    0.17147
 kpt#   8, nband= 77, wtk=  0.06250, kpt=  0.3125  0.3125  0.2500 (reduced coord)
  -1.69794   -1.69695   -1.69634   -1.69579   -1.69520   -1.69496   -1.69359   -1.69290
  -1.69128   -1.69117   -1.68984   -1.68902   -1.68797   -1.68742   -1.68605   -1.67294
  -1.67179   -1.66942   -1.66939   -1.66883   -1.66822   -1.66733   -1.66665   -1.66579
  -1.66561   -0.69393   -0.69365   -0.69220   -0.69217   -0.69164   -0.68482   -0.68436
  -0.68429   -0.68422   -0.68364   -0.68339   -0.68338   -0.68320   -0.68301   -0.68295
  -0.68267   -0.68232   -0.68224   -0.68224   -0.68188   -0.68163   -0.68156   -0.68145
  -0.68106   -0.68093   -0.41033   -0.40151   -0.39083   -0.36935   -0.36845   -0.18739
  -0.18115   -0.15718   -0.15448   -0.13737   -0.10859   -0.08862   -0.06332   -0.06082
  -0.03639   -0.03087   -0.02211   -0.02203   -0.01169   -0.00052    0.02814    0.04472
   0.05829    0.07103    0.09184    0.17168    0.18882
 kpt#   9, nband= 77, wtk=  0.12500, kpt=  0.4375  0.3125  0.2500 (reduced coord)
  -1.69781   -1.69629   -1.69589   -1.69514   -1.69435   -1.69390   -1.69321   -1.69249
  -1.69117   -1.69087   -1.69060   -1.68944   -1.68907   -1.68742   -1.68610   -1.67157
  -1.67059   -1.67003   -1.66943   -1.66880   -1.66821   -1.66784   -1.66675   -1.66654
  -1.66465   -0.69375   -0.69365   -0.69228   -0.69221   -0.69168   -0.68476   -0.68443
  -0.68424   -0.68415   -0.68351   -0.68339   -0.68329   -0.68324   -0.68305   -0.68299
  -0.68248   -0.68236   -0.68222   -0.68198   -0.68192   -0.68169   -0.68156   -0.68143
  -0.68113   -0.68103   -0.39951   -0.39553   -0.39194   -0.36649   -0.36567   -0.18742
  -0.17966   -0.15882   -0.15401   -0.14210   -0.09996   -0.08595   -0.06708   -0.06009
  -0.05991   -0.04684   -0.03743   -0.03556   -0.01898   -0.01329    0.01013    0.01349
   0.03649    0.05253    0.09464    0.16723    0.21186
 kpt#  10, nband= 77, wtk=  0.06250, kpt=  0.4375  0.4375  0.2500 (reduced coord)
  -1.69782   -1.69767   -1.69704   -1.69599   -1.69498   -1.69463   -1.69415   -1.69319
  -1.69303   -1.69212   -1.69063   -1.68912   -1.68866   -1.68596   -1.68584   -1.67143
  -1.67142   -1.67015   -1.67006   -1.66989   -1.66935   -1.66714   -1.66582   -1.66509
  -1.66501   -0.69397   -0.69371   -0.69238   -0.69219   -0.69169   -0.68489   -0.68457
  -0.68437   -0.68431   -0.68384   -0.68359   -0.68336   -0.68318   -0.68317   -0.68302
  -0.68246   -0.68240   -0.68226   -0.68197   -0.68194   -0.68173   -0.68164   -0.68158
  -0.68101   -0.68090   -0.39268   -0.39099   -0.38963   -0.36217   -0.36137   -0.17270
  -0.16359   -0.14315   -0.13768   -0.12483   -0.12105   -0.10462   -0.09447   -0.09087
  -0.07898   -0.06662   -0.05138   -0.04552   -0.03607   -0.03144   -0.02144   -0.01746
   0.03573    0.04852    0.09627    0.17644    0.22992
