 Eigenvalues (hartree) for nkpt=  10  k points:
 kpt#   1, nband=180, wtk=  0.06250, kpt=  0.0625  0.0625  0.2500 (reduced coord)
  -1.69919   -1.69905   -1.69770   -1.69724   -1.69579   -1.69560   -1.69428   -1.69410
  -1.69328   -1.69319   -1.69185   -1.68966   -1.68949   -1.68639   -1.68605   -1.67289
  -1.67174   -1.67157   -1.67049   -1.66983   -1.66887   -1.66818   -1.66754   -1.66656
  -1.66643   -0.69467   -0.69283   -0.69282   -0.69213   -0.69206   -0.68549   -0.68518
  -0.68390   -0.68358   -0.68343   -0.68342   -0.68336   -0.68324   -0.68319   -0.68304
  -0.68300   -0.68285   -0.68267   -0.68260   -0.68252   -0.68236   -0.68143   -0.68129
  -0.68093   -0.68092   -0.44365   -0.42761   -0.40455   -0.38084   -0.37408   -0.15865
  -0.15539   -0.12707   -0.11751   -0.08519   -0.07644   -0.05599   -0.04186   -0.03730
  -0.02102   -0.01787   -0.01394    0.00217    0.00939    0.01594    0.01887    0.03540
   0.03755    0.06028    0.09003    0.17593    0.20094    0.21630    0.23580    0.24009
   0.24444    0.25579    0.25698    0.26160    0.27056    0.27306    0.27511    0.29237
   0.29673    0.30077    0.30983    0.31095    0.32279    0.32601    0.33559    0.34341
   0.34444    0.35809    0.36297    0.39387    0.40616    0.41651    0.43838    0.44907
   0.45640    0.45977    0.46471    0.47753    0.48418    0.50081    0.50444    0.50959
   0.51570    0.52047    0.52361    0.53180    0.54391    0.54876    0.55095    0.56154
   0.56588    0.56971    0.57474    0.59542    0.59972    0.60760    0.61720    0.62250
   0.62664    0.63189    0.64085    0.65030    0.65095    0.67777    0.67926    0.68031
   0.69027    0.69653    0.69969    0.70725    0.71058    0.72797    0.74669    0.75164
   0.75881    0.75959    0.76307    0.77143    0.77866    0.80256    0.80432    0.82211
   0.82314    0.82915    0.83450    0.84691    0.84991    0.85712    0.86268    0.87398
   0.87850    0.90088    0.90376    0.90654    0.91101    0.91354    0.91459    0.92765
   0.93047    0.93440    0.93704    0.94230    0.94504    0.95277    0.95618    0.95679
   0.97386    0.97761    0.97821    0.98282
 kpt#   2, nband=180, wtk=  0.12500, kpt=  0.1875  0.0625  0.2500 (reduced coord)
  -1.69867   -1.69718   -1.69699   -1.69494   -1.69454   -1.69440   -1.69355   -1.69297
  -1.69203   -1.69155   -1.69101   -1.69009   -1.68769   -1.68666   -1.68595   -1.67151
  -1.67104   -1.67030   -1.66979   -1.66851   -1.66805   -1.66758   -1.66685   -1.66649
  -1.66624   -0.69443   -0.69260   -0.69249   -0.69212   -0.69202   -0.68523   -0.68489
  -0.68344   -0.68329   -0.68325   -0.68318   -0.68312   -0.68307   -0.68301   -0.68296
  -0.68288   -0.68276   -0.68266   -0.68252   -0.68242   -0.68215   -0.68139   -0.68133
  -0.68095   -0.68087   -0.43735   -0.42234   -0.40095   -0.37863   -0.37405   -0.17420
  -0.17232   -0.14916   -0.13455   -0.10468   -0.08978   -0.05489   -0.03583   -0.03377
  -0.01258    0.00106    0.00416    0.00871    0.01421    0.02077    0.02210    0.05594
   0.06811    0.07971    0.09280    0.17645    0.17912    0.19499    0.21014    0.21280
   0.23769    0.23851    0.24133    0.24523    0.24909    0.25868    0.26470    0.26555
   0.27921    0.28799    0.31191    0.31622    0.31982    0.32996    0.33675    0.34751
   0.35431    0.36611    0.37718    0.38737    0.41714    0.42724    0.43173    0.45887
   0.47322    0.48157    0.49021    0.50265    0.50497    0.50659    0.51405    0.52466
   0.53145    0.53973    0.54760    0.55021    0.55301    0.55699    0.56509    0.56973
   0.57824    0.58152    0.59136    0.59966    0.60902    0.61262    0.61680    0.62485
   0.63145    0.64471    0.64666    0.65971    0.66984    0.68457    0.68515    0.68967
   0.69561    0.70450    0.71619    0.72065    0.72650    0.74650    0.74800    0.75322
   0.76260    0.77034    0.77888    0.78674    0.78979    0.79282    0.79807    0.80467
   0.80974    0.82403    0.82778    0.83054    0.83468    0.84170    0.84767    0.85097
   0.85562    0.86771    0.87656    0.89127    0.89346    0.89921    0.90424    0.90835
   0.91907    0.92507    0.92682    0.93090    0.93508    0.93780    0.95429    0.96278
   0.97419    0.97792    0.98293    0.98712
 kpt#   3, nband=180, wtk=  0.12500, kpt=  0.3125  0.0625  0.2500 (reduced coord)
  -1.69692   -1.69614   -1.69605   -1.69518   -1.69430   -1.69384   -1.69226   -1.69206
  -1.69116   -1.69020   -1.68965   -1.68814   -1.68724   -1.68536   -1.68369   -1.67103
  -1.66970   -1.66872   -1.66814   -1.66766   -1.66744   -1.66645   -1.66609   -1.66549
  -1.66504   -0.69412   -0.69239   -0.69223   -0.69199   -0.69192   -0.68482   -0.68460
  -0.68345   -0.68329   -0.68316   -0.68310   -0.68298   -0.68290   -0.68282   -0.68272
  -0.68263   -0.68248   -0.68235   -0.68207   -0.68191   -0.68164   -0.68148   -0.68118
  -0.68111   -0.68083   -0.42580   -0.41346   -0.39689   -0.37627   -0.37487   -0.19567
  -0.19251   -0.17158   -0.16135   -0.13814   -0.08086   -0.03997   -0.02091   -0.02053
  -0.01320    0.00107    0.02016    0.02335    0.02443    0.03037    0.04407    0.08053
   0.09010    0.10166    0.10619    0.14535    0.15546    0.16482    0.17649    0.18770
   0.19158    0.20264    0.20559    0.21684    0.21882    0.24502    0.25709    0.25917
   0.27117    0.28970    0.31870    0.32494    0.34042    0.34983    0.35508    0.36506
   0.37658    0.38733    0.39483    0.41259    0.42786    0.43781    0.43925    0.44856
   0.45252    0.46562    0.48606    0.50462    0.50901    0.51978    0.53240    0.54330
   0.54776    0.56079    0.56420    0.56714    0.57568    0.57908    0.59069    0.59911
   0.60415    0.61733    0.62007    0.62635    0.63404    0.63599    0.63671    0.64163
   0.64736    0.65841    0.66698    0.67232    0.68535    0.69032    0.69275    0.69695
   0.70001    0.70253    0.70935    0.72092    0.72233    0.72919    0.73411    0.73512
   0.75942    0.76288    0.76465    0.76656    0.77895    0.78548    0.79366    0.79868
   0.80826    0.81503    0.82489    0.82911    0.84151    0.84703    0.85094    0.85674
   0.86764    0.87496    0.87806    0.88591    0.89521    0.90812    0.91206    0.91801
   0.92172    0.92754    0.92882    0.93719    0.94028    0.94191    0.94856    0.95088
   0.95621    0.95890    0.97089    0.97314
 kpt#   4, nband=180, wtk=  0.12500, kpt=  0.4375  0.0625  0.2500 (reduced coord)
  -1.69818   -1.69704   -1.69616   -1.69519   -1.69479   -1.69413   -1.69363   -1.69277
  -1.69222   -1.69148   -1.69070   -1.68965   -1.68907   -1.68606   -1.68543   -1.67198
  -1.67087   -1.66962   -1.66914   -1.66846   -1.66807   -1.66786   -1.66704   -1.66654
  -1.66579   -0.69402   -0.69272   -0.69234   -0.69226   -0.69198   -0.68461   -0.68444
  -0.68362   -0.68340   -0.68330   -0.68326   -0.68309   -0.68302   -0.68294   -0.68282
  -0.68277   -0.68272   -0.68249   -0.68241   -0.68231   -0.68208   -0.68167   -0.68128
  -0.68121   -0.68087   -0.41161   -0.40542   -0.39971   -0.37599   -0.37514   -0.21017
  -0.20363   -0.18147   -0.17973   -0.16344   -0.06165   -0.03738   -0.01679   -0.00190
   0.00119    0.00901    0.01322    0.02379    0.03048    0.03647    0.07734    0.09741
   0.10041    0.10316    0.12519    0.13086    0.13145    0.15098    0.15285    0.16293
   0.16594    0.17757    0.18966    0.19501    0.20816    0.21267    0.22271    0.24232
   0.27639    0.30199    0.30973    0.33770    0.34675    0.37124    0.38547    0.39470
   0.40687    0.41396    0.42347    0.42474    0.43724    0.45414    0.45743    0.46575
   0.47440    0.47642    0.49989    0.50495    0.50645    0.51440    0.51714    0.52591
   0.52925    0.53869    0.55116    0.56324    0.56979    0.57720    0.58360    0.59113
   0.60074    0.61027    0.61242    0.61704    0.63165    0.64052    0.64465    0.66145
   0.67037    0.67623    0.68330    0.68446    0.69012    0.69646    0.70877    0.70919
   0.72116    0.73051    0.73196    0.73916    0.74483    0.75141    0.75544    0.76329
   0.77296    0.78178    0.78271    0.78965    0.79511    0.79686    0.79748    0.80343
   0.80714    0.81422    0.82465    0.82935    0.83852    0.84383    0.84535    0.85724
   0.86061    0.86502    0.87110    0.87320    0.88119    0.88584    0.89718    0.90030
   0.90224    0.91703    0.91919    0.92300    0.92896    0.93554    0.94864    0.95370
   0.95895    0.96222    0.97010    0.97368
 kpt#   5, nband=180, wtk=  0.06250, kpt=  0.1875  0.1875  0.2500 (reduced coord)
  -1.69727   -1.69668   -1.69556   -1.69439   -1.69419   -1.69351   -1.69210   -1.69196
  -1.69069   -1.69061   -1.69028   -1.68927   -1.68668   -1.68652   -1.68395   -1.67137
  -1.67005   -1.66980   -1.66895   -1.66778   -1.66748   -1.66631   -1.66619   -1.66502
  -1.66412   -0.69425   -0.69234   -0.69223   -0.69206   -0.69196   -0.68502   -0.68476
  -0.68326   -0.68313   -0.68309   -0.68305   -0.68295   -0.68291   -0.68285   -0.68284
  -0.68280   -0.68268   -0.68243   -0.68226   -0.68208   -0.68172   -0.68140   -0.68123
  -0.68088   -0.68087   -0.43122   -0.41725   -0.39760   -0.37620   -0.37319   -0.17945
  -0.17710   -0.15363   -0.14244   -0.11550   -0.08387   -0.08104   -0.06160   -0.03710
  -0.02445   -0.01175    0.00034    0.00042    0.02287    0.03202    0.05077    0.08360
   0.08411    0.09901    0.10568    0.15773    0.15803    0.17470    0.18248    0.18549
   0.19958    0.20576    0.25540    0.25689    0.25998    0.26385    0.27292    0.27659
   0.28469    0.29054    0.30337    0.33255    0.33782    0.34812    0.35580    0.35837
   0.37096    0.38699    0.40804    0.41106    0.41832    0.43553    0.44030    0.45724
   0.46156    0.46233    0.46896    0.47537    0.48325    0.50242    0.50526    0.50934
   0.53209    0.53815    0.53941    0.54404    0.55268    0.55461    0.57305    0.58673
   0.59393    0.60247    0.61248    0.61320    0.62136    0.64565    0.64729    0.64940
   0.65639    0.65837    0.67079    0.68758    0.68889    0.69443    0.70081    0.70655
   0.70957    0.71317    0.71347    0.72136    0.73969    0.74819    0.75324    0.76548
   0.76619    0.77167    0.77802    0.78194    0.78725    0.79007    0.80532    0.80823
   0.81119    0.81262    0.82254    0.82678    0.83229    0.84502    0.85119    0.85489
   0.85705    0.85997    0.86271    0.87329    0.87651    0.87959    0.88234    0.89892
   0.89934    0.90869    0.91428    0.92165    0.92869    0.93783    0.94790    0.94790
   0.94844    0.95759    0.96311    0.97119
 kpt#   6, nband=180, wtk=  0.12500, kpt=  0.3125  0.1875  0.2500 (reduced coord)
  -1.69724   -1.69678   -1.69582   -1.69544   -1.69490   -1.69352   -1.69334   -1.69180
  -1.69088   -1.69032   -1.68973   -1.68860   -1.68752   -1.68661   -1.68565   -1.67187
  -1.67046   -1.66895   -1.66849   -1.66820   -1.66783   -1.66695   -1.66635   -1.66573
  -1.66552   -0.69406   -0.69303   -0.69222   -0.69200   -0.69177   -0.68488   -0.68449
  -0.68368   -0.68360   -0.68341   -0.68327   -0.68313   -0.68297   -0.68294   -0.68279
  -0.68260   -0.68241   -0.68236   -0.68225   -0.68196   -0.68165   -0.68148   -0.68129
  -0.68106   -0.68085   -0.42015   -0.40884   -0.39398   -0.37337   -0.37228   -0.19142
  -0.18727   -0.16445   -0.15867   -0.13652   -0.08155   -0.07552   -0.06071   -0.04034
  -0.01867   -0.01311   -0.01174   -0.00432    0.01708    0.02432    0.06175    0.07793
   0.07896    0.09590    0.10423    0.15301    0.15640    0.16660    0.17723    0.18283
   0.19661    0.20306    0.24732    0.25355    0.25523    0.26805    0.28074    0.28156
   0.29345    0.29576    0.30866    0.31358    0.33533    0.35398    0.37860    0.38271
   0.39124    0.39931    0.40322    0.41222    0.42766    0.43647    0.44315    0.45522
   0.46521    0.46947    0.47756    0.48816    0.50538    0.50882    0.51351    0.52792
   0.53471    0.54666    0.55733    0.56026    0.56520    0.57171    0.58412    0.59498
   0.60896    0.60994    0.61291    0.62691    0.63477    0.64032    0.65379    0.65648
   0.65833    0.66673    0.67156    0.68754    0.69624    0.70379    0.71058    0.71479
   0.71704    0.72281    0.72487    0.72820    0.73120    0.74757    0.75804    0.76100
   0.76940    0.77483    0.77977    0.78301    0.79445    0.79916    0.80269    0.80944
   0.81913    0.82038    0.82237    0.82597    0.83512    0.83968    0.84253    0.84709
   0.85672    0.86237    0.86453    0.86882    0.87002    0.87609    0.88446    0.89298
   0.90133    0.91319    0.91991    0.92306    0.93075    0.93397    0.94050    0.94644
   0.94830    0.95103    0.96127    0.96603
 kpt#   7, nband=180, wtk=  0.12500, kpt=  0.4375  0.1875  0.2500 (reduced coord)
  -1.69721   -1.69661   -1.69625   -1.69500   -1.69458   -1.69416   -1.69362   -1.69273
  -1.69184   -1.69147   -1.69014   -1.68968   -1.68782   -1.68713   -1.68574   -1.67178
  -1.67059   -1.66988   -1.66920   -1.66887   -1.66804   -1.66760   -1.66697   -1.66672
  -1.66457   -0.69399   -0.69317   -0.69232   -0.69198   -0.69190   -0.68459   -0.68455
  -0.68390   -0.68371   -0.68345   -0.68335   -0.68324   -0.68308   -0.68293   -0.68272
  -0.68265   -0.68258   -0.68247   -0.68231   -0.68212   -0.68183   -0.68161   -0.68132
  -0.68117   -0.68070   -0.40697   -0.40149   -0.39644   -0.37220   -0.37136   -0.20203
  -0.19514   -0.17344   -0.17069   -0.15586   -0.06060   -0.06053   -0.04124   -0.03765
  -0.03092   -0.02270   -0.01512   -0.00643    0.01177    0.01530    0.05061    0.05782
   0.06516    0.07259    0.10024    0.15309    0.17147    0.17908    0.18532    0.20395
   0.20504    0.21033    0.23387    0.24738    0.25261    0.26450    0.26808    0.27232
   0.28521    0.29338    0.30690    0.32604    0.34290    0.34707    0.36463    0.37642
   0.38855    0.39749    0.42604    0.43655    0.44157    0.46002    0.46114    0.47030
   0.49214    0.49940    0.50739    0.51336    0.51658    0.51921    0.52988    0.54187
   0.54347    0.54581    0.54855    0.56517    0.56997    0.57383    0.57887    0.59530
   0.59750    0.60486    0.61265    0.61877    0.61968    0.63222    0.63649    0.64644
   0.65688    0.66622    0.66855    0.68683    0.68983    0.69758    0.70259    0.70522
   0.71439    0.73056    0.73169    0.73927    0.74700    0.74851    0.75749    0.76679
   0.76867    0.77648    0.78306    0.79064    0.80263    0.80389    0.80993    0.81301
   0.82185    0.82518    0.83471    0.83736    0.84378    0.84695    0.85138    0.86211
   0.86246    0.86981    0.87670    0.87944    0.88585    0.89359    0.89705    0.90371
   0.90692    0.90820    0.91034    0.91588    0.92017    0.93033    0.93377    0.94048
   0.94569    0.95195    0.95481    0.95943
 kpt#   8, nband=180, wtk=  0.06250, kpt=  0.3125  0.3125  0.2500 (reduced coord)
  -1.69794   -1.69695   -1.69634   -1.69579   -1.69520   -1.69496   -1.69359   -1.69290
  -1.69128   -1.69117   -1.68984   -1.68902   -1.68797   -1.68742   -1.68605   -1.67294
  -1.67179   -1.66942   -1.66939   -1.66883   -1.66822   -1.66733   -1.66665   -1.66579
  -1.66561   -0.69393   -0.69365   -0.69220   -0.69217   -0.69164   -0.68482   -0.68436
  -0.68429   -0.68422   -0.68364   -0.68339   -0.68338   -0.68320   -0.68301   -0.68295
  -0.68267   -0.68232   -0.68224   -0.68224   -0.68188   -0.68163   -0.68156   -0.68145
  -0.68106   -0.68093   -0.41033   -0.40151   -0.39083   -0.36935   -0.36845   -0.18739
  -0.18115   -0.15718   -0.15448   -0.13737   -0.10859   -0.08862   -0.06332   -0.06082
  -0.03639   -0.03087   -0.02211   -0.02203   -0.01169   -0.00052    0.02814    0.04472
   0.05829    0.07103    0.09184    0.17168    0.18882    0.19103    0.20339    0.23201
   0.23443    0.24755    0.24963    0.25153    0.26738    0.28188    0.28741    0.29729
   0.30046    0.31876    0.32208    0.32221    0.33123    0.35658    0.36358    0.37906
   0.38039    0.42680    0.42816    0.43397    0.43493    0.44323    0.46204    0.46283
   0.46821    0.47159    0.49328    0.49372    0.50359    0.51278    0.51987    0.52299
   0.52903    0.54168    0.55214    0.56085    0.56795    0.57763    0.58048    0.58072
   0.60068    0.61411    0.62635    0.64373    0.64667    0.65367    0.65984    0.67392
   0.68125    0.68311    0.68311    0.68889    0.69242    0.70524    0.70667    0.70864
   0.70953    0.71321    0.71411    0.71626    0.73715    0.73732    0.75465    0.75808
   0.76697    0.76716    0.77425    0.77815    0.79310    0.79422    0.80594    0.81253
   0.81871    0.82059    0.82751    0.83191    0.83334    0.83635    0.83790    0.84349
   0.85342    0.86409    0.87005    0.87472    0.87778    0.88523    0.88894    0.89589
   0.89614    0.89986    0.90570    0.91722    0.91849    0.92305    0.92614    0.93044
   0.94036    0.94473    0.94599    0.94903
 kpt#   9, nband=180, wtk=  0.12500, kpt=  0.4375  0.3125  0.2500 (reduced coord)
  -1.69781   -1.69629   -1.69589   -1.69514   -1.69435   -1.69390   -1.69321   -1.69249
  -1.69117   -1.69087   -1.69060   -1.68944   -1.68907   -1.68742   -1.68610   -1.67157
  -1.67059   -1.67003   -1.66943   -1.66880   -1.66821   -1.66784   -1.66675   -1.66654
  -1.66465   -0.69375   -0.69365   -0.69228   -0.69221   -0.69168   -0.68476   -0.68443
  -0.68424   -0.68415   -0.68351   -0.68339   -0.68329   -0.68324   -0.68305   -0.68299
  -0.68248   -0.68236   -0.68222   -0.68198   -0.68192   -0.68169   -0.68156   -0.68143
  -0.68113   -0.68103   -0.39951   -0.39553   -0.39194   -0.36649   -0.36567   -0.18742
  -0.17966   -0.15882   -0.15401   -0.14210   -0.09996   -0.08595   -0.06708   -0.06009
  -0.05991   -0.04684   -0.03743   -0.03556   -0.01898   -0.01329    0.01013    0.01349
   0.03649    0.05253    0.09464    0.16723    0.21186    0.22966    0.23825    0.23987
   0.24234    0.26031    0.26572    0.27344    0.27505    0.28710    0.29158    0.30736
   0.31169    0.31604    0.32109    0.33086    0.33461    0.34533    0.35386    0.37162
   0.38376    0.39326    0.41312    0.42999    0.45159    0.46448    0.47622    0.48623
   0.48919    0.49938    0.51146    0.51410    0.52152    0.53255    0.54142    0.54564
   0.55767    0.56576    0.56730    0.57413    0.57770    0.58396    0.59226    0.59419
   0.60388    0.60634    0.60898    0.61976    0.62831    0.63019    0.63507    0.64270
   0.64587    0.65557    0.66643    0.67698    0.68299    0.69089    0.70096    0.70673
   0.71421    0.72223    0.72516    0.72652    0.72968    0.73803    0.74806    0.75228
   0.75914    0.77018    0.77299    0.78021    0.78204    0.78681    0.79220    0.79742
   0.80471    0.81007    0.82479    0.83151    0.83629    0.83848    0.84080    0.84661
   0.85549    0.85733    0.86495    0.86910    0.87997    0.88245    0.88635    0.88856
   0.89422    0.89570    0.90471    0.90850    0.91437    0.92784    0.93019    0.93443
   0.93740    0.94521    0.94818    0.95817
 kpt#  10, nband=180, wtk=  0.06250, kpt=  0.4375  0.4375  0.2500 (reduced coord)
  -1.69782   -1.69767   -1.69704   -1.69599   -1.69498   -1.69463   -1.69415   -1.69319
  -1.69303   -1.69212   -1.69063   -1.68912   -1.68866   -1.68596   -1.68584   -1.67143
  -1.67142   -1.67015   -1.67006   -1.66989   -1.66935   -1.66714   -1.66582   -1.66509
  -1.66501   -0.69397   -0.69371   -0.69238   -0.69219   -0.69169   -0.68489   -0.68457
  -0.68437   -0.68431   -0.68384   -0.68359   -0.68336   -0.68318   -0.68317   -0.68302
  -0.68246   -0.68240   -0.68226   -0.68197   -0.68194   -0.68173   -0.68164   -0.68158
  -0.68101   -0.68090   -0.39268   -0.39099   -0.38963   -0.36217   -0.36137   -0.17270
  -0.16359   -0.14315   -0.13768   -0.12483   -0.12105   -0.10462   -0.09447   -0.09087
  -0.07898   -0.06662   -0.05138   -0.04552   -0.03607   -0.03144   -0.02144   -0.01746
   0.03573    0.04852    0.09627    0.17644    0.22992    0.23278    0.23703    0.24254
   0.26613    0.26853    0.29009    0.29556    0.30837    0.31101    0.31962    0.32140
   0.32970    0.33040    0.34194    0.34247    0.34467    0.35573    0.36622    0.37390
   0.38584    0.41044    0.41620    0.42274    0.44169    0.45345    0.45451    0.47133
   0.50389    0.50463    0.52769    0.53751    0.54529    0.54700    0.55520    0.56024
   0.56450    0.56545    0.57496    0.58209    0.58245    0.58356    0.60587    0.60826
   0.61132    0.61311    0.62057    0.62773    0.63256    0.63276    0.63917    0.64698
   0.65353    0.65868    0.66715    0.66738    0.67695    0.68055    0.68235    0.68330
   0.68711    0.70043    0.70266    0.70788    0.71004    0.72171    0.73276    0.73929
   0.74815    0.75110    0.75230    0.75332    0.75864    0.77370    0.77735    0.78150
   0.78380    0.79434    0.79572    0.80208    0.81348    0.81804    0.82426    0.83816
   0.84461    0.84720    0.85181    0.86368    0.86494    0.87213    0.87607    0.90048
   0.90324    0.90540    0.91135    0.91217    0.92799    0.92994    0.93268    0.94388
   0.94652    0.95456    0.96025    0.96513
