 Fermi (or HOMO) energy (hartree) =   0.13587   Average Vxc (hartree)=  -0.30765
 Eigenvalues (hartree) for nkpt=  10  k points:
 kpt#   1, nband= 92, wtk=  0.06250, kpt=  0.0625  0.0625  0.5000 (reduced coord)
  -1.68345   -1.68146   -1.68095   -1.67987   -1.67948   -1.67891   -1.67868   -1.67829
  -1.67755   -1.67739   -1.67665   -1.67644   -1.67625   -1.67489   -1.67447   -1.67413
  -1.67257   -1.67197   -1.66892   -1.66807   -1.65461   -1.65457   -1.65451   -1.65380
  -1.65259   -1.65133   -1.64996   -1.64970   -1.64955   -1.64858   -0.67663   -0.67503
  -0.67460   -0.67440   -0.67404   -0.67399   -0.67358   -0.67335   -0.67292   -0.67282
  -0.66870   -0.66861   -0.66755   -0.66725   -0.66723   -0.66701   -0.66695   -0.66688
  -0.66612   -0.66607   -0.66602   -0.66591   -0.66591   -0.66582   -0.66574   -0.66564
  -0.66551   -0.66521   -0.66508   -0.66492   -0.42929   -0.41720   -0.40100   -0.38083
  -0.36145   -0.35753   -0.14589   -0.14359   -0.12014   -0.11658   -0.08451   -0.08151
  -0.05570   -0.04198   -0.03490   -0.02772   -0.01303   -0.01208   -0.00980    0.00621
   0.01089    0.02355    0.02948    0.03001    0.03559    0.04129    0.05393    0.05569
   0.09490    0.10622    0.19092    0.21199
 kpt#   2, nband= 92, wtk=  0.12500, kpt=  0.1875  0.0625  0.5000 (reduced coord)
  -1.68170   -1.68122   -1.68038   -1.67900   -1.67881   -1.67761   -1.67735   -1.67695
  -1.67630   -1.67530   -1.67527   -1.67461   -1.67454   -1.67391   -1.67326   -1.67228
  -1.67198   -1.67049   -1.67046   -1.66809   -1.65434   -1.65404   -1.65271   -1.65238
  -1.65112   -1.65080   -1.65009   -1.64962   -1.64893   -1.64824   -0.67608   -0.67489
  -0.67429   -0.67408   -0.67399   -0.67378   -0.67339   -0.67332   -0.67303   -0.67274
  -0.66819   -0.66816   -0.66718   -0.66703   -0.66701   -0.66699   -0.66685   -0.66669
  -0.66598   -0.66589   -0.66578   -0.66573   -0.66571   -0.66569   -0.66563   -0.66558
  -0.66556   -0.66520   -0.66518   -0.66510   -0.42290   -0.41152   -0.39649   -0.37833
  -0.35981   -0.35748   -0.16236   -0.15867   -0.13794   -0.13716   -0.10794   -0.08913
  -0.07932   -0.04253   -0.03069   -0.02645   -0.00833    0.00585    0.01209    0.01647
   0.01975    0.02823    0.03253    0.03682    0.03915    0.05845    0.08154    0.08688
   0.09893    0.11835    0.17798    0.20782
 kpt#   3, nband= 92, wtk=  0.12500, kpt=  0.3125  0.0625  0.5000 (reduced coord)
  -1.68054   -1.68045   -1.67905   -1.67823   -1.67815   -1.67662   -1.67643   -1.67586
  -1.67559   -1.67406   -1.67340   -1.67333   -1.67179   -1.67162   -1.67154   -1.67108
  -1.67090   -1.67007   -1.66738   -1.66733   -1.65322   -1.65249   -1.65095   -1.65025
  -1.64986   -1.64881   -1.64848   -1.64833   -1.64758   -1.64745   -0.67540   -0.67462
  -0.67421   -0.67366   -0.67346   -0.67343   -0.67327   -0.67318   -0.67316   -0.67281
  -0.66758   -0.66754   -0.66696   -0.66687   -0.66680   -0.66669   -0.66622   -0.66610
  -0.66609   -0.66599   -0.66583   -0.66560   -0.66557   -0.66554   -0.66541   -0.66532
  -0.66515   -0.66506   -0.66498   -0.66498   -0.41110   -0.40155   -0.38961   -0.37695
  -0.35834   -0.35802   -0.18320   -0.17886   -0.16085   -0.15914   -0.13749   -0.12094
  -0.07156   -0.03045   -0.01565   -0.01114   -0.00291    0.00629    0.01935    0.02589
   0.03624    0.04114    0.04498    0.04517    0.05579    0.08482    0.10548    0.10984
   0.11426    0.13237    0.16437    0.16525
 kpt#   4, nband= 92, wtk=  0.12500, kpt=  0.4375  0.0625  0.5000 (reduced coord)
  -1.68093   -1.68086   -1.67952   -1.67944   -1.67845   -1.67820   -1.67675   -1.67668
  -1.67653   -1.67575   -1.67526   -1.67498   -1.67478   -1.67411   -1.67389   -1.67326
  -1.67254   -1.67231   -1.66935   -1.66822   -1.65434   -1.65337   -1.65263   -1.65177
  -1.65152   -1.65063   -1.65030   -1.65020   -1.64959   -1.64910   -0.67516   -0.67502
  -0.67436   -0.67407   -0.67377   -0.67375   -0.67352   -0.67351   -0.67312   -0.67303
  -0.66750   -0.66737   -0.66731   -0.66724   -0.66702   -0.66678   -0.66658   -0.66658
  -0.66618   -0.66609   -0.66599   -0.66593   -0.66580   -0.66575   -0.66560   -0.66556
  -0.66548   -0.66542   -0.66530   -0.66526   -0.39633   -0.39084   -0.38576   -0.38302
  -0.35832   -0.35831   -0.19542   -0.19291   -0.17389   -0.16982   -0.15590   -0.14716
  -0.05205   -0.02761   -0.01000    0.00753    0.01187    0.01343    0.02430    0.02806
   0.03731    0.03805    0.04805    0.05348    0.08961    0.11073    0.11333    0.11624
   0.12585    0.13393    0.14393    0.15011
 kpt#   5, nband= 92, wtk=  0.06250, kpt=  0.1875  0.1875  0.5000 (reduced coord)
  -1.68196   -1.68134   -1.68062   -1.67905   -1.67793   -1.67709   -1.67662   -1.67627
  -1.67606   -1.67551   -1.67540   -1.67459   -1.67416   -1.67326   -1.67319   -1.67272
  -1.67124   -1.67065   -1.66951   -1.66728   -1.65346   -1.65295   -1.65292   -1.65284
  -1.65080   -1.64995   -1.64942   -1.64941   -1.64933   -1.64801   -0.67608   -0.67481
  -0.67413   -0.67383   -0.67375   -0.67365   -0.67345   -0.67329   -0.67321   -0.67298
  -0.66818   -0.66814   -0.66703   -0.66702   -0.66674   -0.66663   -0.66657   -0.66656
  -0.66612   -0.66604   -0.66583   -0.66573   -0.66567   -0.66564   -0.66547   -0.66547
  -0.66541   -0.66535   -0.66522   -0.66520   -0.41667   -0.40601   -0.39216   -0.37603
  -0.35782   -0.35653   -0.16763   -0.16312   -0.14392   -0.14163   -0.11689   -0.09861
  -0.07470   -0.06710   -0.05232   -0.03349   -0.02481   -0.01136    0.00903    0.01041
   0.01730    0.02331    0.04326    0.04781    0.06341    0.08755    0.09899    0.10461
   0.11532    0.13587    0.16724    0.17076
 kpt#   6, nband= 92, wtk=  0.12500, kpt=  0.3125  0.1875  0.5000 (reduced coord)
  -1.68133   -1.68019   -1.67999   -1.67909   -1.67897   -1.67829   -1.67690   -1.67677
  -1.67585   -1.67514   -1.67479   -1.67455   -1.67375   -1.67299   -1.67295   -1.67170
  -1.67146   -1.67097   -1.67068   -1.66856   -1.65387   -1.65328   -1.65162   -1.65157
  -1.65080   -1.65026   -1.65006   -1.65005   -1.64941   -1.64903   -0.67571   -0.67482
  -0.67447   -0.67434   -0.67354   -0.67336   -0.67336   -0.67329   -0.67325   -0.67301
  -0.66803   -0.66779   -0.66734   -0.66719   -0.66678   -0.66662   -0.66631   -0.66620
  -0.66613   -0.66610   -0.66597   -0.66589   -0.66587   -0.66580   -0.66564   -0.66564
  -0.66545   -0.66533   -0.66497   -0.66496   -0.40536   -0.39650   -0.38568   -0.37477
  -0.35554   -0.35541   -0.17863   -0.17398   -0.15681   -0.15210   -0.13440   -0.11964
  -0.06760   -0.06612   -0.05148   -0.03681   -0.01416   -0.01213   -0.00680    0.00657
   0.01171    0.02374    0.03386    0.04071    0.07321    0.08917    0.09500    0.10115
   0.10848    0.13205    0.16268    0.17216
 kpt#   7, nband= 92, wtk=  0.12500, kpt=  0.4375  0.1875  0.5000 (reduced coord)
  -1.68219   -1.68101   -1.67941   -1.67929   -1.67903   -1.67859   -1.67701   -1.67683
  -1.67625   -1.67593   -1.67534   -1.67505   -1.67498   -1.67491   -1.67435   -1.67334
  -1.67203   -1.67191   -1.67004   -1.66892   -1.65398   -1.65339   -1.65260   -1.65235
  -1.65105   -1.65081   -1.65047   -1.65039   -1.65030   -1.64998   -0.67531   -0.67526
  -0.67453   -0.67435   -0.67364   -0.67358   -0.67349   -0.67343   -0.67329   -0.67312
  -0.66790   -0.66784   -0.66736   -0.66733   -0.66696   -0.66673   -0.66656   -0.66632
  -0.66620   -0.66615   -0.66599   -0.66591   -0.66588   -0.66586   -0.66580   -0.66556
  -0.66552   -0.66551   -0.66533   -0.66508   -0.39162   -0.38662   -0.38214   -0.37985
  -0.35455   -0.35453   -0.18705   -0.18478   -0.16532   -0.16159   -0.14705   -0.13999
  -0.05062   -0.04663   -0.03082   -0.02901   -0.02080   -0.01539   -0.00231   -0.00068
   0.00327    0.00705    0.02997    0.03383    0.06416    0.06984    0.08051    0.08333
   0.09943    0.11300    0.17199    0.18785
 kpt#   8, nband= 92, wtk=  0.06250, kpt=  0.3125  0.3125  0.5000 (reduced coord)
  -1.68189   -1.68078   -1.68072   -1.67960   -1.67864   -1.67845   -1.67796   -1.67757
  -1.67585   -1.67579   -1.67545   -1.67439   -1.67393   -1.67297   -1.67288   -1.67282
  -1.67212   -1.67068   -1.66954   -1.66877   -1.65567   -1.65460   -1.65268   -1.65206
  -1.65109   -1.64989   -1.64927   -1.64922   -1.64840   -1.64816   -0.67546   -0.67531
  -0.67463   -0.67462   -0.67351   -0.67334   -0.67332   -0.67324   -0.67321   -0.67310
  -0.66837   -0.66818   -0.66734   -0.66715   -0.66683   -0.66661   -0.66648   -0.66643
  -0.66637   -0.66623   -0.66593   -0.66592   -0.66583   -0.66581   -0.66553   -0.66549
  -0.66537   -0.66533   -0.66498   -0.66490   -0.39530   -0.38813   -0.38000   -0.37298
  -0.35160   -0.35159   -0.17354   -0.16938   -0.15165   -0.14472   -0.12977   -0.12174
  -0.09471   -0.07955   -0.06005   -0.05137   -0.03691   -0.02031   -0.01507   -0.00958
  -0.00516   -0.00499    0.00884    0.00949    0.04708    0.05269    0.07448    0.07552
   0.08794    0.11521    0.17977    0.20532
 kpt#   9, nband= 92, wtk=  0.12500, kpt=  0.4375  0.3125  0.5000 (reduced coord)
  -1.68126   -1.68064   -1.67987   -1.67864   -1.67830   -1.67744   -1.67743   -1.67643
  -1.67544   -1.67506   -1.67495   -1.67464   -1.67448   -1.67348   -1.67318   -1.67302
  -1.67236   -1.67087   -1.67001   -1.66781   -1.65352   -1.65347   -1.65230   -1.65182
  -1.65033   -1.65030   -1.64999   -1.64940   -1.64935   -1.64893   -0.67553   -0.67545
  -0.67443   -0.67435   -0.67364   -0.67341   -0.67336   -0.67319   -0.67312   -0.67309
  -0.66834   -0.66821   -0.66728   -0.66726   -0.66664   -0.66649   -0.66643   -0.66628
  -0.66622   -0.66615   -0.66598   -0.66586   -0.66571   -0.66570   -0.66567   -0.66554
  -0.66552   -0.66547   -0.66493   -0.66481   -0.38397   -0.38007   -0.37686   -0.37554
  -0.34886   -0.34885   -0.17185   -0.17022   -0.14942   -0.14682   -0.12983   -0.12797
  -0.08559   -0.07608   -0.05828   -0.05212   -0.04829   -0.03809   -0.03484   -0.02692
  -0.02234   -0.01384   -0.00087    0.00356    0.02305    0.03152    0.04222    0.04994
   0.09254    0.10457    0.19263    0.20768
 kpt#  10, nband= 92, wtk=  0.06250, kpt=  0.4375  0.4375  0.5000 (reduced coord)
  -1.68176   -1.68067   -1.68039   -1.67983   -1.67967   -1.67924   -1.67890   -1.67822
  -1.67617   -1.67613   -1.67596   -1.67559   -1.67503   -1.67497   -1.67415   -1.67329
  -1.67214   -1.67192   -1.67013   -1.66929   -1.65415   -1.65331   -1.65288   -1.65240
  -1.65176   -1.65153   -1.65099   -1.65067   -1.65011   -1.64912   -0.67576   -0.67568
  -0.67473   -0.67457   -0.67363   -0.67358   -0.67350   -0.67343   -0.67318   -0.67311
  -0.66887   -0.66833   -0.66755   -0.66723   -0.66678   -0.66678   -0.66652   -0.66651
  -0.66643   -0.66618   -0.66614   -0.66604   -0.66590   -0.66589   -0.66582   -0.66578
  -0.66562   -0.66554   -0.66494   -0.66479   -0.37679   -0.37466   -0.37351   -0.37332
  -0.34457   -0.34456   -0.15620   -0.15572   -0.13205   -0.13143   -0.11679   -0.11097
  -0.10372   -0.09564   -0.08020   -0.07970   -0.07584   -0.06199   -0.05230   -0.04191
  -0.02983   -0.02977   -0.01894   -0.01622   -0.00992   -0.00321    0.03713    0.04231
   0.09720    0.10179    0.20759    0.21322
