 Eigenvalues (hartree) for nkpt=  10  k points:
 kpt#   1, nband=105, wtk=  0.06250, kpt=  0.0625  0.0625  0.5000 (reduced coord)
  -4.75298   -4.75298   -2.99051   -2.99022   -2.98801   -2.98780   -2.98752   -2.98722
  -1.70888   -1.70852   -1.70652   -1.70644   -1.70609   -1.70579   -1.70300   -1.70293
  -1.70226   -1.70187   -1.70108   -1.70076   -1.69983   -1.69932   -1.69750   -1.69633
  -1.69566   -1.69522   -1.69237   -1.69233   -1.68562   -1.68495   -1.68350   -1.68324
  -1.68297   -1.68128   -1.68091   -1.68049   -1.67801   -1.67737   -0.69894   -0.69863
  -0.69766   -0.69724   -0.69724   -0.69714   -0.69678   -0.69647   -0.69622   -0.69619
  -0.69607   -0.69576   -0.69575   -0.69448   -0.69445   -0.69419   -0.69331   -0.69327
  -0.69284   -0.69259   -0.45097   -0.43058   -0.42470   -0.40283   -0.39375   -0.38420
  -0.21554   -0.21462   -0.21366   -0.21305   -0.21266   -0.20104   -0.19947   -0.19877
  -0.19362   -0.19262   -0.16692   -0.15588   -0.12540   -0.11267   -0.09185   -0.08036
  -0.06289   -0.04657   -0.03893   -0.03076   -0.02934   -0.02198   -0.01115   -0.00808
   0.00253    0.00723    0.02425    0.03255    0.03830    0.04165    0.04167    0.08841
   0.12771    0.14359    0.16292    0.18102    0.20953    0.22307    0.23477    0.23712
   0.23775
 kpt#   2, nband=105, wtk=  0.12500, kpt=  0.1875  0.0625  0.5000 (reduced coord)
  -4.75298   -4.75297   -2.99020   -2.98872   -2.98819   -2.98775   -2.98764   -2.98758
  -1.70781   -1.70713   -1.70637   -1.70430   -1.70378   -1.70297   -1.70268   -1.70254
  -1.70215   -1.70189   -1.70126   -1.69996   -1.69973   -1.69904   -1.69862   -1.69640
  -1.69473   -1.69336   -1.69301   -1.69222   -1.68569   -1.68450   -1.68253   -1.68213
  -1.68157   -1.68128   -1.68018   -1.67857   -1.67810   -1.67779   -0.69843   -0.69827
  -0.69719   -0.69714   -0.69701   -0.69691   -0.69678   -0.69664   -0.69623   -0.69613
  -0.69590   -0.69582   -0.69561   -0.69452   -0.69440   -0.69421   -0.69324   -0.69302
  -0.69278   -0.69277   -0.44484   -0.42615   -0.42047   -0.40143   -0.39146   -0.38410
  -0.21560   -0.21220   -0.21188   -0.21153   -0.20966   -0.20160   -0.19844   -0.19766
  -0.19719   -0.19404   -0.18217   -0.17485   -0.14831   -0.12208   -0.10487   -0.08937
  -0.06521   -0.06129   -0.03718   -0.03052   -0.02107   -0.00888   -0.00252    0.00470
   0.00689    0.00908    0.02228    0.03859    0.04102    0.05231    0.05706    0.09579
   0.13981    0.15190    0.17109    0.18554    0.18768    0.21271    0.21927    0.22353
   0.22957
 kpt#   3, nband=105, wtk=  0.12500, kpt=  0.3125  0.0625  0.5000 (reduced coord)
  -4.75298   -4.75297   -2.98890   -2.98797   -2.98792   -2.98776   -2.98766   -2.98744
  -1.70675   -1.70614   -1.70517   -1.70457   -1.70288   -1.70225   -1.70160   -1.70058
  -1.70032   -1.69942   -1.69888   -1.69827   -1.69813   -1.69770   -1.69651   -1.69528
  -1.69502   -1.69290   -1.69157   -1.69086   -1.68394   -1.68282   -1.68138   -1.68110
  -1.68056   -1.67933   -1.67822   -1.67786   -1.67763   -1.67692   -0.69802   -0.69784
  -0.69698   -0.69686   -0.69680   -0.69657   -0.69650   -0.69639   -0.69614   -0.69597
  -0.69587   -0.69555   -0.69509   -0.69466   -0.69430   -0.69400   -0.69293   -0.69283
  -0.69266   -0.69256   -0.43371   -0.41907   -0.41388   -0.40046   -0.38824   -0.38542
  -0.21309   -0.20920   -0.20870   -0.20774   -0.20697   -0.20403   -0.20265   -0.19896
  -0.19866   -0.19714   -0.19640   -0.19447   -0.17486   -0.15195   -0.11107   -0.10195
  -0.08040   -0.04576   -0.02428   -0.01965   -0.01724   -0.00723    0.00768    0.00860
   0.01255    0.01745    0.03369    0.03538    0.04860    0.07430    0.08175    0.10245
   0.13890    0.14279    0.14883    0.16229    0.16950    0.17827    0.18796    0.19551
   0.19629
 kpt#   4, nband=105, wtk=  0.12500, kpt=  0.4375  0.0625  0.5000 (reduced coord)
  -4.75298   -4.75297   -2.98916   -2.98842   -2.98821   -2.98775   -2.98743   -2.98740
  -1.70622   -1.70593   -1.70512   -1.70443   -1.70355   -1.70213   -1.70151   -1.70144
  -1.70099   -1.70067   -1.69998   -1.69913   -1.69864   -1.69781   -1.69730   -1.69517
  -1.69397   -1.69331   -1.69291   -1.69175   -1.68438   -1.68251   -1.68197   -1.68162
  -1.68090   -1.68071   -1.67854   -1.67799   -1.67771   -1.67736   -0.69777   -0.69756
  -0.69725   -0.69696   -0.69684   -0.69670   -0.69657   -0.69637   -0.69613   -0.69601
  -0.69581   -0.69570   -0.69537   -0.69470   -0.69432   -0.69389   -0.69311   -0.69297
  -0.69268   -0.69264   -0.42060   -0.41307   -0.41138   -0.40081   -0.38771   -0.38667
  -0.21454   -0.21098   -0.21057   -0.20736   -0.20714   -0.20472   -0.20404   -0.20340
  -0.20173   -0.20110   -0.20026   -0.19631   -0.18729   -0.17720   -0.11935   -0.11852
  -0.06371   -0.04088   -0.02274   -0.01261   -0.00294    0.00325    0.00787    0.01075
   0.01727    0.02104    0.02705    0.03801    0.07399    0.08491    0.09363    0.10015
   0.12456    0.13059    0.14041    0.15060    0.15414    0.16363    0.16928    0.17585
   0.18575
 kpt#   5, nband=105, wtk=  0.06250, kpt=  0.1875  0.1875  0.5000 (reduced coord)
  -4.75299   -4.75297   -2.98909   -2.98843   -2.98832   -2.98826   -2.98790   -2.98746
  -1.70841   -1.70714   -1.70601   -1.70432   -1.70366   -1.70312   -1.70231   -1.70187
  -1.70125   -1.70092   -1.70053   -1.70038   -1.69893   -1.69867   -1.69796   -1.69530
  -1.69474   -1.69415   -1.69347   -1.69158   -1.68409   -1.68357   -1.68316   -1.68276
  -1.68119   -1.68041   -1.67952   -1.67867   -1.67782   -1.67691   -0.69834   -0.69819
  -0.69707   -0.69690   -0.69681   -0.69673   -0.69672   -0.69670   -0.69624   -0.69622
  -0.69602   -0.69553   -0.69548   -0.69459   -0.69458   -0.69414   -0.69297   -0.69291
  -0.69285   -0.69283   -0.43887   -0.42201   -0.41640   -0.40006   -0.38885   -0.38335
  -0.21722   -0.21081   -0.21028   -0.20941   -0.20806   -0.20120   -0.19858   -0.19805
  -0.19797   -0.19474   -0.18735   -0.17932   -0.15540   -0.13063   -0.10613   -0.08786
  -0.08509   -0.06682   -0.06071   -0.04834   -0.03055   -0.01782   -0.01181   -0.00403
   0.01561    0.01781    0.02076    0.03936    0.05210    0.07056    0.08047    0.10697
   0.14398    0.15021    0.16163    0.17236    0.17833    0.18870    0.19005    0.21642
   0.23821
 kpt#   6, nband=105, wtk=  0.12500, kpt=  0.3125  0.1875  0.5000 (reduced coord)
  -4.75298   -4.75297   -2.98910   -2.98880   -2.98807   -2.98780   -2.98766   -2.98758
  -1.70772   -1.70662   -1.70619   -1.70441   -1.70272   -1.70216   -1.70195   -1.70177
  -1.70110   -1.70021   -1.69992   -1.69893   -1.69868   -1.69856   -1.69804   -1.69605
  -1.69437   -1.69379   -1.69333   -1.69228   -1.68517   -1.68277   -1.68184   -1.68170
  -1.68123   -1.68046   -1.67874   -1.67863   -1.67802   -1.67764   -0.69822   -0.69792
  -0.69756   -0.69741   -0.69677   -0.69671   -0.69636   -0.69629   -0.69619   -0.69608
  -0.69589   -0.69566   -0.69516   -0.69461   -0.69454   -0.69392   -0.69346   -0.69292
  -0.69280   -0.69241   -0.42824   -0.41553   -0.41027   -0.39881   -0.38526   -0.38319
  -0.21666   -0.20843   -0.20802   -0.20667   -0.20467   -0.20446   -0.19974   -0.19939
  -0.19818   -0.19763   -0.19576   -0.19069   -0.16958   -0.15025   -0.10956   -0.09520
  -0.08850   -0.07615   -0.06265   -0.03951   -0.03352   -0.01999   -0.01588   -0.01341
   0.00572    0.01000    0.01383    0.03252    0.05949    0.06423    0.07533    0.10152
   0.13601    0.15127    0.16366    0.16612    0.18454    0.18681    0.19550    0.20937
   0.23753
 kpt#   7, nband=105, wtk=  0.12500, kpt=  0.4375  0.1875  0.5000 (reduced coord)
  -4.75298   -4.75298   -2.98949   -2.98943   -2.98822   -2.98818   -2.98817   -2.98777
  -1.70776   -1.70739   -1.70660   -1.70509   -1.70408   -1.70367   -1.70282   -1.70226
  -1.70196   -1.70158   -1.70122   -1.70102   -1.70029   -1.70001   -1.69932   -1.69592
  -1.69515   -1.69505   -1.69475   -1.69416   -1.68511   -1.68404   -1.68356   -1.68327
  -1.68248   -1.68208   -1.68069   -1.67949   -1.67923   -1.67872   -0.69808   -0.69796
  -0.69783   -0.69750   -0.69704   -0.69683   -0.69660   -0.69651   -0.69639   -0.69631
  -0.69598   -0.69592   -0.69544   -0.69490   -0.69467   -0.69409   -0.69364   -0.69316
  -0.69290   -0.69270   -0.41614   -0.41009   -0.40822   -0.39864   -0.38420   -0.38294
  -0.21368   -0.20963   -0.20775   -0.20641   -0.20637   -0.20466   -0.20324   -0.20215
  -0.20196   -0.20034   -0.19964   -0.19642   -0.17805   -0.16978   -0.11489   -0.11290
  -0.06805   -0.06283   -0.04567   -0.04142   -0.03662   -0.02685   -0.01797   -0.01481
  -0.00086    0.00422    0.00627    0.02209    0.04088    0.04939    0.06597    0.07806
   0.14776    0.16211    0.17305    0.18335    0.18902    0.19486    0.19536    0.20373
   0.23498
 kpt#   8, nband=105, wtk=  0.06250, kpt=  0.3125  0.3125  0.5000 (reduced coord)
  -4.75298   -4.75297   -2.98895   -2.98852   -2.98816   -2.98765   -2.98735   -2.98724
  -1.70710   -1.70593   -1.70589   -1.70448   -1.70203   -1.70146   -1.70114   -1.70058
  -1.70052   -1.69988   -1.69911   -1.69888   -1.69864   -1.69777   -1.69758   -1.69562
  -1.69367   -1.69303   -1.69259   -1.69232   -1.68524   -1.68220   -1.68210   -1.68072
  -1.68007   -1.67944   -1.67850   -1.67772   -1.67700   -1.67676   -0.69809   -0.69783
  -0.69765   -0.69742   -0.69677   -0.69673   -0.69648   -0.69616   -0.69604   -0.69579
  -0.69579   -0.69550   -0.69499   -0.69455   -0.69448   -0.69389   -0.69356   -0.69274
  -0.69268   -0.69223   -0.41887   -0.41017   -0.40514   -0.39671   -0.38126   -0.37990
  -0.21819   -0.20790   -0.20692   -0.20624   -0.20496   -0.20138   -0.19958   -0.19849
  -0.19632   -0.19572   -0.19250   -0.18624   -0.16164   -0.15145   -0.11534   -0.10911
  -0.09420   -0.08763   -0.07046   -0.05608   -0.05140   -0.03479   -0.03422   -0.02979
  -0.01868   -0.00943    0.00134    0.01228    0.02678    0.03776    0.05624    0.08198
   0.15307    0.18266    0.19234    0.19803    0.20327    0.20973    0.21522    0.22552
   0.23384
 kpt#   9, nband=105, wtk=  0.12500, kpt=  0.4375  0.3125  0.5000 (reduced coord)
  -4.75298   -4.75298   -2.98956   -2.98880   -2.98812   -2.98787   -2.98762   -2.98758
  -1.70790   -1.70698   -1.70526   -1.70488   -1.70315   -1.70246   -1.70194   -1.70177
  -1.70104   -1.70061   -1.70037   -1.69977   -1.69961   -1.69943   -1.69882   -1.69517
  -1.69447   -1.69401   -1.69385   -1.69328   -1.68484   -1.68339   -1.68240   -1.68190
  -1.68126   -1.68093   -1.67996   -1.67868   -1.67792   -1.67773   -0.69838   -0.69805
  -0.69797   -0.69768   -0.69695   -0.69673   -0.69641   -0.69629   -0.69621   -0.69611
  -0.69583   -0.69551   -0.69513   -0.69484   -0.69453   -0.69391   -0.69364   -0.69306
  -0.69281   -0.69233   -0.40909   -0.40600   -0.40337   -0.39548   -0.37888   -0.37731
  -0.21693   -0.21227   -0.20637   -0.20555   -0.20372   -0.20009   -0.19934   -0.19903
  -0.19806   -0.19639   -0.19041   -0.18778   -0.16022   -0.15677   -0.11049   -0.10760
  -0.10571   -0.08684   -0.07460   -0.06457   -0.05724   -0.05337   -0.03975   -0.03331
  -0.02763   -0.02017   -0.01138   -0.00706    0.00437    0.00749    0.05302    0.06876
   0.16514    0.18290    0.19783    0.20660    0.21604    0.22288    0.22810    0.23601
   0.23909
 kpt#  10, nband=105, wtk=  0.06250, kpt=  0.4375  0.4375  0.5000 (reduced coord)
  -4.75299   -4.75298   -2.98940   -2.98867   -2.98863   -2.98858   -2.98809   -2.98805
  -1.70848   -1.70770   -1.70664   -1.70552   -1.70445   -1.70357   -1.70351   -1.70294
  -1.70274   -1.70245   -1.70169   -1.70046   -1.70013   -1.70012   -1.69985   -1.69599
  -1.69590   -1.69568   -1.69469   -1.69437   -1.68474   -1.68456   -1.68265   -1.68236
  -1.68189   -1.68187   -1.68117   -1.67955   -1.67859   -1.67858   -0.69873   -0.69826
  -0.69808   -0.69771   -0.69721   -0.69709   -0.69687   -0.69631   -0.69617   -0.69613
  -0.69599   -0.69568   -0.69516   -0.69501   -0.69484   -0.69435   -0.69383   -0.69313
  -0.69295   -0.69239   -0.40344   -0.40264   -0.40023   -0.39319   -0.37484   -0.37306
  -0.21806   -0.21608   -0.20611   -0.20506   -0.20172   -0.19981   -0.19893   -0.19883
  -0.19814   -0.19813   -0.17448   -0.17295   -0.14458   -0.13506   -0.13154   -0.10900
  -0.10804   -0.10462   -0.10278   -0.09233   -0.07144   -0.06365   -0.05215   -0.04910
  -0.03896   -0.03183   -0.02706   -0.02647   -0.01777   -0.00860    0.05568    0.06529
   0.17350    0.18825    0.19514    0.19835    0.21515    0.21860    0.23165    0.23522
   0.26862
