
 **** DERIVATIVE DATABASE ****    
+DDB, Version number    100401

  Note : temporary (transfer) database

    usepaw         0
     natom        12
      nkpt        10
    nsppol         1
      nsym         8
    ntypat         3
    occopt         1
     nband       105
     acell  0.77624316804222D+01  0.77624316804222D+01  0.77624316804222D+01
       amu  0.11871000000000D+03  0.78960000000000D+02  0.65390000000000D+02
   dilatmx  0.10000000000000D+01
      ecut  0.22500000000000D+02
    ecutsm  0.00000000000000D+00
     intxc         0
      iscf        17
       ixc   -101130
       kpt  0.62500000000000D-01  0.62500000000000D-01  0.50000000000000D+00
            0.18750000000000D+00  0.62500000000000D-01  0.50000000000000D+00
            0.31250000000000D+00  0.62500000000000D-01  0.50000000000000D+00
            0.43750000000000D+00  0.62500000000000D-01  0.50000000000000D+00
            0.18750000000000D+00  0.18750000000000D+00  0.50000000000000D+00
            0.31250000000000D+00  0.18750000000000D+00  0.50000000000000D+00
            0.43750000000000D+00  0.18750000000000D+00  0.50000000000000D+00
            0.31250000000000D+00  0.31250000000000D+00  0.50000000000000D+00
            0.43750000000000D+00  0.31250000000000D+00  0.50000000000000D+00
            0.43750000000000D+00  0.43750000000000D+00  0.50000000000000D+00
    kptnrm  0.10000000000000D+01
     ngfft        36   36  192
    nspden         1
   nspinor         1
       occ  0.20000000000000D+01  0.20000000000000D+01  0.20000000000000D+01
            0.20000000000000D+01  0.20000000000000D+01  0.20000000000000D+01
            0.20000000000000D+01  0.20000000000000D+01  0.20000000000000D+01
            0.20000000000000D+01  0.20000000000000D+01  0.20000000000000D+01
            0.20000000000000D+01  0.20000000000000D+01  0.20000000000000D+01
            0.20000000000000D+01  0.20000000000000D+01  0.20000000000000D+01
            0.20000000000000D+01  0.20000000000000D+01  0.20000000000000D+01
            0.20000000000000D+01  0.20000000000000D+01  0.20000000000000D+01
            0.20000000000000D+01  0.20000000000000D+01  0.20000000000000D+01
            0.20000000000000D+01  0.20000000000000D+01  0.20000000000000D+01
            0.20000000000000D+01  0.20000000000000D+01  0.20000000000000D+01
            0.20000000000000D+01  0.20000000000000D+01  0.20000000000000D+01
            0.20000000000000D+01  0.20000000000000D+01  0.20000000000000D+01
            0.20000000000000D+01  0.20000000000000D+01  0.20000000000000D+01
            0.20000000000000D+01  0.20000000000000D+01  0.20000000000000D+01
            0.20000000000000D+01  0.20000000000000D+01  0.20000000000000D+01
            0.20000000000000D+01  0.20000000000000D+01  0.20000000000000D+01
            0.20000000000000D+01  0.20000000000000D+01  0.20000000000000D+01
            0.20000000000000D+01  0.20000000000000D+01  0.20000000000000D+01
            0.20000000000000D+01  0.20000000000000D+01  0.20000000000000D+01
            0.20000000000000D+01  0.20000000000000D+01  0.20000000000000D+01
            0.20000000000000D+01  0.20000000000000D+01  0.20000000000000D+01
            0.20000000000000D+01  0.20000000000000D+01  0.20000000000000D+01
            0.20000000000000D+01  0.20000000000000D+01  0.20000000000000D+01
            0.20000000000000D+01  0.20000000000000D+01  0.20000000000000D+01
            0.20000000000000D+01  0.20000000000000D+01  0.20000000000000D+01
            0.20000000000000D+01  0.20000000000000D+01  0.20000000000000D+01
            0.20000000000000D+01  0.20000000000000D+01  0.20000000000000D+01
            0.20000000000000D+01  0.20000000000000D+01  0.20000000000000D+01
            0.20000000000000D+01  0.20000000000000D+01  0.20000000000000D+01
            0.20000000000000D+01  0.20000000000000D+01  0.20000000000000D+01
            0.20000000000000D+01  0.20000000000000D+01  0.20000000000000D+01
            0.00000000000000D+00  0.00000000000000D+00  0.00000000000000D+00
            0.00000000000000D+00  0.00000000000000D+00  0.00000000000000D+00
            0.00000000000000D+00  0.00000000000000D+00  0.00000000000000D+00
     rprim  0.10000000000000D+01  0.00000000000000D+00  0.00000000000000D+00
            0.00000000000000D+00  0.10000000000000D+01  0.00000000000000D+00
            0.00000000000000D+00  0.00000000000000D+00  0.57277782078642D+01
  dfpt_sciss  0.00000000000000D+00
    spinat  0.00000000000000D+00  0.00000000000000D+00  0.00000000000000D+00
            0.00000000000000D+00  0.00000000000000D+00  0.00000000000000D+00
            0.00000000000000D+00  0.00000000000000D+00  0.00000000000000D+00
            0.00000000000000D+00  0.00000000000000D+00  0.00000000000000D+00
            0.00000000000000D+00  0.00000000000000D+00  0.00000000000000D+00
            0.00000000000000D+00  0.00000000000000D+00  0.00000000000000D+00
            0.00000000000000D+00  0.00000000000000D+00  0.00000000000000D+00
            0.00000000000000D+00  0.00000000000000D+00  0.00000000000000D+00
            0.00000000000000D+00  0.00000000000000D+00  0.00000000000000D+00
            0.00000000000000D+00  0.00000000000000D+00  0.00000000000000D+00
            0.00000000000000D+00  0.00000000000000D+00  0.00000000000000D+00
            0.00000000000000D+00  0.00000000000000D+00  0.00000000000000D+00
    symafm         1    1    1    1    1    1    1    1
    symrel         1    0    0    0    1    0    0    0    1
                   1    0    0    0   -1    0    0    0    1
                  -1    0    0    0   -1    0    0    0    1
                  -1    0    0    0    1    0    0    0    1
                   0    1    0    1    0    0    0    0    1
                   0    1    0   -1    0    0    0    0    1
                   0   -1    0   -1    0    0    0    0    1
                   0   -1    0    1    0    0    0    0    1
     tnons  0.00000000000000D+00  0.00000000000000D+00  0.00000000000000D+00
            0.00000000000000D+00  0.22204460492503D-15  0.00000000000000D+00
            0.22204460492503D-15  0.22204460492503D-15  0.00000000000000D+00
            0.22204460492503D-15  0.00000000000000D+00  0.00000000000000D+00
            0.50000000000000D+00  0.50000000000000D+00  0.00000000000000D+00
            0.50000000000000D+00  0.50000000000000D+00  0.00000000000000D+00
            0.50000000000000D+00  0.50000000000000D+00  0.00000000000000D+00
            0.50000000000000D+00  0.50000000000000D+00  0.00000000000000D+00
    tolwfr  0.10000000000000D+01
   tphysel  0.00000000000000D+00
    tsmear  0.10000000000000D-01
     typat         1    1    1    1    2    2    2    2    2    2    3    3
       wtk  0.62500000000000D-01  0.12500000000000D+00  0.12500000000000D+00
            0.12500000000000D+00  0.62500000000000D-01  0.12500000000000D+00
            0.12500000000000D+00  0.62500000000000D-01  0.12500000000000D+00
            0.62500000000000D-01
      xred  0.50000000000000D+00  0.00000000000000D+00  0.19833700000000D+00
            0.00000000000000D+00  0.50000000000000D+00  0.31520300000000D+00
            0.50000000000000D+00  0.00000000000000D+00  0.42936900000000D+00
            0.00000000000000D+00  0.50000000000000D+00  0.54623500000000D+00
            0.00000000000000D+00  0.50000000000000D+00  0.19968700000000D+00
            0.50000000000000D+00  0.00000000000000D+00  0.31385300000000D+00
            0.00000000000000D+00  0.50000000000000D+00  0.43071900000000D+00
            0.50000000000000D+00  0.00000000000000D+00  0.54488500000000D+00
            0.50000000000000D+00  0.00000000000000D+00  0.67458000000000D+00
            0.00000000000000D+00  0.50000000000000D+00  0.80166300000000D+00
            0.50000000000000D+00  0.50000000000000D+00  0.73812200000000D+00
            0.00000000000000D+00  0.00000000000000D+00  0.73812200000000D+00
     znucl  0.50000000000000D+02  0.34000000000000D+02  0.30000000000000D+02
      zion  0.14000000000000D+02  0.16000000000000D+02  0.20000000000000D+02
 
 No information on the potentials yet 
 
 **** Database of total energy derivatives ****
 Number of data blocks=    2
  
 Total energy                 - # elements :       1
 -0.14529449444202D+04  0.00000000000000D+00
  
 1st derivatives              - # elements :      42
   1   1  0.00000000000000D+00  0.00000000000000D+00
   2   1  0.00000000000000D+00  0.00000000000000D+00
   3   1  0.51650094464355D+00  0.00000000000000D+00
   1   2  0.00000000000000D+00  0.00000000000000D+00
   2   2  0.00000000000000D+00  0.00000000000000D+00
   3   2  0.74178738991632D+00  0.00000000000000D+00
   1   3  0.00000000000000D+00  0.00000000000000D+00
   2   3  0.00000000000000D+00  0.00000000000000D+00
   3   3 -0.74437156780793D+00  0.00000000000000D+00
   1   4  0.00000000000000D+00  0.00000000000000D+00
   2   4  0.00000000000000D+00  0.00000000000000D+00
   3   4 -0.61531073346484D+00  0.00000000000000D+00
   1   5  0.00000000000000D+00  0.00000000000000D+00
   2   5  0.00000000000000D+00  0.00000000000000D+00
   3   5  0.57739398460833D+00  0.00000000000000D+00
   1   6  0.00000000000000D+00  0.00000000000000D+00
   2   6  0.00000000000000D+00  0.00000000000000D+00
   3   6  0.59909852798190D+00  0.00000000000000D+00
   1   7  0.00000000000000D+00  0.00000000000000D+00
   2   7  0.00000000000000D+00  0.00000000000000D+00
   3   7 -0.65009247741302D+00  0.00000000000000D+00
   1   8  0.00000000000000D+00  0.00000000000000D+00
   2   8  0.00000000000000D+00  0.00000000000000D+00
   3   8  0.23280307607683D-01  0.00000000000000D+00
   1   9  0.00000000000000D+00  0.00000000000000D+00
   2   9  0.00000000000000D+00  0.00000000000000D+00
   3   9 -0.69386354605105D+00  0.00000000000000D+00
   1  10  0.00000000000000D+00  0.00000000000000D+00
   2  10  0.00000000000000D+00  0.00000000000000D+00
   3  10  0.43647366994728D+00  0.00000000000000D+00
   1  11  0.00000000000000D+00  0.00000000000000D+00
   2  11  0.00000000000000D+00  0.00000000000000D+00
   3  11 -0.81691055355874D+00  0.00000000000000D+00
   1  12  0.00000000000000D+00  0.00000000000000D+00
   2  12  0.00000000000000D+00  0.00000000000000D+00
   3  12 -0.81691055355874D+00  0.00000000000000D+00
   1  15  0.15033290693820D-01  0.00000000000000D+00
   2  15  0.15033290693820D-01  0.00000000000000D+00
   3  15  0.14920138595822D-01  0.00000000000000D+00
   1  16  0.00000000000000D+00  0.00000000000000D+00
   2  16  0.00000000000000D+00  0.00000000000000D+00
   3  16  0.00000000000000D+00  0.00000000000000D+00
