 Eigenvalues (hartree) for nkpt=  57  k points:
 kpt#   1, nband=105, wtk=  1.00000, kpt=  0.5000  0.5000  0.0000 (reduced coord)
  -4.75298   -4.75298   -2.98902   -2.98901   -2.98857   -2.98855   -2.98787   -2.98787
  -1.70729   -1.70729   -1.70586   -1.70478   -1.70415   -1.70415   -1.70376   -1.70288
  -1.70240   -1.70102   -1.70093   -1.70073   -1.69998   -1.69984   -1.69984   -1.69586
  -1.69537   -1.69537   -1.69519   -1.69344   -1.68553   -1.68441   -1.68230   -1.68186
  -1.68186   -1.68161   -1.68143   -1.67850   -1.67850   -1.67849   -0.69890   -0.69854
  -0.69850   -0.69777   -0.69721   -0.69721   -0.69628   -0.69617   -0.69604   -0.69598
  -0.69598   -0.69536   -0.69507   -0.69495   -0.69495   -0.69426   -0.69350   -0.69296
  -0.69296   -0.69229   -0.40250   -0.40106   -0.39934   -0.39252   -0.37364   -0.37178
  -0.21786   -0.21786   -0.20510   -0.20510   -0.19990   -0.19940   -0.19928   -0.19928
  -0.19748   -0.19743   -0.16758   -0.16620   -0.13367   -0.13367   -0.12590   -0.12481
  -0.10992   -0.10992   -0.10476   -0.10476   -0.07347   -0.07347   -0.05356   -0.05101
  -0.05101   -0.02939   -0.02872   -0.02872   -0.02625   -0.01252    0.05693    0.06465
   0.17639    0.18973    0.19431    0.19431    0.21671    0.21692    0.22982    0.22982
   0.27236
 kpt#   2, nband=105, wtk=  1.00000, kpt=  0.4500  0.4500  0.0500 (reduced coord)
  -4.75298   -4.75298   -2.98890   -2.98868   -2.98840   -2.98836   -2.98816   -2.98774
  -1.70821   -1.70755   -1.70661   -1.70528   -1.70421   -1.70305   -1.70253   -1.70177
  -1.70119   -1.70099   -1.70064   -1.70053   -1.70011   -1.69947   -1.69864   -1.69536
  -1.69536   -1.69500   -1.69440   -1.69340   -1.68463   -1.68381   -1.68195   -1.68194
  -1.68121   -1.68093   -1.68061   -1.67912   -1.67846   -1.67795   -0.69862   -0.69828
  -0.69811   -0.69769   -0.69707   -0.69691   -0.69665   -0.69615   -0.69607   -0.69604
  -0.69601   -0.69563   -0.69502   -0.69484   -0.69471   -0.69422   -0.69375   -0.69300
  -0.69291   -0.69225   -0.40304   -0.40204   -0.39998   -0.39295   -0.37442   -0.37261
  -0.21756   -0.21671   -0.20509   -0.20507   -0.20169   -0.19948   -0.19878   -0.19807
  -0.19791   -0.19725   -0.17233   -0.17092   -0.14229   -0.13231   -0.13204   -0.11074
  -0.10868   -0.10835   -0.10350   -0.09684   -0.07217   -0.06631   -0.05318   -0.04978
  -0.04143   -0.03316   -0.02771   -0.02728   -0.01984   -0.01010    0.05625    0.06492
   0.17448    0.18873    0.19480    0.19716    0.21565    0.21798    0.23094    0.23370
   0.27175
 kpt#   3, nband=105, wtk=  1.00000, kpt=  0.4000  0.4000  0.1000 (reduced coord)
  -4.75299   -4.75298   -2.98926   -2.98880   -2.98841   -2.98800   -2.98792   -2.98791
  -1.70815   -1.70719   -1.70609   -1.70529   -1.70393   -1.70303   -1.70244   -1.70206
  -1.70149   -1.70114   -1.70075   -1.70031   -1.70000   -1.69935   -1.69866   -1.69525
  -1.69516   -1.69447   -1.69443   -1.69412   -1.68453   -1.68395   -1.68223   -1.68188
  -1.68177   -1.68144   -1.68073   -1.67917   -1.67859   -1.67798   -0.69854   -0.69824
  -0.69811   -0.69763   -0.69696   -0.69681   -0.69668   -0.69624   -0.69608   -0.69608
  -0.69605   -0.69562   -0.69510   -0.69477   -0.69476   -0.69410   -0.69383   -0.69297
  -0.69297   -0.69232   -0.40636   -0.40435   -0.40108   -0.39411   -0.37651   -0.37481
  -0.21826   -0.21380   -0.20636   -0.20468   -0.20363   -0.19940   -0.19896   -0.19886
  -0.19744   -0.19741   -0.18136   -0.17890   -0.15007   -0.14468   -0.12828   -0.10927
  -0.10526   -0.09982   -0.08542   -0.07553   -0.06832   -0.06105   -0.04617   -0.04534
  -0.03651   -0.02465   -0.02293   -0.01696   -0.00797   -0.00203    0.05296    0.06785
   0.16936    0.18734    0.19617    0.20311    0.21441    0.22128    0.23424    0.24103
   0.25149
 kpt#   4, nband=105, wtk=  1.00000, kpt=  0.3500  0.3500  0.1500 (reduced coord)
  -4.75299   -4.75298   -2.98927   -2.98891   -2.98834   -2.98833   -2.98790   -2.98726
  -1.70838   -1.70748   -1.70658   -1.70502   -1.70387   -1.70268   -1.70248   -1.70176
  -1.70151   -1.70079   -1.70021   -1.69998   -1.69965   -1.69908   -1.69829   -1.69533
  -1.69515   -1.69411   -1.69357   -1.69349   -1.68420   -1.68330   -1.68250   -1.68185
  -1.68182   -1.68142   -1.68009   -1.67891   -1.67888   -1.67816   -0.69840   -0.69807
  -0.69791   -0.69760   -0.69704   -0.69681   -0.69651   -0.69626   -0.69610   -0.69610
  -0.69602   -0.69564   -0.69510   -0.69479   -0.69467   -0.69404   -0.69378   -0.69305
  -0.69295   -0.69228   -0.41292   -0.40725   -0.40290   -0.39561   -0.37923   -0.37771
  -0.21843   -0.20997   -0.20694   -0.20562   -0.20466   -0.20060   -0.19998   -0.19951
  -0.19758   -0.19648   -0.18905   -0.18445   -0.15647   -0.15238   -0.12173   -0.10954
  -0.09970   -0.09369   -0.06745   -0.06211   -0.05291   -0.05017   -0.04735   -0.04037
  -0.02682   -0.01607   -0.00650   -0.00414    0.01071    0.01993    0.04990    0.07442
   0.16095    0.18853    0.19763    0.20889    0.21435    0.21647    0.22357    0.23016
   0.23935
 kpt#   5, nband=105, wtk=  1.00000, kpt=  0.3000  0.3000  0.2000 (reduced coord)
  -4.75299   -4.75298   -2.98928   -2.98881   -2.98833   -2.98816   -2.98809   -2.98809
  -1.70821   -1.70787   -1.70782   -1.70727   -1.70404   -1.70388   -1.70278   -1.70190
  -1.70118   -1.70080   -1.70061   -1.69973   -1.69943   -1.69835   -1.69801   -1.69667
  -1.69554   -1.69485   -1.69455   -1.69262   -1.68635   -1.68391   -1.68303   -1.68256
  -1.68249   -1.68165   -1.68002   -1.67919   -1.67873   -1.67793   -0.69832   -0.69808
  -0.69800   -0.69779   -0.69698   -0.69694   -0.69668   -0.69628   -0.69619   -0.69612
  -0.69593   -0.69586   -0.69501   -0.69478   -0.69469   -0.69410   -0.69399   -0.69304
  -0.69297   -0.69223   -0.42096   -0.41127   -0.40608   -0.39709   -0.38197   -0.38054
  -0.21852   -0.20802   -0.20777   -0.20730   -0.20562   -0.20277   -0.20004   -0.19947
  -0.19753   -0.19683   -0.19317   -0.18643   -0.16271   -0.15048   -0.11297   -0.10895
  -0.09216   -0.08538   -0.07187   -0.05385   -0.05233   -0.03273   -0.03003   -0.02332
  -0.01506   -0.00702    0.00378    0.01669    0.03341    0.04153    0.06145    0.08517
   0.15022    0.17398    0.19260    0.19563    0.19772    0.20299    0.21485    0.22742
   0.22910
 kpt#   6, nband=105, wtk=  1.00000, kpt=  0.2500  0.2500  0.2500 (reduced coord)
  -4.75299   -4.75297   -2.98893   -2.98878   -2.98827   -2.98782   -2.98755   -2.98740
  -1.70684   -1.70654   -1.70575   -1.70424   -1.70234   -1.70232   -1.70159   -1.70111
  -1.70063   -1.70037   -1.69982   -1.69953   -1.69884   -1.69883   -1.69805   -1.69574
  -1.69391   -1.69374   -1.69265   -1.69249   -1.68516   -1.68284   -1.68243   -1.68162
  -1.68122   -1.68018   -1.67889   -1.67801   -1.67778   -1.67733   -0.69801   -0.69791
  -0.69761   -0.69749   -0.69671   -0.69667   -0.69646   -0.69635   -0.69626   -0.69595
  -0.69586   -0.69566   -0.69520   -0.69449   -0.69441   -0.69403   -0.69349   -0.69277
  -0.69271   -0.69247   -0.42932   -0.41599   -0.41047   -0.39842   -0.38501   -0.38232
  -0.21790   -0.20888   -0.20763   -0.20730   -0.20509   -0.20344   -0.19974   -0.19859
  -0.19638   -0.19630   -0.19307   -0.18514   -0.16311   -0.14384   -0.10777   -0.10244
  -0.08212   -0.07814   -0.07513   -0.05313   -0.04399   -0.02376   -0.01769   -0.01395
   0.00357    0.00778    0.01199    0.03147    0.05747    0.06147    0.07568    0.10216
   0.13915    0.15465    0.16701    0.17099    0.19089    0.19383    0.19923    0.21376
   0.23316
 kpt#   7, nband=105, wtk=  1.00000, kpt=  0.2000  0.2000  0.3000 (reduced coord)
  -4.75299   -4.75296   -2.98892   -2.98839   -2.98829   -2.98794   -2.98751   -2.98667
  -1.70717   -1.70714   -1.70607   -1.70375   -1.70254   -1.70254   -1.70172   -1.70086
  -1.70040   -1.69968   -1.69942   -1.69885   -1.69782   -1.69761   -1.69590   -1.69513
  -1.69376   -1.69347   -1.69200   -1.69057   -1.68410   -1.68234   -1.68223   -1.68169
  -1.68150   -1.67860   -1.67846   -1.67767   -1.67739   -1.67566   -0.69833   -0.69814
  -0.69695   -0.69679   -0.69678   -0.69656   -0.69651   -0.69638   -0.69624   -0.69597
  -0.69590   -0.69530   -0.69524   -0.69448   -0.69444   -0.69405   -0.69284   -0.69279
  -0.69275   -0.69256   -0.43709   -0.42084   -0.41525   -0.39972   -0.38812   -0.38321
  -0.21717   -0.21011   -0.20904   -0.20821   -0.20733   -0.20113   -0.19872   -0.19761
  -0.19676   -0.19526   -0.18894   -0.18087   -0.15758   -0.13357   -0.10647   -0.09082
  -0.08397   -0.07006   -0.06367   -0.04971   -0.03325   -0.01679   -0.01419   -0.00611
   0.01505    0.01563    0.01940    0.04112    0.05715    0.07046    0.08074    0.10820
   0.14259    0.14826    0.16226    0.16771    0.18114    0.18250    0.19193    0.21581
   0.23752
 kpt#   8, nband=105, wtk=  1.00000, kpt=  0.1500  0.1500  0.3500 (reduced coord)
  -4.75299   -4.75297   -2.98969   -2.98829   -2.98823   -2.98806   -2.98770   -2.98768
  -1.70729   -1.70701   -1.70576   -1.70418   -1.70405   -1.70332   -1.70287   -1.70240
  -1.70206   -1.70130   -1.70027   -1.69995   -1.69930   -1.69927   -1.69856   -1.69558
  -1.69464   -1.69298   -1.69272   -1.69251   -1.68461   -1.68440   -1.68282   -1.68276
  -1.68144   -1.68136   -1.67969   -1.67818   -1.67746   -1.67711   -0.69849   -0.69823
  -0.69722   -0.69707   -0.69695   -0.69674   -0.69672   -0.69653   -0.69618   -0.69613
  -0.69588   -0.69576   -0.69565   -0.69448   -0.69442   -0.69421   -0.69313   -0.69297
  -0.69280   -0.69269   -0.44364   -0.42526   -0.41959   -0.40102   -0.39080   -0.38370
  -0.21666   -0.21158   -0.21122   -0.21074   -0.20982   -0.20108   -0.19879   -0.19789
  -0.19704   -0.19369   -0.18155   -0.17344   -0.14743   -0.12186   -0.10437   -0.08724
  -0.07913   -0.05689   -0.05166   -0.04357   -0.02262   -0.02214   -0.00494    0.00088
   0.01069    0.02000    0.02628    0.02763    0.04417    0.06262    0.06854    0.10076
   0.14614    0.16345    0.16914    0.17152    0.17916    0.19980    0.20743    0.22202
   0.23033
 kpt#   9, nband=105, wtk=  1.00000, kpt=  0.1000  0.1000  0.4000 (reduced coord)
  -4.75299   -4.75298   -2.99026   -2.98958   -2.98822   -2.98788   -2.98782   -2.98749
  -1.70841   -1.70827   -1.70684   -1.70620   -1.70459   -1.70427   -1.70341   -1.70289
  -1.70256   -1.70210   -1.70141   -1.70121   -1.70059   -1.69988   -1.69894   -1.69615
  -1.69580   -1.69389   -1.69270   -1.69251   -1.68557   -1.68481   -1.68318   -1.68242
  -1.68231   -1.68208   -1.68113   -1.68035   -1.67813   -1.67766   -0.69887   -0.69859
  -0.69730   -0.69719   -0.69717   -0.69701   -0.69682   -0.69662   -0.69627   -0.69614
  -0.69610   -0.69588   -0.69584   -0.69448   -0.69445   -0.69433   -0.69331   -0.69320
  -0.69283   -0.69270   -0.44853   -0.42877   -0.42298   -0.40217   -0.39279   -0.38404
  -0.21600   -0.21350   -0.21255   -0.21220   -0.21183   -0.20108   -0.19991   -0.19894
  -0.19511   -0.19314   -0.17275   -0.16351   -0.13475   -0.11460   -0.09730   -0.08632
  -0.06877   -0.04513   -0.03931   -0.03821   -0.03063   -0.01331   -0.00831   -0.00237
   0.00293    0.00587    0.03367    0.03615    0.03772    0.04333    0.04617    0.09242
   0.14166    0.14649    0.16694    0.18925    0.20679    0.20934    0.22011    0.22712
   0.24134
 kpt#  10, nband=105, wtk=  1.00000, kpt=  0.0500  0.0500  0.4500 (reduced coord)
  -4.75298   -4.75298   -2.99026   -2.99016   -2.98822   -2.98784   -2.98754   -2.98715
  -1.70908   -1.70838   -1.70765   -1.70698   -1.70627   -1.70511   -1.70273   -1.70229
  -1.70171   -1.70148   -1.70115   -1.70055   -1.69986   -1.69951   -1.69801   -1.69629
  -1.69598   -1.69548   -1.69237   -1.69192   -1.68555   -1.68441   -1.68418   -1.68299
  -1.68265   -1.68124   -1.68052   -1.68027   -1.67745   -1.67728   -0.69911   -0.69870
  -0.69757   -0.69728   -0.69716   -0.69714   -0.69671   -0.69654   -0.69621   -0.69609
  -0.69607   -0.69583   -0.69571   -0.69454   -0.69436   -0.69417   -0.69326   -0.69321
  -0.69277   -0.69259   -0.45154   -0.43101   -0.42511   -0.40299   -0.39397   -0.38424
  -0.21562   -0.21450   -0.21360   -0.21320   -0.21302   -0.20090   -0.19983   -0.19890
  -0.19314   -0.19226   -0.16540   -0.15369   -0.12271   -0.11227   -0.09083   -0.07760
  -0.06144   -0.05037   -0.03744   -0.02856   -0.02843   -0.02538   -0.01273   -0.00678
   0.00062    0.00827    0.01971    0.03067    0.03814    0.04276    0.04301    0.08741
   0.12409    0.14237    0.16220    0.17919    0.20697    0.22426    0.23302    0.24274
   0.24578
 kpt#  11, nband=105, wtk=  1.00000, kpt=  0.0000  0.0000  0.5000 (reduced coord)
  -4.75299   -4.75298   -2.99050   -2.99050   -2.98876   -2.98842   -2.98842   -2.98791
  -1.70939   -1.70933   -1.70909   -1.70880   -1.70765   -1.70765   -1.70495   -1.70495
  -1.70485   -1.70381   -1.70272   -1.70267   -1.70216   -1.70044   -1.70044   -1.69864
  -1.69766   -1.69733   -1.69270   -1.69270   -1.68712   -1.68666   -1.68516   -1.68410
  -1.68394   -1.68370   -1.68370   -1.68283   -1.67751   -1.67751   -0.69938   -0.69898
  -0.69817   -0.69762   -0.69750   -0.69740   -0.69679   -0.69679   -0.69642   -0.69625
  -0.69625   -0.69609   -0.69609   -0.69475   -0.69453   -0.69453   -0.69376   -0.69347
  -0.69287   -0.69287   -0.45256   -0.43178   -0.42583   -0.40330   -0.39435   -0.38432
  -0.21647   -0.21553   -0.21420   -0.21362   -0.21362   -0.20162   -0.20162   -0.19938
  -0.19573   -0.19243   -0.16253   -0.14926   -0.11713   -0.11141   -0.08898   -0.07081
  -0.05877   -0.05877   -0.03475   -0.03475   -0.02397   -0.02397   -0.01580   -0.00439
  -0.00439    0.01017    0.01017    0.02782    0.03787    0.04545    0.04545    0.08545
   0.11708    0.13964    0.16070    0.17634    0.20228    0.22569    0.22949    0.25095
   0.25505
 kpt#  12, nband=105, wtk=  1.00000, kpt=  0.0000  0.0000  0.4583 (reduced coord)
  -4.75299   -4.75298   -2.99050   -2.99050   -2.98883   -2.98842   -2.98842   -2.98791
  -1.70953   -1.70939   -1.70909   -1.70883   -1.70765   -1.70765   -1.70494   -1.70494
  -1.70485   -1.70380   -1.70276   -1.70271   -1.70216   -1.70044   -1.70044   -1.69864
  -1.69807   -1.69733   -1.69269   -1.69269   -1.68712   -1.68666   -1.68535   -1.68410
  -1.68394   -1.68370   -1.68370   -1.68295   -1.67751   -1.67751   -0.69947   -0.69898
  -0.69817   -0.69762   -0.69750   -0.69740   -0.69679   -0.69679   -0.69642   -0.69625
  -0.69625   -0.69609   -0.69609   -0.69476   -0.69453   -0.69453   -0.69376   -0.69347
  -0.69287   -0.69287   -0.45256   -0.43178   -0.42583   -0.40330   -0.39435   -0.38432
  -0.21647   -0.21566   -0.21426   -0.21361   -0.21361   -0.20162   -0.20162   -0.19938
  -0.19573   -0.19243   -0.16253   -0.14926   -0.11713   -0.11143   -0.08899   -0.07081
  -0.05877   -0.05877   -0.03475   -0.03475   -0.02397   -0.02397   -0.01581   -0.00439
  -0.00439    0.01017    0.01017    0.02782    0.03787    0.04545    0.04545    0.08545
   0.11708    0.13964    0.16071    0.17633    0.20228    0.22563    0.22949    0.25095
   0.25520
 kpt#  13, nband=105, wtk=  1.00000, kpt=  0.0000  0.0000  0.4167 (reduced coord)
  -4.75300   -4.75298   -2.99050   -2.99050   -2.98896   -2.98849   -2.98849   -2.98791
  -1.71009   -1.70967   -1.70914   -1.70905   -1.70864   -1.70864   -1.70507   -1.70507
  -1.70480   -1.70381   -1.70273   -1.70230   -1.70197   -1.70094   -1.70094   -1.69870
  -1.69791   -1.69735   -1.69255   -1.69255   -1.68713   -1.68682   -1.68545   -1.68411
  -1.68396   -1.68348   -1.68348   -1.68275   -1.67815   -1.67815   -0.69952   -0.69899
  -0.69819   -0.69765   -0.69751   -0.69740   -0.69685   -0.69685   -0.69636   -0.69625
  -0.69625   -0.69614   -0.69614   -0.69474   -0.69456   -0.69456   -0.69377   -0.69347
  -0.69292   -0.69292   -0.45256   -0.43178   -0.42583   -0.40330   -0.39436   -0.38432
  -0.21649   -0.21565   -0.21425   -0.21361   -0.21361   -0.20192   -0.20192   -0.19937
  -0.19584   -0.19243   -0.16253   -0.14926   -0.11713   -0.11143   -0.08898   -0.07081
  -0.05877   -0.05877   -0.03475   -0.03475   -0.02400   -0.02400   -0.01581   -0.00439
  -0.00439    0.01017    0.01017    0.02783    0.03787    0.04545    0.04545    0.08543
   0.11708    0.13964    0.16074    0.17634    0.20228    0.22545    0.22949    0.25096
   0.25550
 kpt#  14, nband=105, wtk=  1.00000, kpt=  0.0000  0.0000  0.3750 (reduced coord)
  -4.75300   -4.75298   -2.99060   -2.99060   -2.98886   -2.98882   -2.98882   -2.98798
  -1.71205   -1.71024   -1.70989   -1.70975   -1.70975   -1.70908   -1.70551   -1.70551
  -1.70522   -1.70406   -1.70347   -1.70276   -1.70185   -1.70185   -1.70094   -1.69959
  -1.69802   -1.69784   -1.69286   -1.69286   -1.68740   -1.68739   -1.68512   -1.68458
  -1.68447   -1.68367   -1.68367   -1.68185   -1.67871   -1.67871   -0.69955   -0.69893
  -0.69857   -0.69770   -0.69765   -0.69745   -0.69695   -0.69695   -0.69630   -0.69628
  -0.69628   -0.69627   -0.69624   -0.69468   -0.69461   -0.69461   -0.69386   -0.69354
  -0.69301   -0.69301   -0.45256   -0.43178   -0.42583   -0.40330   -0.39436   -0.38433
  -0.21698   -0.21553   -0.21428   -0.21380   -0.21380   -0.20236   -0.20236   -0.19937
  -0.19648   -0.19242   -0.16253   -0.14926   -0.11713   -0.11140   -0.08895   -0.07081
  -0.05877   -0.05877   -0.03476   -0.03476   -0.02400   -0.02400   -0.01582   -0.00439
  -0.00439    0.01017    0.01017    0.02783    0.03786    0.04541    0.04541    0.08542
   0.11705    0.13962    0.16079    0.17631    0.20219    0.22518    0.22947    0.25097
   0.25602
 kpt#  15, nband=105, wtk=  1.00000, kpt=  0.0000  0.0000  0.3333 (reduced coord)
  -4.75300   -4.75298   -2.99059   -2.99059   -2.98886   -2.98882   -2.98882   -2.98797
  -1.71205   -1.71023   -1.70989   -1.70974   -1.70974   -1.70906   -1.70550   -1.70550
  -1.70522   -1.70405   -1.70347   -1.70276   -1.70184   -1.70184   -1.70093   -1.69959
  -1.69801   -1.69782   -1.69285   -1.69285   -1.68741   -1.68738   -1.68511   -1.68457
  -1.68446   -1.68366   -1.68366   -1.68183   -1.67869   -1.67869   -0.69955   -0.69893
  -0.69857   -0.69770   -0.69764   -0.69745   -0.69695   -0.69695   -0.69630   -0.69628
  -0.69628   -0.69627   -0.69624   -0.69467   -0.69461   -0.69461   -0.69386   -0.69354
  -0.69301   -0.69301   -0.45256   -0.43178   -0.42583   -0.40330   -0.39436   -0.38433
  -0.21698   -0.21553   -0.21427   -0.21379   -0.21379   -0.20235   -0.20235   -0.19935
  -0.19648   -0.19241   -0.16253   -0.14926   -0.11713   -0.11140   -0.08896   -0.07081
  -0.05877   -0.05877   -0.03476   -0.03476   -0.02400   -0.02400   -0.01582   -0.00439
  -0.00439    0.01017    0.01017    0.02783    0.03787    0.04542    0.04542    0.08541
   0.11705    0.13961    0.16086    0.17631    0.20219    0.22482    0.22947    0.25098
   0.25674
 kpt#  16, nband=105, wtk=  1.00000, kpt=  0.0000  0.0000  0.2917 (reduced coord)
  -4.75299   -4.75298   -2.99036   -2.99036   -2.98859   -2.98859   -2.98846   -2.98782
  -1.71145   -1.71014   -1.70959   -1.70882   -1.70862   -1.70862   -1.70391   -1.70388
  -1.70388   -1.70365   -1.70303   -1.70260   -1.70088   -1.70088   -1.70083   -1.69873
  -1.69766   -1.69748   -1.69165   -1.69165   -1.68700   -1.68692   -1.68494   -1.68393
  -1.68358   -1.68265   -1.68265   -1.68168   -1.67737   -1.67737   -0.69952   -0.69892
  -0.69842   -0.69767   -0.69762   -0.69736   -0.69673   -0.69673   -0.69621   -0.69621
  -0.69612   -0.69612   -0.69612   -0.69463   -0.69443   -0.69443   -0.69374   -0.69346
  -0.69280   -0.69280   -0.45256   -0.43178   -0.42583   -0.40329   -0.39436   -0.38432
  -0.21672   -0.21529   -0.21397   -0.21342   -0.21342   -0.20153   -0.20153   -0.19928
  -0.19623   -0.19219   -0.16253   -0.14926   -0.11713   -0.11139   -0.08895   -0.07081
  -0.05877   -0.05877   -0.03475   -0.03475   -0.02393   -0.02393   -0.01581   -0.00438
  -0.00438    0.01017    0.01017    0.02785    0.03789    0.04548    0.04548    0.08541
   0.11707    0.13959    0.16095    0.17635    0.20220    0.22442    0.22947    0.25099
   0.25759
 kpt#  17, nband=105, wtk=  1.00000, kpt=  0.0000  0.0000  0.2500 (reduced coord)
  -4.75299   -4.75297   -2.99028   -2.99028   -2.98794   -2.98785   -2.98785   -2.98681
  -1.70872   -1.70872   -1.70753   -1.70726   -1.70726   -1.70511   -1.70314   -1.70300
  -1.70234   -1.70194   -1.70194   -1.70091   -1.69946   -1.69931   -1.69931   -1.69787
  -1.69653   -1.69483   -1.69052   -1.69052   -1.68648   -1.68591   -1.68379   -1.68272
  -1.68144   -1.68041   -1.68041   -1.67821   -1.67593   -1.67593   -0.69902   -0.69853
  -0.69795   -0.69755   -0.69753   -0.69722   -0.69649   -0.69649   -0.69606   -0.69597
  -0.69586   -0.69586   -0.69582   -0.69432   -0.69413   -0.69413   -0.69352   -0.69331
  -0.69254   -0.69254   -0.45256   -0.43178   -0.42583   -0.40329   -0.39435   -0.38431
  -0.21590   -0.21500   -0.21372   -0.21294   -0.21294   -0.20030   -0.20030   -0.19714
  -0.19460   -0.19214   -0.16252   -0.14924   -0.11712   -0.11133   -0.08891   -0.07080
  -0.05877   -0.05877   -0.03475   -0.03475   -0.02389   -0.02389   -0.01580   -0.00438
  -0.00438    0.01018    0.01018    0.02786    0.03790    0.04555    0.04555    0.08540
   0.11719    0.13959    0.16105    0.17643    0.20222    0.22402    0.22948    0.25104
   0.25820
 kpt#  18, nband=105, wtk=  1.00000, kpt=  0.0000  0.0000  0.2083 (reduced coord)
  -4.75298   -4.75298   -2.99045   -2.99045   -2.98751   -2.98751   -2.98731   -2.98721
  -1.70863   -1.70853   -1.70722   -1.70722   -1.70641   -1.70447   -1.70311   -1.70287
  -1.70130   -1.70116   -1.70116   -1.70050   -1.69997   -1.69879   -1.69879   -1.69759
  -1.69647   -1.69471   -1.69115   -1.69115   -1.68639   -1.68565   -1.68314   -1.68234
  -1.68096   -1.67963   -1.67963   -1.67776   -1.67612   -1.67612   -0.69891   -0.69847
  -0.69796   -0.69755   -0.69747   -0.69722   -0.69649   -0.69649   -0.69598   -0.69587
  -0.69583   -0.69583   -0.69577   -0.69427   -0.69406   -0.69406   -0.69346   -0.69326
  -0.69248   -0.69248   -0.45256   -0.43178   -0.42583   -0.40329   -0.39435   -0.38430
  -0.21551   -0.21495   -0.21353   -0.21353   -0.21315   -0.19943   -0.19943   -0.19771
  -0.19405   -0.19217   -0.16252   -0.14923   -0.11712   -0.11126   -0.08888   -0.07080
  -0.05877   -0.05877   -0.03476   -0.03476   -0.02384   -0.02384   -0.01578   -0.00439
  -0.00439    0.01018    0.01018    0.02786    0.03790    0.04546    0.04546    0.08540
   0.11716    0.13958    0.16116    0.17645    0.20222    0.22361    0.22945    0.25104
   0.25853
 kpt#  19, nband=105, wtk=  1.00000, kpt=  0.0000  0.0000  0.1667 (reduced coord)
  -4.75298   -4.75298   -2.99052   -2.99052   -2.98774   -2.98751   -2.98751   -2.98721
  -1.70866   -1.70854   -1.70769   -1.70769   -1.70699   -1.70461   -1.70323   -1.70289
  -1.70164   -1.70164   -1.70130   -1.70115   -1.70050   -1.69885   -1.69885   -1.69769
  -1.69649   -1.69550   -1.69172   -1.69172   -1.68641   -1.68566   -1.68312   -1.68237
  -1.68104   -1.68003   -1.68003   -1.67857   -1.67658   -1.67658   -0.69896   -0.69864
  -0.69796   -0.69756   -0.69747   -0.69722   -0.69660   -0.69660   -0.69598   -0.69588
  -0.69588   -0.69588   -0.69587   -0.69433   -0.69412   -0.69412   -0.69346   -0.69326
  -0.69252   -0.69252   -0.45256   -0.43178   -0.42583   -0.40329   -0.39436   -0.38430
  -0.21552   -0.21500   -0.21395   -0.21395   -0.21315   -0.19944   -0.19944   -0.19836
  -0.19405   -0.19217   -0.16253   -0.14923   -0.11712   -0.11126   -0.08888   -0.07080
  -0.05877   -0.05877   -0.03476   -0.03476   -0.02385   -0.02385   -0.01579   -0.00439
  -0.00439    0.01018    0.01018    0.02787    0.03790    0.04541    0.04541    0.08539
   0.11715    0.13956    0.16124    0.17644    0.20222    0.22324    0.22943    0.25104
   0.25889
 kpt#  20, nband=105, wtk=  1.00000, kpt=  0.0000  0.0000  0.1250 (reduced coord)
  -4.75298   -4.75298   -2.99033   -2.99033   -2.98751   -2.98751   -2.98722   -2.98721
  -1.70850   -1.70841   -1.70716   -1.70716   -1.70688   -1.70372   -1.70295   -1.70240
  -1.70115   -1.70090   -1.70040   -1.70040   -1.70027   -1.69734   -1.69680   -1.69644
  -1.69644   -1.69477   -1.69196   -1.69196   -1.68619   -1.68594   -1.68282   -1.68231
  -1.68086   -1.67957   -1.67957   -1.67796   -1.67649   -1.67649   -0.69894   -0.69861
  -0.69794   -0.69750   -0.69745   -0.69713   -0.69648   -0.69648   -0.69604   -0.69586
  -0.69574   -0.69574   -0.69574   -0.69422   -0.69402   -0.69402   -0.69343   -0.69326
  -0.69241   -0.69241   -0.45256   -0.43178   -0.42583   -0.40328   -0.39435   -0.38430
  -0.21552   -0.21481   -0.21325   -0.21325   -0.21311   -0.19944   -0.19944   -0.19788
  -0.19406   -0.19208   -0.16253   -0.14923   -0.11711   -0.11126   -0.08888   -0.07080
  -0.05877   -0.05877   -0.03476   -0.03476   -0.02383   -0.02383   -0.01579   -0.00439
  -0.00439    0.01018    0.01018    0.02788    0.03791    0.04550    0.04550    0.08538
   0.11717    0.13955    0.16132    0.17647    0.20223    0.22294    0.22947    0.25105
   0.25836
 kpt#  21, nband=105, wtk=  1.00000, kpt=  0.0000  0.0000  0.0833 (reduced coord)
  -4.75298   -4.75298   -2.99008   -2.99008   -2.98747   -2.98747   -2.98745   -2.98672
  -1.70848   -1.70719   -1.70684   -1.70684   -1.70610   -1.70291   -1.70223   -1.70174
  -1.70152   -1.70045   -1.70019   -1.70015   -1.70015   -1.69733   -1.69599   -1.69599
  -1.69553   -1.69466   -1.69132   -1.69132   -1.68610   -1.68503   -1.68190   -1.68170
  -1.68085   -1.67894   -1.67894   -1.67857   -1.67603   -1.67603   -0.69891   -0.69856
  -0.69793   -0.69750   -0.69722   -0.69700   -0.69642   -0.69642   -0.69594   -0.69585
  -0.69569   -0.69567   -0.69567   -0.69419   -0.69392   -0.69392   -0.69342   -0.69313
  -0.69234   -0.69234   -0.45256   -0.43178   -0.42583   -0.40328   -0.39435   -0.38430
  -0.21551   -0.21469   -0.21306   -0.21306   -0.21241   -0.19915   -0.19915   -0.19848
  -0.19405   -0.19108   -0.16252   -0.14922   -0.11711   -0.11122   -0.08882   -0.07080
  -0.05877   -0.05877   -0.03475   -0.03475   -0.02381   -0.02381   -0.01578   -0.00439
  -0.00439    0.01018    0.01018    0.02788    0.03791    0.04553    0.04553    0.08539
   0.11715    0.13955    0.16139    0.17655    0.20224    0.22271    0.22948    0.25107
   0.25829
 kpt#  22, nband=105, wtk=  1.00000, kpt=  0.0000  0.0000  0.0417 (reduced coord)
  -4.75298   -4.75298   -2.99020   -2.99020   -2.98778   -2.98748   -2.98748   -2.98699
  -1.70854   -1.70741   -1.70741   -1.70724   -1.70721   -1.70295   -1.70293   -1.70204
  -1.70183   -1.70088   -1.70088   -1.70070   -1.70047   -1.69742   -1.69731   -1.69731
  -1.69573   -1.69555   -1.69155   -1.69155   -1.68625   -1.68512   -1.68297   -1.68177
  -1.68088   -1.67938   -1.67938   -1.67891   -1.67635   -1.67635   -0.69914   -0.69872
  -0.69794   -0.69752   -0.69723   -0.69702   -0.69650   -0.69650   -0.69595   -0.69586
  -0.69583   -0.69583   -0.69575   -0.69424   -0.69399   -0.69399   -0.69344   -0.69315
  -0.69242   -0.69242   -0.45256   -0.43178   -0.42583   -0.40329   -0.39436   -0.38430
  -0.21552   -0.21483   -0.21358   -0.21358   -0.21294   -0.19921   -0.19921   -0.19870
  -0.19405   -0.19118   -0.16253   -0.14923   -0.11711   -0.11125   -0.08887   -0.07080
  -0.05877   -0.05877   -0.03475   -0.03475   -0.02382   -0.02382   -0.01580   -0.00439
  -0.00439    0.01018    0.01018    0.02787    0.03790    0.04546    0.04546    0.08536
   0.11714    0.13954    0.16140    0.17654    0.20222    0.22256    0.22947    0.25106
   0.25838
 kpt#  23, nband=105, wtk=  1.00000, kpt=  0.0000  0.0000  0.0000 (reduced coord)
  -4.75298   -4.75297   -2.98965   -2.98965   -2.98772   -2.98740   -2.98740   -2.98658
  -1.70800   -1.70667   -1.70638   -1.70638   -1.70592   -1.70213   -1.70177   -1.70140
  -1.70121   -1.69980   -1.69980   -1.69913   -1.69896   -1.69650   -1.69650   -1.69578
  -1.69504   -1.69440   -1.69133   -1.69133   -1.68482   -1.68404   -1.68221   -1.68096
  -1.67968   -1.67896   -1.67896   -1.67804   -1.67582   -1.67582   -0.69886   -0.69859
  -0.69790   -0.69720   -0.69716   -0.69672   -0.69635   -0.69635   -0.69585   -0.69572
  -0.69570   -0.69570   -0.69564   -0.69412   -0.69391   -0.69391   -0.69323   -0.69299
  -0.69233   -0.69233   -0.45256   -0.43177   -0.42583   -0.40327   -0.39435   -0.38429
  -0.21546   -0.21387   -0.21336   -0.21336   -0.21241   -0.19869   -0.19869   -0.19813
  -0.19401   -0.19025   -0.16252   -0.14922   -0.11711   -0.11120   -0.08884   -0.07080
  -0.05877   -0.05877   -0.03475   -0.03475   -0.02379   -0.02379   -0.01576   -0.00439
  -0.00439    0.01018    0.01018    0.02792    0.03796    0.04549    0.04549    0.08538
   0.11717    0.13956    0.16144    0.17660    0.20224    0.22253    0.22963    0.25107
   0.25872
 kpt#  24, nband=105, wtk=  1.00000, kpt=  0.0278  0.0278  0.0278 (reduced coord)
  -4.75298   -4.75298   -2.99060   -2.99023   -2.98781   -2.98769   -2.98748   -2.98690
  -1.70756   -1.70720   -1.70678   -1.70654   -1.70636   -1.70354   -1.70293   -1.70245
  -1.70230   -1.70214   -1.70129   -1.70081   -1.70037   -1.69925   -1.69783   -1.69706
  -1.69601   -1.69503   -1.69228   -1.69176   -1.68622   -1.68569   -1.68314   -1.68271
  -1.68264   -1.68105   -1.67970   -1.67892   -1.67668   -1.67663   -0.69888   -0.69869
  -0.69769   -0.69762   -0.69729   -0.69717   -0.69662   -0.69648   -0.69612   -0.69609
  -0.69586   -0.69578   -0.69572   -0.69428   -0.69421   -0.69407   -0.69354   -0.69327
  -0.69255   -0.69246   -0.45224   -0.43154   -0.42560   -0.40320   -0.39424   -0.38427
  -0.21569   -0.21498   -0.21380   -0.21350   -0.21236   -0.19966   -0.19922   -0.19885
  -0.19424   -0.19187   -0.16344   -0.15069   -0.11897   -0.11155   -0.08948   -0.07320
  -0.05961   -0.05592   -0.03560   -0.03215   -0.02531   -0.02511   -0.01469   -0.00515
  -0.00262    0.00958    0.01334    0.02863    0.03796    0.04454    0.04463    0.08601
   0.11934    0.14042    0.16194    0.17726    0.20368    0.22230    0.23051    0.24840
   0.25763
 kpt#  25, nband=105, wtk=  1.00000, kpt=  0.0556  0.0556  0.0556 (reduced coord)
  -4.75298   -4.75298   -2.99039   -2.99018   -2.98782   -2.98770   -2.98768   -2.98753
  -1.70816   -1.70743   -1.70675   -1.70655   -1.70558   -1.70433   -1.70320   -1.70258
  -1.70228   -1.70196   -1.70157   -1.70084   -1.70067   -1.69984   -1.69957   -1.69628
  -1.69609   -1.69479   -1.69296   -1.69237   -1.68589   -1.68562   -1.68389   -1.68261
  -1.68216   -1.68180   -1.68094   -1.67937   -1.67760   -1.67745   -0.69886   -0.69852
  -0.69760   -0.69735   -0.69731   -0.69717   -0.69676   -0.69660   -0.69617   -0.69607
  -0.69606   -0.69583   -0.69575   -0.69453   -0.69429   -0.69428   -0.69338   -0.69328
  -0.69286   -0.69264   -0.45131   -0.43083   -0.42494   -0.40292   -0.39388   -0.38421
  -0.21565   -0.21438   -0.21325   -0.21312   -0.21193   -0.20140   -0.20025   -0.19881
  -0.19413   -0.19256   -0.16604   -0.15462   -0.12386   -0.11235   -0.09120   -0.07883
  -0.06205   -0.04871   -0.03807   -0.02939   -0.02888   -0.02408   -0.01205   -0.00733
   0.00149    0.00783    0.02167    0.03147    0.03823    0.04228    0.04242    0.08779
   0.12561    0.14272    0.16327    0.17988    0.20812    0.22147    0.23379    0.23937
   0.24213
 kpt#  26, nband=105, wtk=  1.00000, kpt=  0.0833  0.0833  0.0833 (reduced coord)
  -4.75298   -4.75297   -2.99015   -2.98963   -2.98797   -2.98768   -2.98752   -2.98735
  -1.70759   -1.70749   -1.70649   -1.70507   -1.70465   -1.70355   -1.70268   -1.70259
  -1.70186   -1.70180   -1.70118   -1.70104   -1.70042   -1.69900   -1.69891   -1.69598
  -1.69536   -1.69394   -1.69240   -1.69190   -1.68531   -1.68500   -1.68287   -1.68237
  -1.68182   -1.68148   -1.68082   -1.67862   -1.67705   -1.67694   -0.69864   -0.69842
  -0.69746   -0.69722   -0.69718   -0.69702   -0.69662   -0.69661   -0.69615   -0.69609
  -0.69599   -0.69581   -0.69573   -0.69442   -0.69420   -0.69418   -0.69333   -0.69319
  -0.69274   -0.69262   -0.44975   -0.42967   -0.42383   -0.40248   -0.39327   -0.38411
  -0.21582   -0.21366   -0.21268   -0.21240   -0.21167   -0.20049   -0.20036   -0.19788
  -0.19485   -0.19247   -0.16997   -0.15999   -0.13044   -0.11352   -0.09440   -0.08434
  -0.06590   -0.04205   -0.04050   -0.03526   -0.03115   -0.01455   -0.01075   -0.00716
   0.00497    0.00504    0.03226    0.03522    0.03887    0.04041    0.04109    0.09043
   0.13503    0.14531    0.16545    0.18511    0.21500    0.21665    0.22156    0.22758
   0.23829
 kpt#  27, nband=105, wtk=  1.00000, kpt=  0.1111  0.1111  0.1111 (reduced coord)
  -4.75298   -4.75298   -2.99007   -2.98976   -2.98780   -2.98776   -2.98764   -2.98727
  -1.70747   -1.70693   -1.70662   -1.70529   -1.70404   -1.70337   -1.70266   -1.70225
  -1.70205   -1.70169   -1.70148   -1.70142   -1.70037   -1.69887   -1.69811   -1.69569
  -1.69529   -1.69380   -1.69298   -1.69209   -1.68543   -1.68480   -1.68306   -1.68193
  -1.68190   -1.68131   -1.68125   -1.67898   -1.67801   -1.67675   -0.69869   -0.69841
  -0.69731   -0.69712   -0.69710   -0.69697   -0.69666   -0.69664   -0.69619   -0.69613
  -0.69599   -0.69588   -0.69567   -0.69440   -0.69438   -0.69422   -0.69326   -0.69315
  -0.69274   -0.69264   -0.44760   -0.42809   -0.42233   -0.40193   -0.39242   -0.38397
  -0.21581   -0.21310   -0.21255   -0.21188   -0.21106   -0.20025   -0.19924   -0.19851
  -0.19535   -0.19373   -0.17469   -0.16583   -0.13765   -0.11555   -0.09933   -0.08706
  -0.07087   -0.04745   -0.04206   -0.03869   -0.02881   -0.01519   -0.00433    0.00136
   0.00180    0.00609    0.03233    0.03409    0.03952    0.04697    0.05095    0.09393
   0.14640    0.14670    0.16936    0.19089    0.19844    0.20277    0.22385    0.22446
   0.23358
 kpt#  28, nband=105, wtk=  1.00000, kpt=  0.1389  0.1389  0.1389 (reduced coord)
  -4.75298   -4.75297   -2.98978   -2.98885   -2.98778   -2.98773   -2.98763   -2.98751
  -1.70726   -1.70698   -1.70594   -1.70431   -1.70412   -1.70298   -1.70290   -1.70198
  -1.70162   -1.70128   -1.70073   -1.70004   -1.69947   -1.69842   -1.69831   -1.69511
  -1.69448   -1.69265   -1.69209   -1.69162   -1.68453   -1.68440   -1.68276   -1.68168
  -1.68108   -1.68090   -1.67975   -1.67842   -1.67740   -1.67714   -0.69849   -0.69814
  -0.69717   -0.69697   -0.69694   -0.69675   -0.69668   -0.69661   -0.69613   -0.69607
  -0.69599   -0.69571   -0.69563   -0.69445   -0.69428   -0.69422   -0.69319   -0.69292
  -0.69276   -0.69266   -0.44488   -0.42614   -0.42044   -0.40129   -0.39131   -0.38379
  -0.21599   -0.21195   -0.21158   -0.21121   -0.20952   -0.20019   -0.19904   -0.19796
  -0.19671   -0.19368   -0.17963   -0.17139   -0.14475   -0.11959   -0.10334   -0.08748
  -0.07665   -0.05403   -0.04895   -0.04205   -0.02380   -0.02038   -0.00303    0.00135
   0.00831    0.01471    0.02862    0.02862    0.04268    0.05843    0.06363    0.09861
   0.14652    0.15861    0.17375    0.17810    0.17975    0.20413    0.20962    0.22428
   0.23428
 kpt#  29, nband=105, wtk=  1.00000, kpt=  0.1667  0.1667  0.1667 (reduced coord)
  -4.75299   -4.75297   -2.98957   -2.98819   -2.98805   -2.98764   -2.98754   -2.98721
  -1.70728   -1.70678   -1.70569   -1.70341   -1.70323   -1.70239   -1.70205   -1.70159
  -1.70131   -1.70073   -1.70008   -1.69892   -1.69835   -1.69801   -1.69749   -1.69495
  -1.69371   -1.69258   -1.69176   -1.69069   -1.68431   -1.68352   -1.68217   -1.68107
  -1.68098   -1.68068   -1.67876   -1.67753   -1.67748   -1.67621   -0.69841   -0.69799
  -0.69695   -0.69690   -0.69678   -0.69669   -0.69656   -0.69649   -0.69617   -0.69606
  -0.69590   -0.69558   -0.69535   -0.69441   -0.69430   -0.69414   -0.69296   -0.69281
  -0.69269   -0.69269   -0.44162   -0.42387   -0.41823   -0.40059   -0.38997   -0.38357
  -0.21667   -0.21088   -0.21018   -0.20984   -0.20881   -0.20031   -0.19869   -0.19791
  -0.19724   -0.19355   -0.18428   -0.17626   -0.15121   -0.12564   -0.10533   -0.08654
  -0.08296   -0.06125   -0.05569   -0.04580   -0.02608   -0.01997   -0.00792   -0.00093
   0.01377    0.02269    0.02288    0.03139    0.04689    0.06755    0.07520    0.10393
   0.14531    0.15913    0.16451    0.17047    0.18329    0.18666    0.20429    0.21648
   0.23137
 kpt#  30, nband=105, wtk=  1.00000, kpt=  0.1944  0.1944  0.1944 (reduced coord)
  -4.75299   -4.75297   -2.98927   -2.98823   -2.98821   -2.98772   -2.98760   -2.98678
  -1.70770   -1.70640   -1.70550   -1.70352   -1.70232   -1.70211   -1.70168   -1.70140
  -1.70012   -1.70008   -1.69951   -1.69872   -1.69819   -1.69762   -1.69645   -1.69538
  -1.69422   -1.69310   -1.69223   -1.69018   -1.68469   -1.68267   -1.68202   -1.68160
  -1.68151   -1.67952   -1.67903   -1.67751   -1.67748   -1.67519   -0.69825   -0.69811
  -0.69693   -0.69676   -0.69674   -0.69668   -0.69649   -0.69648   -0.69627   -0.69591
  -0.69587   -0.69538   -0.69530   -0.69446   -0.69441   -0.69418   -0.69280   -0.69279
  -0.69271   -0.69263   -0.43789   -0.42136   -0.41577   -0.39987   -0.38844   -0.38327
  -0.21698   -0.21023   -0.20905   -0.20885   -0.20726   -0.20083   -0.19854   -0.19773
  -0.19743   -0.19496   -0.18826   -0.18021   -0.15664   -0.13227   -0.10631   -0.08951
  -0.08449   -0.06862   -0.06235   -0.04914   -0.03205   -0.01721   -0.01313   -0.00516
   0.01572    0.01631    0.02004    0.04068    0.05477    0.07068    0.08094    0.10771
   0.14332    0.14877    0.16197    0.16916    0.18070    0.18499    0.19067    0.21596
   0.23721
 kpt#  31, nband=105, wtk=  1.00000, kpt=  0.2222  0.2222  0.2222 (reduced coord)
  -4.75298   -4.75297   -2.98909   -2.98825   -2.98815   -2.98773   -2.98768   -2.98753
  -1.70696   -1.70661   -1.70628   -1.70366   -1.70262   -1.70251   -1.70175   -1.70149
  -1.70019   -1.69981   -1.69976   -1.69901   -1.69833   -1.69808   -1.69757   -1.69565
  -1.69424   -1.69407   -1.69267   -1.69142   -1.68419   -1.68295   -1.68247   -1.68169
  -1.68140   -1.67936   -1.67925   -1.67816   -1.67754   -1.67674   -0.69816   -0.69803
  -0.69716   -0.69690   -0.69678   -0.69661   -0.69654   -0.69641   -0.69632   -0.69599
  -0.69597   -0.69548   -0.69534   -0.69457   -0.69445   -0.69410   -0.69304   -0.69285
  -0.69279   -0.69260   -0.43376   -0.41871   -0.41314   -0.39916   -0.38677   -0.38288
  -0.21719   -0.20969   -0.20852   -0.20835   -0.20532   -0.20181   -0.19920   -0.19811
  -0.19739   -0.19659   -0.19127   -0.18316   -0.16071   -0.13849   -0.10706   -0.09607
  -0.08159   -0.07566   -0.06888   -0.05170   -0.03808   -0.01846   -0.01580   -0.01004
   0.00991    0.01393    0.01648    0.03884    0.06498    0.06884    0.07545    0.10869
   0.13857    0.15134    0.16152    0.16814    0.17426    0.18858    0.19653    0.21454
   0.23501
 kpt#  32, nband=105, wtk=  1.00000, kpt=  0.2500  0.2500  0.2500 (reduced coord)
  -4.75299   -4.75297   -2.98893   -2.98878   -2.98827   -2.98782   -2.98755   -2.98740
  -1.70684   -1.70654   -1.70575   -1.70424   -1.70234   -1.70232   -1.70159   -1.70111
  -1.70063   -1.70037   -1.69982   -1.69953   -1.69884   -1.69883   -1.69805   -1.69574
  -1.69391   -1.69374   -1.69265   -1.69249   -1.68516   -1.68284   -1.68243   -1.68162
  -1.68122   -1.68018   -1.67889   -1.67801   -1.67778   -1.67733   -0.69801   -0.69791
  -0.69761   -0.69749   -0.69671   -0.69667   -0.69646   -0.69635   -0.69626   -0.69595
  -0.69586   -0.69566   -0.69520   -0.69449   -0.69441   -0.69403   -0.69349   -0.69277
  -0.69271   -0.69247   -0.42932   -0.41599   -0.41047   -0.39842   -0.38501   -0.38232
  -0.21790   -0.20888   -0.20763   -0.20730   -0.20509   -0.20344   -0.19974   -0.19859
  -0.19638   -0.19630   -0.19307   -0.18514   -0.16311   -0.14384   -0.10777   -0.10244
  -0.08212   -0.07814   -0.07513   -0.05313   -0.04399   -0.02376   -0.01769   -0.01395
   0.00357    0.00778    0.01199    0.03147    0.05747    0.06147    0.07568    0.10216
   0.13915    0.15465    0.16701    0.17099    0.19089    0.19383    0.19923    0.21376
   0.23316
 kpt#  33, nband=105, wtk=  1.00000, kpt=  0.2778  0.2778  0.2778 (reduced coord)
  -4.75299   -4.75297   -2.98915   -2.98882   -2.98811   -2.98785   -2.98785   -2.98764
  -1.70787   -1.70771   -1.70675   -1.70522   -1.70368   -1.70315   -1.70228   -1.70160
  -1.70127   -1.70042   -1.69973   -1.69906   -1.69888   -1.69850   -1.69664   -1.69663
  -1.69450   -1.69434   -1.69319   -1.69235   -1.68591   -1.68338   -1.68240   -1.68129
  -1.68099   -1.68088   -1.67871   -1.67862   -1.67780   -1.67764   -0.69812   -0.69791
  -0.69783   -0.69769   -0.69690   -0.69684   -0.69651   -0.69630   -0.69616   -0.69593
  -0.69592   -0.69567   -0.69496   -0.69462   -0.69461   -0.69396   -0.69380   -0.69294
  -0.69280   -0.69223   -0.42469   -0.41332   -0.40792   -0.39769   -0.38327   -0.38148
  -0.21818   -0.20806   -0.20751   -0.20633   -0.20565   -0.20363   -0.19966   -0.19883
  -0.19684   -0.19670   -0.19364   -0.18622   -0.16366   -0.14805   -0.10847   -0.10847
  -0.08799   -0.08102   -0.07457   -0.05326   -0.04962   -0.02887   -0.02372   -0.01706
  -0.00475   -0.00244    0.00779    0.02363    0.04513    0.04887    0.07087    0.09204
   0.14509    0.16130    0.18066    0.18723    0.19671    0.19738    0.21136    0.21516
   0.23093
 kpt#  34, nband=105, wtk=  1.00000, kpt=  0.3056  0.3056  0.3056 (reduced coord)
  -4.75299   -4.75297   -2.98922   -2.98876   -2.98800   -2.98799   -2.98795   -2.98773
  -1.70774   -1.70747   -1.70733   -1.70622   -1.70349   -1.70293   -1.70237   -1.70144
  -1.70108   -1.70050   -1.70007   -1.69925   -1.69857   -1.69844   -1.69745   -1.69622
  -1.69508   -1.69414   -1.69340   -1.69248   -1.68603   -1.68328   -1.68218   -1.68191
  -1.68147   -1.68124   -1.67941   -1.67846   -1.67792   -1.67769   -0.69825   -0.69802
  -0.69796   -0.69774   -0.69692   -0.69683   -0.69656   -0.69623   -0.69601   -0.69600
  -0.69590   -0.69577   -0.69493   -0.69465   -0.69462   -0.69396   -0.69392   -0.69288
  -0.69287   -0.69218   -0.42003   -0.41078   -0.40566   -0.39693   -0.38165   -0.38027
  -0.21831   -0.20813   -0.20731   -0.20705   -0.20515   -0.20268   -0.19950   -0.19919
  -0.19699   -0.19640   -0.19291   -0.18637   -0.16228   -0.15095   -0.11404   -0.10903
  -0.09311   -0.08641   -0.07124   -0.05485   -0.05196   -0.03366   -0.03182   -0.02599
  -0.01685   -0.00806    0.00269    0.01478    0.03044    0.03990    0.05902    0.08370
   0.15148    0.17776    0.19275    0.19787    0.19875    0.20614    0.21494    0.22658
   0.23216
 kpt#  35, nband=105, wtk=  1.00000, kpt=  0.3333  0.3333  0.3333 (reduced coord)
  -4.75299   -4.75298   -2.98939   -2.98875   -2.98817   -2.98811   -2.98768   -2.98752
  -1.70781   -1.70686   -1.70683   -1.70561   -1.70324   -1.70249   -1.70164   -1.70134
  -1.70131   -1.70054   -1.70023   -1.69933   -1.69914   -1.69891   -1.69870   -1.69581
  -1.69468   -1.69437   -1.69386   -1.69316   -1.68478   -1.68291   -1.68262   -1.68216
  -1.68159   -1.68115   -1.67902   -1.67865   -1.67850   -1.67752   -0.69822   -0.69801
  -0.69785   -0.69765   -0.69691   -0.69685   -0.69667   -0.69620   -0.69607   -0.69606
  -0.69584   -0.69577   -0.69504   -0.69471   -0.69462   -0.69402   -0.69385   -0.69295
  -0.69280   -0.69225   -0.41549   -0.40848   -0.40380   -0.39611   -0.38014   -0.37871
  -0.21843   -0.20921   -0.20702   -0.20599   -0.20487   -0.20110   -0.19997   -0.19943
  -0.19698   -0.19642   -0.19088   -0.18550   -0.15909   -0.15236   -0.11904   -0.10941
  -0.09743   -0.09116   -0.06847   -0.05957   -0.04955   -0.04295   -0.04199   -0.03801
  -0.02340   -0.01325   -0.00303    0.00374    0.01687    0.02913    0.05091    0.07744
   0.15757    0.18959    0.19794    0.19923    0.21258    0.21497    0.22070    0.22354
   0.23858
 kpt#  36, nband=105, wtk=  1.00000, kpt=  0.3611  0.3611  0.3611 (reduced coord)
  -4.75298   -4.75297   -2.98935   -2.98883   -2.98819   -2.98759   -2.98758   -2.98716
  -1.70691   -1.70647   -1.70621   -1.70422   -1.70298   -1.70204   -1.70182   -1.70148
  -1.70039   -1.70024   -1.70004   -1.69948   -1.69908   -1.69873   -1.69823   -1.69464
  -1.69455   -1.69346   -1.69332   -1.69281   -1.68394   -1.68362   -1.68174   -1.68097
  -1.68066   -1.68029   -1.67977   -1.67824   -1.67733   -1.67720   -0.69840   -0.69802
  -0.69784   -0.69753   -0.69689   -0.69663   -0.69649   -0.69622   -0.69609   -0.69586
  -0.69582   -0.69555   -0.69511   -0.69461   -0.69456   -0.69393   -0.69370   -0.69276
  -0.69274   -0.69231   -0.41129   -0.40650   -0.40239   -0.39526   -0.37861   -0.37704
  -0.21834   -0.21056   -0.20687   -0.20485   -0.20437   -0.19993   -0.19899   -0.19868
  -0.19673   -0.19651   -0.18761   -0.18352   -0.15460   -0.15189   -0.12339   -0.10952
  -0.10107   -0.09524   -0.06780   -0.06368   -0.05880   -0.05519   -0.04643   -0.04183
  -0.02903   -0.01774   -0.00980   -0.00849    0.00734    0.01334    0.05013    0.07265
   0.16313    0.18789    0.19741    0.20853    0.21541    0.22228    0.22400    0.23591
   0.23815
 kpt#  37, nband=105, wtk=  1.00000, kpt=  0.3889  0.3889  0.3889 (reduced coord)
  -4.75299   -4.75297   -2.98951   -2.98862   -2.98842   -2.98790   -2.98766   -2.98723
  -1.70689   -1.70678   -1.70659   -1.70465   -1.70277   -1.70252   -1.70198   -1.70177
  -1.70124   -1.70073   -1.70059   -1.69996   -1.69967   -1.69913   -1.69889   -1.69514
  -1.69483   -1.69382   -1.69339   -1.69321   -1.68425   -1.68368   -1.68174   -1.68134
  -1.68079   -1.68068   -1.68034   -1.67840   -1.67766   -1.67764   -0.69854   -0.69824
  -0.69785   -0.69768   -0.69691   -0.69669   -0.69656   -0.69628   -0.69602   -0.69598
  -0.69583   -0.69559   -0.69510   -0.69468   -0.69465   -0.69406   -0.69371   -0.69286
  -0.69278   -0.69230   -0.40763   -0.40489   -0.40139   -0.39443   -0.37709   -0.37542
  -0.21823   -0.21301   -0.20614   -0.20487   -0.20363   -0.19910   -0.19886   -0.19818
  -0.19735   -0.19723   -0.18330   -0.18043   -0.15128   -0.14733   -0.12703   -0.10937
  -0.10422   -0.09865   -0.07930   -0.07010   -0.06714   -0.06119   -0.04506   -0.04474
  -0.03463   -0.02160   -0.02149   -0.01418   -0.00264    0.00039    0.05203    0.06900
   0.16783    0.18722    0.19659    0.20467    0.21448    0.22207    0.23531    0.24152
   0.24420
 kpt#  38, nband=105, wtk=  1.00000, kpt=  0.4167  0.4167  0.4167 (reduced coord)
  -4.75299   -4.75298   -2.98950   -2.98847   -2.98840   -2.98799   -2.98798   -2.98759
  -1.70804   -1.70707   -1.70566   -1.70501   -1.70347   -1.70295   -1.70242   -1.70215
  -1.70164   -1.70148   -1.70089   -1.70025   -1.69985   -1.69941   -1.69922   -1.69547
  -1.69494   -1.69448   -1.69386   -1.69368   -1.68409   -1.68390   -1.68232   -1.68130
  -1.68112   -1.68066   -1.68043   -1.67870   -1.67809   -1.67785   -0.69853   -0.69814
  -0.69791   -0.69763   -0.69698   -0.69698   -0.69664   -0.69634   -0.69613   -0.69598
  -0.69586   -0.69560   -0.69513   -0.69482   -0.69473   -0.69414   -0.69371   -0.69302
  -0.69282   -0.69233   -0.40474   -0.40361   -0.40067   -0.39367   -0.37570   -0.37396
  -0.21788   -0.21459   -0.20577   -0.20531   -0.20241   -0.19925   -0.19845   -0.19825
  -0.19798   -0.19749   -0.17831   -0.17636   -0.14791   -0.14042   -0.12991   -0.10901
  -0.10661   -0.10128   -0.09435   -0.08343   -0.06988   -0.06122   -0.04835   -0.04763
  -0.03780   -0.02781   -0.02470   -0.02236   -0.01354   -0.00527    0.05433    0.06646
   0.17145    0.18761    0.19573    0.20082    0.21454    0.22003    0.23300    0.23868
   0.26097
 kpt#  39, nband=105, wtk=  1.00000, kpt=  0.4444  0.4444  0.4444 (reduced coord)
  -4.75299   -4.75298   -2.98940   -2.98857   -2.98854   -2.98835   -2.98798   -2.98788
  -1.70824   -1.70778   -1.70657   -1.70457   -1.70383   -1.70361   -1.70293   -1.70233
  -1.70219   -1.70178   -1.70129   -1.70056   -1.70000   -1.69951   -1.69914   -1.69608
  -1.69565   -1.69529   -1.69442   -1.69330   -1.68460   -1.68428   -1.68249   -1.68198
  -1.68187   -1.68152   -1.68042   -1.67968   -1.67841   -1.67780   -0.69866   -0.69825
  -0.69808   -0.69764   -0.69713   -0.69694   -0.69676   -0.69624   -0.69619   -0.69617
  -0.69594   -0.69557   -0.69513   -0.69495   -0.69468   -0.69428   -0.69376   -0.69312
  -0.69286   -0.69237   -0.40319   -0.40230   -0.40009   -0.39305   -0.37459   -0.37280
  -0.21803   -0.21603   -0.20570   -0.20536   -0.20153   -0.19926   -0.19884   -0.19866
  -0.19807   -0.19753   -0.17326   -0.17181   -0.14333   -0.13335   -0.13199   -0.10928
  -0.10834   -0.10747   -0.10314   -0.09494   -0.07186   -0.06507   -0.05282   -0.04950
  -0.04012   -0.03284   -0.02752   -0.02694   -0.01894   -0.00948    0.05602    0.06506
   0.17407    0.18850    0.19500    0.19763    0.21543    0.21824    0.23131    0.23417
   0.27020
 kpt#  40, nband=105, wtk=  1.00000, kpt=  0.4722  0.4722  0.4722 (reduced coord)
  -4.75298   -4.75298   -2.98879   -2.98859   -2.98834   -2.98818   -2.98779   -2.98775
  -1.70838   -1.70772   -1.70556   -1.70374   -1.70310   -1.70245   -1.70242   -1.70144
  -1.70117   -1.70088   -1.70054   -1.70011   -1.69932   -1.69902   -1.69844   -1.69576
  -1.69499   -1.69432   -1.69394   -1.69265   -1.68417   -1.68323   -1.68212   -1.68150
  -1.68136   -1.68022   -1.67963   -1.67892   -1.67827   -1.67704   -0.69848   -0.69818
  -0.69807   -0.69753   -0.69695   -0.69684   -0.69655   -0.69619   -0.69610   -0.69610
  -0.69591   -0.69546   -0.69507   -0.69477   -0.69453   -0.69414   -0.69368   -0.69301
  -0.69279   -0.69228   -0.40263   -0.40132   -0.39957   -0.39264   -0.37387   -0.37204
  -0.21734   -0.21683   -0.20521   -0.20515   -0.20013   -0.19905   -0.19880   -0.19799
  -0.19789   -0.19709   -0.16919   -0.16783   -0.13784   -0.13324   -0.12765   -0.11920
  -0.10935   -0.10890   -0.10423   -0.10255   -0.07306   -0.07097   -0.05373   -0.05063
  -0.04737   -0.03209   -0.02827   -0.02801   -0.02338   -0.01183    0.05679    0.06467
   0.17581    0.18938    0.19454    0.19532    0.21651    0.21718    0.23034    0.23094
   0.27259
 kpt#  41, nband=105, wtk=  1.00000, kpt=  0.5000  0.5000  0.5000 (reduced coord)
  -4.75297   -4.75297   -2.98795   -2.98793   -2.98777   -2.98775   -2.98712   -2.98712
  -1.70703   -1.70703   -1.70371   -1.70151   -1.70124   -1.70115   -1.70028   -1.70023
  -1.69991   -1.69891   -1.69891   -1.69786   -1.69776   -1.69645   -1.69645   -1.69387
  -1.69260   -1.69214   -1.69001   -1.69001   -1.68250   -1.68212   -1.68114   -1.67961
  -1.67910   -1.67799   -1.67799   -1.67769   -1.67503   -1.67503   -0.69849   -0.69820
  -0.69785   -0.69742   -0.69649   -0.69649   -0.69606   -0.69597   -0.69565   -0.69565
  -0.69564   -0.69519   -0.69478   -0.69419   -0.69419   -0.69383   -0.69348   -0.69244
  -0.69244   -0.69198   -0.40245   -0.40104   -0.39933   -0.39247   -0.37362   -0.37177
  -0.21663   -0.21663   -0.20418   -0.20418   -0.19863   -0.19863   -0.19757   -0.19706
  -0.19606   -0.19601   -0.16755   -0.16616   -0.13366   -0.13366   -0.12589   -0.12479
  -0.10964   -0.10964   -0.10455   -0.10455   -0.07346   -0.07346   -0.05351   -0.05100
  -0.05100   -0.02934   -0.02867   -0.02867   -0.02623   -0.01250    0.05696    0.06467
   0.17650    0.18985    0.19443    0.19443    0.21687    0.21712    0.23004    0.23004
   0.27273
 kpt#  42, nband=105, wtk=  1.00000, kpt=  0.4375  0.5000  0.5000 (reduced coord)
  -4.75298   -4.75298   -2.98874   -2.98872   -2.98845   -2.98843   -2.98801   -2.98801
  -1.70834   -1.70783   -1.70600   -1.70517   -1.70364   -1.70290   -1.70208   -1.70185
  -1.70161   -1.70144   -1.70064   -1.69979   -1.69977   -1.69933   -1.69911   -1.69550
  -1.69514   -1.69496   -1.69462   -1.69411   -1.68429   -1.68384   -1.68246   -1.68208
  -1.68143   -1.68086   -1.68086   -1.67940   -1.67889   -1.67835   -0.69861   -0.69828
  -0.69816   -0.69764   -0.69707   -0.69687   -0.69671   -0.69615   -0.69607   -0.69605
  -0.69602   -0.69560   -0.69498   -0.69488   -0.69470   -0.69427   -0.69379   -0.69308
  -0.69295   -0.69222   -0.40287   -0.40169   -0.39998   -0.39286   -0.37425   -0.37244
  -0.21726   -0.21725   -0.20502   -0.20501   -0.20056   -0.20038   -0.19847   -0.19819
  -0.19792   -0.19783   -0.17150   -0.17022   -0.14004   -0.13865   -0.11957   -0.11955
  -0.10859   -0.10841   -0.10159   -0.10146   -0.07005   -0.06960   -0.05378   -0.04649
  -0.04551   -0.03353   -0.02798   -0.02762   -0.02050   -0.01090    0.05663    0.06460
   0.17499    0.18865    0.19479    0.19659    0.21633    0.21724    0.23156    0.23175
   0.27223
 kpt#  43, nband=105, wtk=  1.00000, kpt=  0.3750  0.5000  0.5000 (reduced coord)
  -4.75298   -4.75298   -2.98905   -2.98903   -2.98802   -2.98801   -2.98765   -2.98765
  -1.70680   -1.70663   -1.70549   -1.70501   -1.70320   -1.70246   -1.70233   -1.70201
  -1.70141   -1.70092   -1.70030   -1.69969   -1.69958   -1.69874   -1.69830   -1.69544
  -1.69491   -1.69398   -1.69374   -1.69355   -1.68448   -1.68333   -1.68219   -1.68115
  -1.68113   -1.68062   -1.68033   -1.67821   -1.67789   -1.67782   -0.69856   -0.69817
  -0.69800   -0.69768   -0.69687   -0.69682   -0.69664   -0.69627   -0.69599   -0.69587
  -0.69584   -0.69558   -0.69501   -0.69466   -0.69462   -0.69421   -0.69369   -0.69289
  -0.69280   -0.69222   -0.40396   -0.40351   -0.40179   -0.39385   -0.37600   -0.37429
  -0.21632   -0.21632   -0.20536   -0.20533   -0.20128   -0.20107   -0.19782   -0.19756
  -0.19749   -0.19743   -0.18026   -0.17905   -0.15021   -0.14803   -0.10915   -0.10842
  -0.10767   -0.10722   -0.09193   -0.09084   -0.06217   -0.05994   -0.05020   -0.03697
  -0.03517   -0.03299   -0.02425   -0.02302   -0.01243   -0.00648    0.05595    0.06462
   0.17205    0.18547    0.19595    0.20115    0.21547    0.21919    0.23607    0.23689
   0.26590
 kpt#  44, nband=105, wtk=  1.00000, kpt=  0.3125  0.5000  0.5000 (reduced coord)
  -4.75298   -4.75298   -2.98914   -2.98913   -2.98811   -2.98809   -2.98772   -2.98772
  -1.70760   -1.70725   -1.70587   -1.70489   -1.70295   -1.70287   -1.70209   -1.70192
  -1.70117   -1.70109   -1.70018   -1.70018   -1.69965   -1.69943   -1.69912   -1.69537
  -1.69508   -1.69395   -1.69371   -1.69343   -1.68481   -1.68382   -1.68239   -1.68189
  -1.68180   -1.68110   -1.68083   -1.67860   -1.67857   -1.67777   -0.69845   -0.69809
  -0.69808   -0.69768   -0.69687   -0.69681   -0.69653   -0.69641   -0.69617   -0.69610
  -0.69579   -0.69556   -0.69520   -0.69477   -0.69457   -0.69403   -0.69377   -0.69301
  -0.69281   -0.69237   -0.40614   -0.40556   -0.40442   -0.39531   -0.37853   -0.37697
  -0.21494   -0.21492   -0.20598   -0.20596   -0.20211   -0.20186   -0.19897   -0.19894
  -0.19751   -0.19720   -0.18998   -0.18872   -0.16054   -0.15804   -0.10942   -0.10925
  -0.09327   -0.09319   -0.07763   -0.07571   -0.05559   -0.04978   -0.03905   -0.03081
  -0.02913   -0.02511   -0.00997   -0.00645   -0.00395    0.00038    0.05577    0.06513
   0.16830    0.17997    0.19809    0.20477    0.21632    0.22217    0.23756    0.23893
   0.24549
 kpt#  45, nband=105, wtk=  1.00000, kpt=  0.2500  0.5000  0.5000 (reduced coord)
  -4.75298   -4.75298   -2.98958   -2.98956   -2.98791   -2.98791   -2.98787   -2.98785
  -1.70765   -1.70757   -1.70588   -1.70460   -1.70379   -1.70341   -1.70281   -1.70206
  -1.70133   -1.70128   -1.70119   -1.70119   -1.70062   -1.69954   -1.69884   -1.69588
  -1.69479   -1.69458   -1.69406   -1.69353   -1.68491   -1.68408   -1.68236   -1.68218
  -1.68208   -1.68192   -1.68137   -1.67907   -1.67895   -1.67872   -0.69831   -0.69810
  -0.69781   -0.69778   -0.69693   -0.69681   -0.69655   -0.69641   -0.69628   -0.69622
  -0.69601   -0.69560   -0.69540   -0.69482   -0.69465   -0.69380   -0.69378   -0.69305
  -0.69294   -0.69262   -0.40912   -0.40760   -0.40722   -0.39700   -0.38139   -0.38000
  -0.21333   -0.21328   -0.20674   -0.20674   -0.20315   -0.20273   -0.19977   -0.19968
  -0.19880   -0.19878   -0.19790   -0.19688   -0.16976   -0.16711   -0.11227   -0.11197
  -0.07506   -0.07488   -0.06059   -0.05930   -0.05094   -0.04321   -0.02507   -0.02153
  -0.02104   -0.01147   -0.00011    0.00833    0.01534    0.01847    0.05773    0.06695
   0.16308    0.17233    0.19869    0.20380    0.21020    0.21252    0.22126    0.22141
   0.22883
 kpt#  46, nband=105, wtk=  1.00000, kpt=  0.1875  0.5000  0.5000 (reduced coord)
  -4.75298   -4.75298   -2.98933   -2.98932   -2.98767   -2.98767   -2.98766   -2.98764
  -1.70633   -1.70602   -1.70535   -1.70378   -1.70356   -1.70310   -1.70210   -1.70156
  -1.70080   -1.70064   -1.70034   -1.69991   -1.69959   -1.69908   -1.69899   -1.69496
  -1.69406   -1.69342   -1.69335   -1.69296   -1.68503   -1.68267   -1.68221   -1.68195
  -1.68162   -1.68127   -1.67991   -1.67840   -1.67812   -1.67775   -0.69789   -0.69768
  -0.69758   -0.69729   -0.69678   -0.69678   -0.69666   -0.69647   -0.69621   -0.69609
  -0.69581   -0.69581   -0.69546   -0.69461   -0.69454   -0.69386   -0.69343   -0.69289
  -0.69274   -0.69273   -0.41198   -0.41035   -0.40915   -0.39865   -0.38411   -0.38291
  -0.21127   -0.21115   -0.20664   -0.20660   -0.20619   -0.20561   -0.20305   -0.20293
  -0.20021   -0.20014   -0.19794   -0.19792   -0.17727   -0.17455   -0.11567   -0.11523
  -0.05656   -0.05485   -0.04995   -0.04946   -0.03821   -0.02974   -0.01415   -0.00924
  -0.00738    0.00226    0.00632    0.02120    0.04086    0.04458    0.06487    0.07198
   0.15460    0.16048    0.18007    0.18148    0.19015    0.19282    0.19497    0.20568
   0.23421
 kpt#  47, nband=105, wtk=  1.00000, kpt=  0.1250  0.5000  0.5000 (reduced coord)
  -4.75298   -4.75298   -2.98934   -2.98932   -2.98792   -2.98790   -2.98758   -2.98758
  -1.70625   -1.70606   -1.70479   -1.70459   -1.70409   -1.70350   -1.70222   -1.70177
  -1.70157   -1.70111   -1.70071   -1.70040   -1.70027   -1.69876   -1.69825   -1.69608
  -1.69408   -1.69393   -1.69336   -1.69254   -1.68517   -1.68329   -1.68302   -1.68234
  -1.68215   -1.68108   -1.67982   -1.67829   -1.67798   -1.67720   -0.69793   -0.69770
  -0.69765   -0.69705   -0.69690   -0.69675   -0.69656   -0.69641   -0.69627   -0.69615
  -0.69610   -0.69565   -0.69546   -0.69476   -0.69433   -0.69401   -0.69336   -0.69300
  -0.69284   -0.69256   -0.41433   -0.41270   -0.41067   -0.40002   -0.38634   -0.38529
  -0.21177   -0.21083   -0.21022   -0.20991   -0.20646   -0.20640   -0.20375   -0.20363
  -0.20074   -0.20065   -0.19872   -0.19867   -0.18277   -0.18003   -0.11885   -0.11836
  -0.05331   -0.05128   -0.03030   -0.03002   -0.01994   -0.00913   -0.00572    0.00617
   0.00657    0.00799    0.01613    0.03250    0.06629    0.07030    0.07954    0.08320
   0.13819    0.14019    0.15446    0.15633    0.16703    0.17576    0.18071    0.19296
   0.21048
 kpt#  48, nband=105, wtk=  1.00000, kpt=  0.0625  0.5000  0.5000 (reduced coord)
  -4.75298   -4.75298   -2.98890   -2.98888   -2.98807   -2.98805   -2.98750   -2.98750
  -1.70650   -1.70628   -1.70539   -1.70499   -1.70465   -1.70370   -1.70199   -1.70198
  -1.70122   -1.70000   -1.69990   -1.69977   -1.69856   -1.69768   -1.69759   -1.69528
  -1.69362   -1.69359   -1.69300   -1.69277   -1.68472   -1.68283   -1.68251   -1.68184
  -1.68173   -1.68149   -1.67895   -1.67774   -1.67710   -1.67698   -0.69794   -0.69769
  -0.69739   -0.69714   -0.69678   -0.69673   -0.69670   -0.69637   -0.69604   -0.69600
  -0.69593   -0.69565   -0.69550   -0.69461   -0.69434   -0.69392   -0.69317   -0.69286
  -0.69284   -0.69258   -0.41586   -0.41423   -0.41167   -0.40092   -0.38778   -0.38684
  -0.21499   -0.21401   -0.20928   -0.20892   -0.20595   -0.20586   -0.20332   -0.20329
  -0.20132   -0.20124   -0.19925   -0.19910   -0.18610   -0.18334   -0.12095   -0.12043
  -0.05350   -0.05163   -0.01604   -0.00861   -0.00518    0.00537    0.00711    0.01058
   0.02078    0.02189    0.02312    0.03682    0.08266    0.08565    0.09515    0.09700
   0.12440    0.12451    0.14107    0.14342    0.15451    0.16409    0.16635    0.17518
   0.18810
 kpt#  49, nband=105, wtk=  1.00000, kpt=  0.0000  0.5000  0.5000 (reduced coord)
  -4.75298   -4.75298   -2.98904   -2.98902   -2.98841   -2.98839   -2.98747   -2.98747
  -1.70738   -1.70725   -1.70585   -1.70537   -1.70497   -1.70458   -1.70185   -1.70139
  -1.70119   -1.70050   -1.70023   -1.70020   -1.69885   -1.69872   -1.69806   -1.69568
  -1.69415   -1.69393   -1.69379   -1.69268   -1.68553   -1.68350   -1.68327   -1.68227
  -1.68137   -1.68135   -1.68050   -1.67818   -1.67791   -1.67726   -0.69779   -0.69738
  -0.69733   -0.69712   -0.69707   -0.69688   -0.69682   -0.69660   -0.69620   -0.69608
  -0.69597   -0.69576   -0.69567   -0.69474   -0.69437   -0.69387   -0.69329   -0.69300
  -0.69300   -0.69268   -0.41639   -0.41476   -0.41202   -0.40124   -0.38828   -0.38737
  -0.21609   -0.21510   -0.20936   -0.20897   -0.20569   -0.20553   -0.20344   -0.20337
  -0.20184   -0.20183   -0.20013   -0.19991   -0.18721   -0.18446   -0.12169   -0.12118
  -0.05367   -0.05185   -0.01367    0.00327    0.00445    0.00565    0.01395    0.01401
   0.02614    0.02860    0.03021    0.03607    0.08170    0.08415    0.09920    0.09938
   0.12739    0.12784    0.14867    0.14980    0.15259    0.15393    0.15921    0.15923
   0.17091
 kpt#  50, nband=105, wtk=  1.00000, kpt=  0.0000  0.5000  0.4375 (reduced coord)
  -4.75298   -4.75298   -2.98907   -2.98905   -2.98851   -2.98850   -2.98790   -2.98790
  -1.70800   -1.70765   -1.70632   -1.70621   -1.70555   -1.70477   -1.70228   -1.70203
  -1.70191   -1.70167   -1.70109   -1.70045   -1.69952   -1.69895   -1.69876   -1.69626
  -1.69470   -1.69468   -1.69417   -1.69357   -1.68571   -1.68405   -1.68336   -1.68256
  -1.68229   -1.68210   -1.68043   -1.67917   -1.67877   -1.67813   -0.69796   -0.69745
  -0.69736   -0.69711   -0.69710   -0.69704   -0.69694   -0.69664   -0.69629   -0.69614
  -0.69607   -0.69588   -0.69576   -0.69488   -0.69455   -0.69402   -0.69328   -0.69313
  -0.69302   -0.69284   -0.41639   -0.41476   -0.41202   -0.40124   -0.38828   -0.38738
  -0.21609   -0.21510   -0.20967   -0.20927   -0.20587   -0.20571   -0.20363   -0.20354
  -0.20230   -0.20228   -0.20050   -0.20030   -0.18722   -0.18447   -0.12171   -0.12119
  -0.05368   -0.05186   -0.01370    0.00327    0.00445    0.00563    0.01393    0.01399
   0.02610    0.02860    0.03019    0.03605    0.08169    0.08414    0.09919    0.09938
   0.12737    0.12783    0.14867    0.14980    0.15259    0.15393    0.15921    0.15923
   0.17091
 kpt#  51, nband=105, wtk=  1.00000, kpt=  0.0000  0.5000  0.3750 (reduced coord)
  -4.75298   -4.75298   -2.98884   -2.98883   -2.98825   -2.98824   -2.98789   -2.98789
  -1.70695   -1.70661   -1.70624   -1.70583   -1.70529   -1.70474   -1.70229   -1.70178
  -1.70103   -1.70087   -1.69995   -1.69987   -1.69919   -1.69813   -1.69802   -1.69551
  -1.69422   -1.69415   -1.69402   -1.69369   -1.68525   -1.68385   -1.68260   -1.68237
  -1.68168   -1.68138   -1.67970   -1.67829   -1.67822   -1.67809   -0.69795   -0.69762
  -0.69721   -0.69705   -0.69695   -0.69688   -0.69673   -0.69660   -0.69618   -0.69608
  -0.69607   -0.69574   -0.69567   -0.69478   -0.69435   -0.69411   -0.69317   -0.69302
  -0.69291   -0.69271   -0.41639   -0.41476   -0.41202   -0.40124   -0.38828   -0.38738
  -0.21609   -0.21510   -0.20929   -0.20889   -0.20565   -0.20547   -0.20320   -0.20311
  -0.20238   -0.20234   -0.20021   -0.19999   -0.18722   -0.18447   -0.12170   -0.12119
  -0.05368   -0.05186   -0.01369    0.00328    0.00446    0.00564    0.01393    0.01405
   0.02616    0.02861    0.03020    0.03606    0.08170    0.08414    0.09920    0.09939
   0.12738    0.12784    0.14867    0.14980    0.15263    0.15396    0.15921    0.15923
   0.17091
 kpt#  52, nband=105, wtk=  1.00000, kpt=  0.0000  0.5000  0.3125 (reduced coord)
  -4.75298   -4.75298   -2.98882   -2.98880   -2.98821   -2.98820   -2.98774   -2.98774
  -1.70660   -1.70630   -1.70606   -1.70572   -1.70497   -1.70432   -1.70206   -1.70158
  -1.70125   -1.70042   -1.70009   -1.69960   -1.69887   -1.69800   -1.69796   -1.69541
  -1.69370   -1.69369   -1.69367   -1.69361   -1.68502   -1.68279   -1.68253   -1.68206
  -1.68190   -1.68104   -1.67959   -1.67832   -1.67820   -1.67786   -0.69793   -0.69752
  -0.69719   -0.69703   -0.69696   -0.69687   -0.69667   -0.69653   -0.69617   -0.69605
  -0.69604   -0.69569   -0.69565   -0.69472   -0.69429   -0.69407   -0.69315   -0.69300
  -0.69290   -0.69266   -0.41639   -0.41476   -0.41202   -0.40123   -0.38828   -0.38738
  -0.21609   -0.21510   -0.20914   -0.20874   -0.20560   -0.20541   -0.20309   -0.20301
  -0.20220   -0.20217   -0.20009   -0.19988   -0.18722   -0.18447   -0.12170   -0.12119
  -0.05369   -0.05186   -0.01369    0.00329    0.00446    0.00564    0.01393    0.01406
   0.02617    0.02861    0.03021    0.03607    0.08170    0.08415    0.09919    0.09938
   0.12737    0.12783    0.14866    0.14979    0.15263    0.15396    0.15923    0.15924
   0.17091
 kpt#  53, nband=105, wtk=  1.00000, kpt=  0.0000  0.5000  0.2500 (reduced coord)
  -4.75298   -4.75298   -2.98879   -2.98877   -2.98811   -2.98810   -2.98780   -2.98780
  -1.70655   -1.70637   -1.70609   -1.70577   -1.70513   -1.70449   -1.70238   -1.70163
  -1.70131   -1.69997   -1.69985   -1.69935   -1.69919   -1.69756   -1.69743   -1.69535
  -1.69421   -1.69365   -1.69336   -1.69312   -1.68503   -1.68280   -1.68246   -1.68218
  -1.68201   -1.68047   -1.67910   -1.67878   -1.67839   -1.67702   -0.69812   -0.69755
  -0.69718   -0.69698   -0.69695   -0.69686   -0.69661   -0.69652   -0.69621   -0.69611
  -0.69600   -0.69565   -0.69557   -0.69471   -0.69417   -0.69416   -0.69310   -0.69299
  -0.69288   -0.69255   -0.41639   -0.41476   -0.41202   -0.40123   -0.38828   -0.38738
  -0.21609   -0.21510   -0.20889   -0.20850   -0.20570   -0.20551   -0.20289   -0.20280
  -0.20241   -0.20236   -0.20009   -0.19987   -0.18722   -0.18447   -0.12170   -0.12119
  -0.05369   -0.05186   -0.01369    0.00329    0.00446    0.00564    0.01392    0.01409
   0.02622    0.02861    0.03023    0.03605    0.08170    0.08415    0.09919    0.09938
   0.12737    0.12783    0.14866    0.14979    0.15265    0.15398    0.15923    0.15925
   0.17092
 kpt#  54, nband=105, wtk=  1.00000, kpt=  0.0000  0.5000  0.1875 (reduced coord)
  -4.75298   -4.75298   -2.98887   -2.98886   -2.98828   -2.98826   -2.98775   -2.98775
  -1.70713   -1.70673   -1.70637   -1.70597   -1.70561   -1.70463   -1.70211   -1.70172
  -1.70169   -1.70049   -1.69999   -1.69987   -1.69914   -1.69791   -1.69789   -1.69568
  -1.69398   -1.69370   -1.69354   -1.69334   -1.68538   -1.68283   -1.68248   -1.68243
  -1.68221   -1.68084   -1.67938   -1.67842   -1.67838   -1.67751   -0.69811   -0.69746
  -0.69722   -0.69707   -0.69701   -0.69688   -0.69670   -0.69660   -0.69623   -0.69612
  -0.69610   -0.69569   -0.69558   -0.69472   -0.69424   -0.69408   -0.69315   -0.69300
  -0.69296   -0.69263   -0.41639   -0.41476   -0.41202   -0.40123   -0.38828   -0.38738
  -0.21609   -0.21510   -0.20910   -0.20870   -0.20583   -0.20564   -0.20310   -0.20302
  -0.20229   -0.20226   -0.20014   -0.19992   -0.18722   -0.18447   -0.12171   -0.12119
  -0.05369   -0.05186   -0.01370    0.00329    0.00446    0.00564    0.01393    0.01407
   0.02618    0.02861    0.03021    0.03605    0.08170    0.08415    0.09919    0.09938
   0.12737    0.12783    0.14866    0.14979    0.15264    0.15397    0.15924    0.15925
   0.17092
 kpt#  55, nband=105, wtk=  1.00000, kpt=  0.0000  0.5000  0.1250 (reduced coord)
  -4.75298   -4.75298   -2.98895   -2.98893   -2.98822   -2.98821   -2.98780   -2.98780
  -1.70663   -1.70633   -1.70618   -1.70573   -1.70547   -1.70422   -1.70272   -1.70223
  -1.70188   -1.70021   -1.70017   -1.69944   -1.69878   -1.69834   -1.69829   -1.69592
  -1.69457   -1.69428   -1.69339   -1.69328   -1.68554   -1.68317   -1.68243   -1.68235
  -1.68190   -1.68083   -1.67948   -1.67919   -1.67886   -1.67741   -0.69803   -0.69752
  -0.69719   -0.69700   -0.69699   -0.69697   -0.69663   -0.69659   -0.69630   -0.69614
  -0.69613   -0.69568   -0.69558   -0.69483   -0.69424   -0.69411   -0.69313   -0.69313
  -0.69297   -0.69260   -0.41639   -0.41476   -0.41202   -0.40124   -0.38828   -0.38738
  -0.21609   -0.21510   -0.20901   -0.20861   -0.20592   -0.20574   -0.20299   -0.20291
  -0.20232   -0.20228   -0.20034   -0.20014   -0.18723   -0.18447   -0.12172   -0.12122
  -0.05369   -0.05186   -0.01371    0.00328    0.00446    0.00563    0.01392    0.01409
   0.02620    0.02861    0.03022    0.03604    0.08170    0.08415    0.09918    0.09938
   0.12736    0.12782    0.14865    0.14978    0.15265    0.15398    0.15925    0.15925
   0.17091
 kpt#  56, nband=105, wtk=  1.00000, kpt=  0.0000  0.5000  0.0625 (reduced coord)
  -4.75298   -4.75298   -2.98874   -2.98872   -2.98788   -2.98787   -2.98763   -2.98763
  -1.70584   -1.70537   -1.70535   -1.70490   -1.70461   -1.70340   -1.70222   -1.70185
  -1.70067   -1.69960   -1.69915   -1.69869   -1.69801   -1.69763   -1.69731   -1.69533
  -1.69409   -1.69317   -1.69301   -1.69283   -1.68490   -1.68271   -1.68180   -1.68139
  -1.68084   -1.68037   -1.67861   -1.67860   -1.67779   -1.67705   -0.69792   -0.69737
  -0.69705   -0.69689   -0.69688   -0.69684   -0.69647   -0.69646   -0.69619   -0.69599
  -0.69595   -0.69559   -0.69555   -0.69474   -0.69417   -0.69395   -0.69302   -0.69302
  -0.69282   -0.69253   -0.41639   -0.41476   -0.41201   -0.40123   -0.38827   -0.38738
  -0.21609   -0.21509   -0.20876   -0.20836   -0.20530   -0.20511   -0.20268   -0.20259
  -0.20202   -0.20200   -0.20003   -0.19982   -0.18722   -0.18446   -0.12173   -0.12122
  -0.05369   -0.05185   -0.01368    0.00329    0.00447    0.00564    0.01395    0.01413
   0.02627    0.02861    0.03024    0.03606    0.08172    0.08417    0.09920    0.09940
   0.12737    0.12783    0.14867    0.14979    0.15265    0.15398    0.15929    0.15929
   0.17094
 kpt#  57, nband=105, wtk=  1.00000, kpt=  0.0000  0.5000  0.0000 (reduced coord)
  -4.75298   -4.75298   -2.98872   -2.98871   -2.98792   -2.98791   -2.98782   -2.98782
  -1.70580   -1.70541   -1.70540   -1.70481   -1.70472   -1.70349   -1.70307   -1.70217
  -1.70137   -1.70032   -1.69972   -1.69873   -1.69846   -1.69785   -1.69709   -1.69563
  -1.69413   -1.69382   -1.69314   -1.69242   -1.68527   -1.68287   -1.68171   -1.68157
  -1.68140   -1.68045   -1.67895   -1.67861   -1.67813   -1.67710   -0.69788   -0.69762
  -0.69702   -0.69697   -0.69685   -0.69681   -0.69657   -0.69647   -0.69622   -0.69603
  -0.69599   -0.69564   -0.69550   -0.69483   -0.69422   -0.69407   -0.69304   -0.69295
  -0.69288   -0.69255   -0.41639   -0.41476   -0.41202   -0.40123   -0.38827   -0.38738
  -0.21609   -0.21510   -0.20877   -0.20837   -0.20557   -0.20539   -0.20258   -0.20249
  -0.20223   -0.20220   -0.20017   -0.19997   -0.18723   -0.18447   -0.12174   -0.12125
  -0.05370   -0.05185   -0.01368    0.00329    0.00447    0.00563    0.01394    0.01414
   0.02629    0.02861    0.03025    0.03605    0.08171    0.08417    0.09919    0.09939
   0.12737    0.12782    0.14865    0.14979    0.15266    0.15399    0.15927    0.15928
   0.17096
