 Eigenvalues (hartree) for nkpt=  10  k points:
 kpt#   1, nband=200, wtk=  0.06250, kpt=  0.0625  0.0625  0.5000 (reduced coord)
  -1.68344   -1.68145   -1.68095   -1.67986   -1.67948   -1.67890   -1.67867   -1.67828
  -1.67755   -1.67738   -1.67664   -1.67643   -1.67624   -1.67489   -1.67446   -1.67412
  -1.67256   -1.67196   -1.66891   -1.66807   -1.65460   -1.65457   -1.65451   -1.65379
  -1.65258   -1.65132   -1.64995   -1.64969   -1.64954   -1.64857   -0.67663   -0.67502
  -0.67459   -0.67439   -0.67403   -0.67398   -0.67357   -0.67334   -0.67291   -0.67281
  -0.66869   -0.66860   -0.66754   -0.66725   -0.66723   -0.66700   -0.66694   -0.66687
  -0.66611   -0.66606   -0.66601   -0.66590   -0.66590   -0.66582   -0.66573   -0.66563
  -0.66551   -0.66520   -0.66508   -0.66491   -0.42928   -0.41719   -0.40100   -0.38082
  -0.36144   -0.35753   -0.14588   -0.14359   -0.12013   -0.11658   -0.08450   -0.08151
  -0.05569   -0.04197   -0.03489   -0.02772   -0.01303   -0.01208   -0.00979    0.00622
   0.01089    0.02355    0.02949    0.03002    0.03559    0.04130    0.05393    0.05569
   0.09491    0.10623    0.19092    0.21199    0.23027    0.24508    0.25108    0.25840
   0.25984    0.26358    0.26648    0.27671    0.28443    0.28587    0.28921    0.29166
   0.31202    0.31306    0.31511    0.32118    0.32674    0.33304    0.33599    0.33678
   0.34469    0.35231    0.35556    0.36273    0.37103    0.38396    0.39471    0.41066
   0.43806    0.44559    0.45060    0.45833    0.46597    0.46833    0.48462    0.48664
   0.49722    0.50053    0.51258    0.51384    0.51429    0.53116    0.53419    0.54212
   0.54412    0.55167    0.55888    0.56118    0.56800    0.57082    0.57515    0.57896
   0.58790    0.58877    0.61217    0.62560    0.63220    0.63424    0.63636    0.64066
   0.64377    0.64961    0.65912    0.66005    0.67524    0.67743    0.68137    0.68504
   0.68575    0.70237    0.71187    0.72447    0.73115    0.73879    0.74470    0.74657
   0.76505    0.76537    0.77003    0.77983    0.79282    0.79372    0.79946    0.80394
   0.81824    0.82389    0.82886    0.83857    0.83911    0.85232    0.85303    0.86241
   0.88396    0.89017    0.89053    0.89904    0.90615    0.90653    0.90937    0.91003
   0.91900    0.92075    0.92383    0.93297    0.94386    0.94849    0.94868    0.95244
 kpt#   2, nband=200, wtk=  0.12500, kpt=  0.1875  0.0625  0.5000 (reduced coord)
  -1.68169   -1.68121   -1.68037   -1.67900   -1.67880   -1.67760   -1.67734   -1.67694
  -1.67629   -1.67529   -1.67527   -1.67460   -1.67454   -1.67390   -1.67325   -1.67227
  -1.67197   -1.67048   -1.67046   -1.66809   -1.65433   -1.65403   -1.65270   -1.65237
  -1.65112   -1.65079   -1.65008   -1.64961   -1.64892   -1.64824   -0.67607   -0.67488
  -0.67429   -0.67407   -0.67399   -0.67377   -0.67339   -0.67331   -0.67302   -0.67273
  -0.66818   -0.66815   -0.66717   -0.66702   -0.66700   -0.66698   -0.66685   -0.66668
  -0.66597   -0.66589   -0.66578   -0.66573   -0.66570   -0.66568   -0.66562   -0.66557
  -0.66555   -0.66519   -0.66517   -0.66509   -0.42289   -0.41152   -0.39649   -0.37833
  -0.35980   -0.35747   -0.16235   -0.15866   -0.13794   -0.13715   -0.10793   -0.08912
  -0.07932   -0.04252   -0.03068   -0.02644   -0.00832    0.00586    0.01210    0.01648
   0.01976    0.02824    0.03254    0.03683    0.03915    0.05846    0.08154    0.08688
   0.09894    0.11835    0.17799    0.20735    0.21031    0.21866    0.21895    0.23536
   0.24881    0.25434    0.25653    0.25974    0.26250    0.26664    0.27067    0.27680
   0.28463    0.28535    0.30860    0.31439    0.33029    0.33671    0.33778    0.34230
   0.34495    0.34629    0.37113    0.37334    0.37797    0.38685    0.40045    0.42553
   0.42585    0.44839    0.45884    0.47371    0.49230    0.49584    0.50301    0.51125
   0.51755    0.52010    0.52190    0.52967    0.53769    0.53958    0.55134    0.55550
   0.56735    0.56827    0.57139    0.57509    0.57898    0.57996    0.58523    0.59475
   0.60628    0.61447    0.61819    0.61961    0.62802    0.63084    0.63734    0.64605
   0.65481    0.66990    0.67144    0.67584    0.68024    0.68688    0.68937    0.68962
   0.71119    0.71884    0.72021    0.73197    0.73946    0.74512    0.74746    0.76055
   0.76587    0.77070    0.78648    0.78929    0.80256    0.80434    0.80466    0.81231
   0.81444    0.82644    0.83475    0.83511    0.83814    0.84114    0.84446    0.84699
   0.85039    0.85694    0.86091    0.86365    0.86609    0.87836    0.88256    0.89221
   0.90822    0.91050    0.91188    0.91771    0.91974    0.94487    0.94743    0.94833
 kpt#   3, nband=200, wtk=  0.12500, kpt=  0.3125  0.0625  0.5000 (reduced coord)
  -1.68054   -1.68045   -1.67905   -1.67822   -1.67815   -1.67662   -1.67642   -1.67585
  -1.67558   -1.67406   -1.67340   -1.67332   -1.67178   -1.67161   -1.67153   -1.67107
  -1.67089   -1.67006   -1.66737   -1.66733   -1.65321   -1.65248   -1.65095   -1.65025
  -1.64985   -1.64880   -1.64847   -1.64832   -1.64757   -1.64744   -0.67539   -0.67462
  -0.67420   -0.67365   -0.67345   -0.67342   -0.67327   -0.67317   -0.67315   -0.67280
  -0.66758   -0.66753   -0.66695   -0.66686   -0.66679   -0.66669   -0.66621   -0.66609
  -0.66608   -0.66598   -0.66582   -0.66559   -0.66557   -0.66553   -0.66540   -0.66531
  -0.66514   -0.66505   -0.66497   -0.66497   -0.41110   -0.40154   -0.38960   -0.37694
  -0.35833   -0.35801   -0.18319   -0.17886   -0.16085   -0.15913   -0.13748   -0.12094
  -0.07156   -0.03044   -0.01565   -0.01114   -0.00291    0.00630    0.01936    0.02590
   0.03625    0.04114    0.04499    0.04518    0.05580    0.08483    0.10548    0.10985
   0.11427    0.13238    0.16437    0.16526    0.17512    0.18261    0.18846    0.20565
   0.21490    0.21983    0.22223    0.22612    0.23228    0.24290    0.25408    0.26710
   0.27501    0.28021    0.30691    0.30966    0.34322    0.34426    0.35436    0.35698
   0.36648    0.37567    0.38073    0.39664    0.40414    0.40544    0.41839    0.44627
   0.44682    0.45650    0.45851    0.46643    0.47175    0.49069    0.49107    0.50543
   0.51834    0.52844    0.54364    0.54886    0.55525    0.55599    0.57900    0.58072
   0.58250    0.58466    0.59565    0.59671    0.60097    0.61356    0.61664    0.63230
   0.63660    0.64092    0.64504    0.64617    0.65129    0.65463    0.65845    0.66335
   0.66734    0.67096    0.68498    0.69503    0.69727    0.70074    0.70486    0.70891
   0.70964    0.71049    0.71774    0.72168    0.73468    0.73813    0.74770    0.74842
   0.75978    0.76434    0.76617    0.78005    0.78077    0.78988    0.79236    0.79851
   0.80637    0.81177    0.81393    0.82198    0.83328    0.84198    0.85285    0.85507
   0.85890    0.86428    0.86560    0.87063    0.87857    0.88806    0.90059    0.90730
   0.91299    0.91648    0.91991    0.92695    0.92962    0.93326    0.93433    0.94399
 kpt#   4, nband=200, wtk=  0.12500, kpt=  0.4375  0.0625  0.5000 (reduced coord)
  -1.68092   -1.68085   -1.67951   -1.67943   -1.67844   -1.67819   -1.67674   -1.67667
  -1.67652   -1.67574   -1.67525   -1.67497   -1.67477   -1.67411   -1.67388   -1.67325
  -1.67254   -1.67231   -1.66934   -1.66821   -1.65433   -1.65336   -1.65262   -1.65176
  -1.65151   -1.65062   -1.65029   -1.65020   -1.64958   -1.64909   -0.67515   -0.67501
  -0.67436   -0.67406   -0.67376   -0.67374   -0.67351   -0.67350   -0.67311   -0.67302
  -0.66750   -0.66736   -0.66731   -0.66723   -0.66701   -0.66678   -0.66658   -0.66658
  -0.66618   -0.66608   -0.66598   -0.66592   -0.66579   -0.66574   -0.66559   -0.66555
  -0.66547   -0.66541   -0.66529   -0.66525   -0.39633   -0.39083   -0.38576   -0.38301
  -0.35832   -0.35830   -0.19541   -0.19291   -0.17388   -0.16981   -0.15590   -0.14715
  -0.05204   -0.02760   -0.01000    0.00754    0.01187    0.01344    0.02430    0.02807
   0.03732    0.03806    0.04806    0.05348    0.08962    0.11074    0.11334    0.11625
   0.12586    0.13393    0.14394    0.15012    0.16326    0.16515    0.17338    0.18124
   0.18569    0.18746    0.20415    0.20823    0.20931    0.22242    0.23039    0.24055
   0.25366    0.28052    0.30018    0.32207    0.32477    0.35064    0.37621    0.38279
   0.39387    0.40581    0.42014    0.42167    0.43447    0.43557    0.43585    0.45399
   0.46094    0.47114    0.47297    0.48264    0.49409    0.49655    0.51028    0.51548
   0.51591    0.52644    0.53170    0.54180    0.54532    0.54637    0.55277    0.55854
   0.57088    0.57777    0.57984    0.59367    0.60317    0.60884    0.61082    0.61795
   0.62377    0.62987    0.63412    0.65053    0.65366    0.66770    0.68215    0.68653
   0.68854    0.69326    0.69537    0.69807    0.70980    0.71568    0.72815    0.73219
   0.73324    0.73438    0.73925    0.74143    0.74496    0.75990    0.76600    0.76692
   0.78660    0.78960    0.79101    0.79448    0.80061    0.80268    0.80678    0.80806
   0.81399    0.81689    0.82339    0.82655    0.83471    0.84210    0.84836    0.84885
   0.85369    0.85948    0.86354    0.87193    0.87591    0.88264    0.89036    0.89217
   0.89559    0.89796    0.90739    0.90802    0.91369    0.91914    0.92531    0.92852
 kpt#   5, nband=200, wtk=  0.06250, kpt=  0.1875  0.1875  0.5000 (reduced coord)
  -1.68195   -1.68133   -1.68061   -1.67904   -1.67792   -1.67708   -1.67662   -1.67626
  -1.67605   -1.67551   -1.67539   -1.67459   -1.67415   -1.67325   -1.67319   -1.67272
  -1.67124   -1.67064   -1.66950   -1.66727   -1.65345   -1.65295   -1.65292   -1.65284
  -1.65079   -1.64994   -1.64942   -1.64940   -1.64932   -1.64800   -0.67607   -0.67480
  -0.67412   -0.67382   -0.67374   -0.67364   -0.67344   -0.67328   -0.67320   -0.67298
  -0.66817   -0.66813   -0.66702   -0.66701   -0.66673   -0.66662   -0.66656   -0.66655
  -0.66612   -0.66603   -0.66582   -0.66572   -0.66566   -0.66563   -0.66546   -0.66546
  -0.66540   -0.66534   -0.66521   -0.66519   -0.41666   -0.40600   -0.39215   -0.37603
  -0.35782   -0.35653   -0.16762   -0.16312   -0.14392   -0.14162   -0.11688   -0.09860
  -0.07469   -0.06709   -0.05232   -0.03348   -0.02481   -0.01136    0.00903    0.01042
   0.01731    0.02332    0.04326    0.04782    0.06341    0.08755    0.09900    0.10461
   0.11533    0.13588    0.16724    0.17077    0.18836    0.18857    0.19291    0.20700
   0.22274    0.22568    0.25020    0.27152    0.27270    0.27527    0.27719    0.28344
   0.29404    0.30060    0.31418    0.31523    0.32182    0.34462    0.35188    0.35655
   0.36912    0.37154    0.38419    0.38896    0.39908    0.41613    0.42116    0.43570
   0.45066    0.45370    0.45866    0.46772    0.47222    0.47865    0.48816    0.48894
   0.50652    0.50854    0.50927    0.51688    0.52858    0.53504    0.54175    0.54282
   0.55161    0.57126    0.57641    0.58616    0.59493    0.59847    0.61088    0.61286
   0.61371    0.63100    0.63558    0.64308    0.65231    0.65438    0.65969    0.67350
   0.67458    0.68197    0.69195    0.69594    0.70076    0.70636    0.70802    0.71534
   0.71748    0.73103    0.73321    0.74066    0.75175    0.75494    0.75788    0.76663
   0.76784    0.77494    0.78211    0.78407    0.79912    0.80204    0.80211    0.80855
   0.81023    0.82166    0.82706    0.82905    0.83517    0.83519    0.84162    0.84394
   0.86429    0.86709    0.86823    0.86962    0.87349    0.87398    0.88021    0.88032
   0.89414    0.89569    0.90015    0.90147    0.90375    0.90630    0.91639    0.92133
 kpt#   6, nband=200, wtk=  0.12500, kpt=  0.3125  0.1875  0.5000 (reduced coord)
  -1.68132   -1.68019   -1.67999   -1.67909   -1.67896   -1.67828   -1.67690   -1.67676
  -1.67584   -1.67513   -1.67479   -1.67454   -1.67374   -1.67298   -1.67295   -1.67169
  -1.67146   -1.67097   -1.67067   -1.66856   -1.65386   -1.65327   -1.65161   -1.65157
  -1.65079   -1.65026   -1.65005   -1.65004   -1.64940   -1.64902   -0.67570   -0.67481
  -0.67446   -0.67434   -0.67354   -0.67336   -0.67335   -0.67329   -0.67324   -0.67301
  -0.66802   -0.66778   -0.66733   -0.66718   -0.66677   -0.66661   -0.66630   -0.66619
  -0.66613   -0.66609   -0.66596   -0.66589   -0.66586   -0.66580   -0.66564   -0.66563
  -0.66545   -0.66533   -0.66497   -0.66495   -0.40535   -0.39650   -0.38568   -0.37477
  -0.35553   -0.35540   -0.17863   -0.17397   -0.15681   -0.15209   -0.13439   -0.11964
  -0.06760   -0.06612   -0.05147   -0.03680   -0.01415   -0.01212   -0.00680    0.00658
   0.01172    0.02374    0.03386    0.04072    0.07321    0.08918    0.09500    0.10116
   0.10849    0.13205    0.16268    0.17215    0.17868    0.18261    0.19352    0.20371
   0.21405    0.22269    0.24550    0.26667    0.26718    0.27992    0.28465    0.28595
   0.30123    0.30828    0.30909    0.31456    0.32930    0.33568    0.34014    0.36638
   0.38415    0.39758    0.39991    0.40832    0.41343    0.41909    0.42470    0.43959
   0.44998    0.46198    0.46290    0.47308    0.47733    0.48059    0.49264    0.50648
   0.51490    0.51825    0.52354    0.53496    0.54131    0.55331    0.56179    0.56181
   0.57092    0.57701    0.59376    0.59592    0.59863    0.60261    0.61952    0.62296
   0.62899    0.63171    0.64709    0.65327    0.66098    0.66779    0.67033    0.67730
   0.68057    0.68690    0.69719    0.70340    0.71551    0.71558    0.71760    0.72092
   0.72143    0.72359    0.73356    0.74560    0.75075    0.75284    0.76290    0.77451
   0.77600    0.77998    0.78686    0.78765    0.79212    0.79681    0.80516    0.81668
   0.81841    0.82195    0.83150    0.83306    0.83437    0.84166    0.84655    0.84789
   0.85070    0.85488    0.85707    0.86178    0.86503    0.86790    0.87041    0.88427
   0.88655    0.88816    0.89462    0.90725    0.90926    0.92500    0.92644    0.93048
 kpt#   7, nband=200, wtk=  0.12500, kpt=  0.4375  0.1875  0.5000 (reduced coord)
  -1.68218   -1.68101   -1.67941   -1.67929   -1.67902   -1.67858   -1.67700   -1.67682
  -1.67624   -1.67592   -1.67534   -1.67504   -1.67498   -1.67490   -1.67435   -1.67334
  -1.67202   -1.67191   -1.67004   -1.66891   -1.65397   -1.65338   -1.65259   -1.65235
  -1.65105   -1.65080   -1.65046   -1.65038   -1.65030   -1.64997   -0.67531   -0.67525
  -0.67453   -0.67434   -0.67364   -0.67357   -0.67348   -0.67342   -0.67328   -0.67311
  -0.66789   -0.66783   -0.66735   -0.66732   -0.66696   -0.66672   -0.66656   -0.66632
  -0.66619   -0.66615   -0.66598   -0.66590   -0.66588   -0.66585   -0.66579   -0.66555
  -0.66551   -0.66550   -0.66532   -0.66508   -0.39161   -0.38662   -0.38214   -0.37984
  -0.35454   -0.35452   -0.18704   -0.18477   -0.16531   -0.16158   -0.14704   -0.13998
  -0.05061   -0.04662   -0.03081   -0.02900   -0.02079   -0.01538   -0.00230   -0.00068
   0.00327    0.00705    0.02998    0.03384    0.06417    0.06985    0.08052    0.08334
   0.09944    0.11301    0.17200    0.18754    0.18800    0.20099    0.20463    0.21317
   0.22077    0.22262    0.25434    0.25525    0.26300    0.27099    0.27515    0.28636
   0.28857    0.29832    0.30246    0.30822    0.32370    0.33688    0.36591    0.36740
   0.37276    0.38907    0.39067    0.39869    0.42890    0.43828    0.45566    0.45669
   0.46277    0.46898    0.48506    0.49939    0.50454    0.51698    0.52240    0.52983
   0.53231    0.53819    0.54548    0.54834    0.55270    0.55732    0.56150    0.56616
   0.57466    0.57812    0.58297    0.58734    0.59802    0.60649    0.60908    0.61856
   0.62393    0.63716    0.63978    0.64548    0.64993    0.65300    0.65785    0.65973
   0.67010    0.68572    0.68915    0.70703    0.70847    0.71514    0.72346    0.72651
   0.72950    0.72999    0.73572    0.74027    0.75430    0.75593    0.76546    0.77824
   0.77903    0.78341    0.78397    0.79577    0.80095    0.80305    0.80467    0.80720
   0.81377    0.82766    0.83219    0.83906    0.84453    0.84726    0.85834    0.86398
   0.86428    0.86678    0.87103    0.87244    0.87879    0.88725    0.89012    0.89289
   0.89556    0.89935    0.90614    0.90667    0.91762    0.92231    0.92682    0.93101
 kpt#   8, nband=200, wtk=  0.06250, kpt=  0.3125  0.3125  0.5000 (reduced coord)
  -1.68188   -1.68077   -1.68072   -1.67960   -1.67863   -1.67844   -1.67795   -1.67756
  -1.67584   -1.67578   -1.67544   -1.67439   -1.67392   -1.67296   -1.67287   -1.67281
  -1.67212   -1.67067   -1.66954   -1.66876   -1.65566   -1.65459   -1.65268   -1.65206
  -1.65108   -1.64989   -1.64926   -1.64921   -1.64839   -1.64816   -0.67545   -0.67531
  -0.67463   -0.67461   -0.67350   -0.67333   -0.67331   -0.67323   -0.67320   -0.67309
  -0.66836   -0.66818   -0.66733   -0.66714   -0.66682   -0.66661   -0.66648   -0.66642
  -0.66636   -0.66623   -0.66592   -0.66591   -0.66582   -0.66580   -0.66552   -0.66548
  -0.66537   -0.66532   -0.66497   -0.66489   -0.39529   -0.38812   -0.37999   -0.37297
  -0.35159   -0.35158   -0.17353   -0.16938   -0.15165   -0.14471   -0.12976   -0.12173
  -0.09470   -0.07954   -0.06004   -0.05137   -0.03691   -0.02030   -0.01507   -0.00957
  -0.00515   -0.00498    0.00885    0.00950    0.04708    0.05270    0.07448    0.07553
   0.08795    0.11522    0.17978    0.20531    0.21221    0.21779    0.22569    0.23193
   0.25493    0.25941    0.26900    0.26974    0.27704    0.28533    0.29711    0.30168
   0.30630    0.31533    0.32358    0.32878    0.34090    0.34106    0.35025    0.37362
   0.37515    0.37598    0.38976    0.42132    0.42819    0.44877    0.45071    0.45462
   0.46058    0.46795    0.47688    0.48161    0.48697    0.48907    0.49798    0.50436
   0.51802    0.52242    0.53344    0.54083    0.55013    0.55274    0.55967    0.57112
   0.57286    0.57751    0.57885    0.57999    0.58777    0.60834    0.61499    0.62140
   0.64201    0.65801    0.66421    0.66501    0.67410    0.67888    0.69626    0.69768
   0.69964    0.70193    0.70246    0.70423    0.71190    0.71366    0.71558    0.71571
   0.72166    0.72438    0.72503    0.72968    0.73309    0.73328    0.74158    0.76527
   0.77171    0.78451    0.78457    0.78721    0.78911    0.79234    0.80880    0.80989
   0.81291    0.81408    0.81769    0.82861    0.82870    0.84699    0.84946    0.85355
   0.85694    0.86155    0.86484    0.86870    0.86950    0.87187    0.87763    0.87833
   0.88042    0.88477    0.89894    0.90091    0.90613    0.90775    0.91592    0.91754
 kpt#   9, nband=200, wtk=  0.12500, kpt=  0.4375  0.3125  0.5000 (reduced coord)
  -1.68126   -1.68064   -1.67987   -1.67864   -1.67830   -1.67743   -1.67742   -1.67643
  -1.67543   -1.67505   -1.67494   -1.67463   -1.67448   -1.67347   -1.67318   -1.67301
  -1.67235   -1.67086   -1.67000   -1.66781   -1.65351   -1.65347   -1.65230   -1.65181
  -1.65032   -1.65029   -1.64998   -1.64939   -1.64935   -1.64892   -0.67552   -0.67544
  -0.67442   -0.67434   -0.67363   -0.67341   -0.67335   -0.67318   -0.67311   -0.67308
  -0.66833   -0.66821   -0.66727   -0.66725   -0.66663   -0.66648   -0.66642   -0.66628
  -0.66621   -0.66614   -0.66597   -0.66586   -0.66570   -0.66570   -0.66566   -0.66553
  -0.66551   -0.66547   -0.66493   -0.66481   -0.38397   -0.38006   -0.37685   -0.37553
  -0.34886   -0.34885   -0.17185   -0.17022   -0.14942   -0.14681   -0.12983   -0.12797
  -0.08558   -0.07608   -0.05827   -0.05211   -0.04828   -0.03808   -0.03483   -0.02691
  -0.02233   -0.01384   -0.00087    0.00357    0.02305    0.03153    0.04223    0.04995
   0.09255    0.10457    0.19263    0.20768    0.24732    0.24869    0.25228    0.25471
   0.26699    0.27470    0.27666    0.27859    0.29062    0.29688    0.30231    0.30377
   0.32051    0.32288    0.32895    0.33182    0.33635    0.34744    0.35353    0.36638
   0.37076    0.37401    0.37954    0.40057    0.42125    0.43676    0.44370    0.44706
   0.48797    0.48887    0.50103    0.50817    0.50975    0.51101    0.52571    0.53094
   0.53977    0.54568    0.55224    0.55653    0.57589    0.57936    0.58244    0.58370
   0.59056    0.59069    0.59811    0.60216    0.60721    0.60997    0.61430    0.61747
   0.62355    0.63025    0.63309    0.64293    0.64345    0.65090    0.65187    0.66161
   0.67079    0.67822    0.68107    0.70363    0.71039    0.71490    0.71753    0.72207
   0.72230    0.72629    0.73351    0.73834    0.73942    0.74580    0.75132    0.75217
   0.76269    0.76678    0.76735    0.78522    0.78682    0.78734    0.79408    0.79929
   0.80455    0.80804    0.80854    0.81518    0.82655    0.83236    0.84002    0.84624
   0.85705    0.85732    0.86188    0.86502    0.86624    0.87180    0.87903    0.88834
   0.89036    0.89160    0.89287    0.90308    0.90351    0.90622    0.90657    0.90883
 kpt#  10, nband=200, wtk=  0.06250, kpt=  0.4375  0.4375  0.5000 (reduced coord)
  -1.68175   -1.68066   -1.68038   -1.67983   -1.67966   -1.67923   -1.67890   -1.67822
  -1.67616   -1.67612   -1.67595   -1.67559   -1.67502   -1.67496   -1.67415   -1.67328
  -1.67214   -1.67191   -1.67012   -1.66928   -1.65414   -1.65331   -1.65288   -1.65239
  -1.65175   -1.65152   -1.65098   -1.65067   -1.65011   -1.64911   -0.67575   -0.67567
  -0.67472   -0.67456   -0.67362   -0.67357   -0.67350   -0.67342   -0.67317   -0.67310
  -0.66887   -0.66832   -0.66755   -0.66722   -0.66677   -0.66677   -0.66651   -0.66650
  -0.66642   -0.66617   -0.66613   -0.66603   -0.66590   -0.66588   -0.66581   -0.66577
  -0.66561   -0.66553   -0.66494   -0.66478   -0.37678   -0.37465   -0.37350   -0.37331
  -0.34456   -0.34455   -0.15619   -0.15571   -0.13205   -0.13142   -0.11678   -0.11096
  -0.10371   -0.09563   -0.08019   -0.07970   -0.07583   -0.06198   -0.05230   -0.04190
  -0.02982   -0.02976   -0.01893   -0.01622   -0.00991   -0.00320    0.03713    0.04232
   0.09721    0.10180    0.20760    0.21322    0.24437    0.24895    0.26919    0.27252
   0.27519    0.28915    0.29873    0.30208    0.31202    0.32011    0.32721    0.33738
   0.33749    0.33923    0.34424    0.35689    0.35952    0.36439    0.36546    0.36935
   0.37145    0.37557    0.39209    0.41286    0.42814    0.43064    0.44081    0.46353
   0.46523    0.46651    0.48305    0.48328    0.53784    0.54658    0.55872    0.56008
   0.56436    0.56512    0.56579    0.57088    0.57124    0.57635    0.57839    0.58470
   0.58672    0.59945    0.59975    0.60741    0.62114    0.62428    0.62713    0.62747
   0.63522    0.63690    0.63980    0.64202    0.65912    0.66877    0.66965    0.67159
   0.67878    0.68085    0.68388    0.68462    0.69011    0.69426    0.69953    0.70020
   0.70294    0.70366    0.70656    0.71022    0.71655    0.72181    0.72509    0.73661
   0.75107    0.75728    0.76135    0.76303    0.76981    0.77002    0.77355    0.77480
   0.78338    0.79178    0.79552    0.79918    0.80542    0.81493    0.81664    0.82863
   0.82898    0.83640    0.83697    0.83893    0.84797    0.85740    0.86574    0.86742
   0.86928    0.87663    0.89100    0.89531    0.89950    0.91036    0.91201    0.91309
