 Fermi (or HOMO) energy (hartree) =   0.13588   Average Vxc (hartree)=  -0.30764
 Eigenvalues (hartree) for nkpt=  10  k points:
 kpt#   1, nband= 92, wtk=  0.06250, kpt=  0.0625  0.0625  0.5000 (reduced coord)
  -1.68344   -1.68145   -1.68095   -1.67986   -1.67948   -1.67890   -1.67867   -1.67828
  -1.67755   -1.67738   -1.67664   -1.67643   -1.67624   -1.67489   -1.67446   -1.67412
  -1.67256   -1.67196   -1.66891   -1.66807   -1.65460   -1.65457   -1.65451   -1.65379
  -1.65258   -1.65132   -1.64995   -1.64969   -1.64954   -1.64857   -0.67663   -0.67502
  -0.67459   -0.67439   -0.67403   -0.67398   -0.67357   -0.67334   -0.67291   -0.67281
  -0.66869   -0.66860   -0.66754   -0.66725   -0.66723   -0.66700   -0.66694   -0.66687
  -0.66611   -0.66606   -0.66601   -0.66590   -0.66590   -0.66582   -0.66573   -0.66563
  -0.66551   -0.66520   -0.66508   -0.66491   -0.42928   -0.41719   -0.40100   -0.38082
  -0.36144   -0.35753   -0.14588   -0.14359   -0.12013   -0.11658   -0.08450   -0.08151
  -0.05569   -0.04197   -0.03489   -0.02772   -0.01303   -0.01208   -0.00979    0.00622
   0.01089    0.02355    0.02949    0.03002    0.03559    0.04130    0.05393    0.05569
   0.09491    0.10623    0.19092    0.21199
 kpt#   2, nband= 92, wtk=  0.12500, kpt=  0.1875  0.0625  0.5000 (reduced coord)
  -1.68169   -1.68121   -1.68037   -1.67900   -1.67880   -1.67760   -1.67734   -1.67694
  -1.67629   -1.67529   -1.67527   -1.67460   -1.67454   -1.67390   -1.67325   -1.67227
  -1.67197   -1.67048   -1.67046   -1.66809   -1.65433   -1.65403   -1.65270   -1.65237
  -1.65112   -1.65079   -1.65008   -1.64961   -1.64892   -1.64824   -0.67607   -0.67488
  -0.67429   -0.67407   -0.67399   -0.67377   -0.67339   -0.67331   -0.67302   -0.67273
  -0.66818   -0.66815   -0.66717   -0.66702   -0.66700   -0.66698   -0.66685   -0.66668
  -0.66597   -0.66589   -0.66578   -0.66573   -0.66570   -0.66568   -0.66562   -0.66557
  -0.66555   -0.66519   -0.66517   -0.66509   -0.42289   -0.41152   -0.39649   -0.37833
  -0.35980   -0.35747   -0.16235   -0.15866   -0.13794   -0.13715   -0.10793   -0.08912
  -0.07932   -0.04252   -0.03068   -0.02644   -0.00832    0.00586    0.01210    0.01648
   0.01976    0.02824    0.03254    0.03683    0.03915    0.05846    0.08154    0.08688
   0.09894    0.11835    0.17799    0.20735
 kpt#   3, nband= 92, wtk=  0.12500, kpt=  0.3125  0.0625  0.5000 (reduced coord)
  -1.68054   -1.68045   -1.67905   -1.67822   -1.67815   -1.67662   -1.67642   -1.67585
  -1.67558   -1.67406   -1.67340   -1.67332   -1.67178   -1.67161   -1.67153   -1.67107
  -1.67089   -1.67006   -1.66737   -1.66733   -1.65321   -1.65248   -1.65095   -1.65025
  -1.64985   -1.64880   -1.64847   -1.64832   -1.64757   -1.64744   -0.67539   -0.67462
  -0.67420   -0.67365   -0.67345   -0.67342   -0.67327   -0.67317   -0.67315   -0.67280
  -0.66758   -0.66753   -0.66695   -0.66686   -0.66679   -0.66669   -0.66621   -0.66609
  -0.66608   -0.66598   -0.66582   -0.66559   -0.66557   -0.66553   -0.66540   -0.66531
  -0.66514   -0.66505   -0.66497   -0.66497   -0.41110   -0.40154   -0.38960   -0.37694
  -0.35833   -0.35801   -0.18319   -0.17886   -0.16085   -0.15913   -0.13748   -0.12094
  -0.07156   -0.03044   -0.01565   -0.01114   -0.00291    0.00630    0.01936    0.02590
   0.03625    0.04114    0.04499    0.04518    0.05580    0.08483    0.10548    0.10985
   0.11427    0.13238    0.16437    0.16526
 kpt#   4, nband= 92, wtk=  0.12500, kpt=  0.4375  0.0625  0.5000 (reduced coord)
  -1.68092   -1.68085   -1.67951   -1.67943   -1.67844   -1.67819   -1.67674   -1.67667
  -1.67652   -1.67574   -1.67525   -1.67497   -1.67477   -1.67411   -1.67388   -1.67325
  -1.67254   -1.67231   -1.66934   -1.66821   -1.65433   -1.65336   -1.65262   -1.65176
  -1.65151   -1.65062   -1.65029   -1.65020   -1.64958   -1.64909   -0.67515   -0.67501
  -0.67436   -0.67406   -0.67376   -0.67374   -0.67351   -0.67350   -0.67311   -0.67302
  -0.66750   -0.66736   -0.66731   -0.66723   -0.66701   -0.66678   -0.66658   -0.66658
  -0.66618   -0.66608   -0.66598   -0.66592   -0.66579   -0.66574   -0.66559   -0.66555
  -0.66547   -0.66541   -0.66529   -0.66525   -0.39633   -0.39083   -0.38576   -0.38301
  -0.35832   -0.35830   -0.19541   -0.19291   -0.17388   -0.16981   -0.15590   -0.14715
  -0.05204   -0.02760   -0.01000    0.00754    0.01187    0.01344    0.02430    0.02807
   0.03732    0.03806    0.04806    0.05348    0.08962    0.11074    0.11334    0.11625
   0.12586    0.13393    0.14394    0.15012
 kpt#   5, nband= 92, wtk=  0.06250, kpt=  0.1875  0.1875  0.5000 (reduced coord)
  -1.68195   -1.68133   -1.68061   -1.67904   -1.67792   -1.67708   -1.67662   -1.67626
  -1.67605   -1.67551   -1.67539   -1.67459   -1.67415   -1.67325   -1.67319   -1.67272
  -1.67124   -1.67064   -1.66950   -1.66727   -1.65345   -1.65295   -1.65292   -1.65284
  -1.65079   -1.64994   -1.64942   -1.64940   -1.64932   -1.64800   -0.67607   -0.67480
  -0.67412   -0.67382   -0.67374   -0.67364   -0.67344   -0.67328   -0.67320   -0.67298
  -0.66817   -0.66813   -0.66702   -0.66701   -0.66673   -0.66662   -0.66656   -0.66655
  -0.66612   -0.66603   -0.66582   -0.66572   -0.66566   -0.66563   -0.66546   -0.66546
  -0.66540   -0.66534   -0.66521   -0.66519   -0.41666   -0.40600   -0.39215   -0.37603
  -0.35782   -0.35653   -0.16762   -0.16312   -0.14392   -0.14162   -0.11688   -0.09860
  -0.07469   -0.06709   -0.05232   -0.03348   -0.02481   -0.01136    0.00903    0.01042
   0.01731    0.02332    0.04326    0.04782    0.06341    0.08755    0.09900    0.10461
   0.11533    0.13588    0.16724    0.17077
 kpt#   6, nband= 92, wtk=  0.12500, kpt=  0.3125  0.1875  0.5000 (reduced coord)
  -1.68132   -1.68019   -1.67999   -1.67909   -1.67896   -1.67828   -1.67690   -1.67676
  -1.67584   -1.67513   -1.67479   -1.67454   -1.67374   -1.67298   -1.67295   -1.67169
  -1.67146   -1.67097   -1.67067   -1.66856   -1.65386   -1.65327   -1.65161   -1.65157
  -1.65079   -1.65026   -1.65005   -1.65004   -1.64940   -1.64902   -0.67570   -0.67481
  -0.67446   -0.67434   -0.67354   -0.67336   -0.67335   -0.67329   -0.67324   -0.67301
  -0.66802   -0.66778   -0.66733   -0.66718   -0.66677   -0.66661   -0.66630   -0.66619
  -0.66613   -0.66609   -0.66596   -0.66589   -0.66586   -0.66580   -0.66564   -0.66563
  -0.66545   -0.66533   -0.66497   -0.66495   -0.40535   -0.39650   -0.38568   -0.37477
  -0.35553   -0.35540   -0.17863   -0.17397   -0.15681   -0.15209   -0.13439   -0.11964
  -0.06760   -0.06612   -0.05147   -0.03680   -0.01415   -0.01212   -0.00680    0.00658
   0.01172    0.02374    0.03386    0.04072    0.07321    0.08918    0.09500    0.10116
   0.10849    0.13205    0.16268    0.17215
 kpt#   7, nband= 92, wtk=  0.12500, kpt=  0.4375  0.1875  0.5000 (reduced coord)
  -1.68218   -1.68101   -1.67941   -1.67929   -1.67902   -1.67858   -1.67700   -1.67682
  -1.67624   -1.67592   -1.67534   -1.67504   -1.67498   -1.67490   -1.67435   -1.67334
  -1.67202   -1.67191   -1.67004   -1.66891   -1.65397   -1.65338   -1.65259   -1.65235
  -1.65105   -1.65080   -1.65046   -1.65038   -1.65030   -1.64997   -0.67531   -0.67525
  -0.67453   -0.67434   -0.67364   -0.67357   -0.67348   -0.67342   -0.67328   -0.67311
  -0.66789   -0.66783   -0.66735   -0.66732   -0.66696   -0.66672   -0.66656   -0.66632
  -0.66619   -0.66615   -0.66598   -0.66590   -0.66588   -0.66585   -0.66579   -0.66555
  -0.66551   -0.66550   -0.66532   -0.66508   -0.39161   -0.38662   -0.38214   -0.37984
  -0.35454   -0.35452   -0.18704   -0.18477   -0.16531   -0.16158   -0.14704   -0.13998
  -0.05061   -0.04662   -0.03081   -0.02900   -0.02079   -0.01538   -0.00230   -0.00068
   0.00327    0.00705    0.02998    0.03384    0.06417    0.06985    0.08052    0.08334
   0.09944    0.11301    0.17200    0.18754
 kpt#   8, nband= 92, wtk=  0.06250, kpt=  0.3125  0.3125  0.5000 (reduced coord)
  -1.68188   -1.68077   -1.68072   -1.67960   -1.67863   -1.67844   -1.67795   -1.67756
  -1.67584   -1.67578   -1.67544   -1.67439   -1.67392   -1.67296   -1.67287   -1.67281
  -1.67212   -1.67067   -1.66954   -1.66876   -1.65566   -1.65459   -1.65268   -1.65206
  -1.65108   -1.64989   -1.64926   -1.64921   -1.64839   -1.64816   -0.67545   -0.67531
  -0.67463   -0.67461   -0.67350   -0.67333   -0.67331   -0.67323   -0.67320   -0.67309
  -0.66836   -0.66818   -0.66733   -0.66714   -0.66682   -0.66661   -0.66648   -0.66642
  -0.66636   -0.66623   -0.66592   -0.66591   -0.66582   -0.66580   -0.66552   -0.66548
  -0.66537   -0.66532   -0.66497   -0.66489   -0.39529   -0.38812   -0.37999   -0.37297
  -0.35159   -0.35158   -0.17353   -0.16938   -0.15165   -0.14471   -0.12976   -0.12173
  -0.09470   -0.07954   -0.06004   -0.05137   -0.03691   -0.02030   -0.01507   -0.00957
  -0.00515   -0.00498    0.00885    0.00950    0.04708    0.05270    0.07448    0.07553
   0.08795    0.11522    0.17978    0.20531
 kpt#   9, nband= 92, wtk=  0.12500, kpt=  0.4375  0.3125  0.5000 (reduced coord)
  -1.68126   -1.68064   -1.67987   -1.67864   -1.67830   -1.67743   -1.67742   -1.67643
  -1.67543   -1.67505   -1.67494   -1.67463   -1.67448   -1.67347   -1.67318   -1.67301
  -1.67235   -1.67086   -1.67000   -1.66781   -1.65351   -1.65347   -1.65230   -1.65181
  -1.65032   -1.65029   -1.64998   -1.64939   -1.64935   -1.64892   -0.67552   -0.67544
  -0.67442   -0.67434   -0.67363   -0.67341   -0.67335   -0.67318   -0.67311   -0.67308
  -0.66833   -0.66821   -0.66727   -0.66725   -0.66663   -0.66648   -0.66642   -0.66628
  -0.66621   -0.66614   -0.66597   -0.66586   -0.66570   -0.66570   -0.66566   -0.66553
  -0.66551   -0.66547   -0.66493   -0.66481   -0.38397   -0.38006   -0.37685   -0.37553
  -0.34886   -0.34885   -0.17185   -0.17022   -0.14942   -0.14681   -0.12983   -0.12797
  -0.08558   -0.07608   -0.05827   -0.05211   -0.04828   -0.03808   -0.03483   -0.02691
  -0.02233   -0.01384   -0.00087    0.00357    0.02305    0.03153    0.04223    0.04995
   0.09255    0.10457    0.19263    0.20768
 kpt#  10, nband= 92, wtk=  0.06250, kpt=  0.4375  0.4375  0.5000 (reduced coord)
  -1.68175   -1.68066   -1.68038   -1.67983   -1.67966   -1.67923   -1.67890   -1.67822
  -1.67616   -1.67612   -1.67595   -1.67559   -1.67502   -1.67496   -1.67415   -1.67328
  -1.67214   -1.67191   -1.67012   -1.66928   -1.65414   -1.65331   -1.65288   -1.65239
  -1.65175   -1.65152   -1.65098   -1.65067   -1.65011   -1.64911   -0.67575   -0.67567
  -0.67472   -0.67456   -0.67362   -0.67357   -0.67350   -0.67342   -0.67317   -0.67310
  -0.66887   -0.66832   -0.66755   -0.66722   -0.66677   -0.66677   -0.66651   -0.66650
  -0.66642   -0.66617   -0.66613   -0.66603   -0.66590   -0.66588   -0.66581   -0.66577
  -0.66561   -0.66553   -0.66494   -0.66478   -0.37678   -0.37465   -0.37350   -0.37331
  -0.34456   -0.34455   -0.15619   -0.15571   -0.13205   -0.13142   -0.11678   -0.11096
  -0.10371   -0.09563   -0.08019   -0.07970   -0.07583   -0.06198   -0.05230   -0.04190
  -0.02982   -0.02976   -0.01893   -0.01622   -0.00991   -0.00320    0.03713    0.04232
   0.09721    0.10180    0.20760    0.21322
