 Expectation of eigenvalue derivatives (hartree) for nkpt=  32  k points:
  (in case of degenerate eigenvalues, averaged derivative)
 kpt#   1, nband=200, wtk=  0.03125, kpt=  0.0625  0.0625  0.5000 (reduced coord)
   0.00000    0.00000    0.00000   -0.00000    0.00000   -0.00000   -0.00000    0.00000
  -0.00000   -0.00000   -0.00000    0.00000    0.00000   -0.00000   -0.00000   -0.00000
  -0.00000   -0.00000    0.00000   -0.00000   -0.00000   -0.00000    0.00000   -0.00000
   0.00000   -0.00000   -0.00000   -0.00000   -0.00000   -0.00000    0.00000    0.00000
  -0.00000    0.00000    0.00000    0.00000   -0.00000    0.00000   -0.00000   -0.00000
   0.00000    0.00000   -0.00000    0.00000    0.00000   -0.00000   -0.00000   -0.00000
   0.00000   -0.00000    0.00000   -0.00000    0.00000   -0.00000   -0.00000    0.00000
   0.00000   -0.00000    0.00000    0.00000   -0.00000   -0.00000    0.00000   -0.00000
  -0.00000   -0.00000   -0.00000   -0.00000   -0.00000    0.00000    0.00000   -0.00000
  -0.00000    0.00000   -0.00000   -0.00000    0.00000   -0.00000    0.00000    0.00000
  -0.00000   -0.00000    0.00000    0.00000    0.00000    0.00000   -0.00000    0.00000
   0.00000    0.00000    0.00000   -0.00000   -0.00000    0.00000   -0.00000    0.00000
   0.00000    0.00000   -0.00000    0.00000    0.00000    0.00000   -0.00000   -0.00000
   0.00000   -0.00000   -0.00000    0.00000    0.00000   -0.00000    0.00000   -0.00000
  -0.00000   -0.00000   -0.00000   -0.00000   -0.00000    0.00000   -0.00000    0.00000
  -0.00000    0.00000   -0.00000    0.00000   -0.00000    0.00000    0.00000    0.00000
  -0.00000   -0.00000   -0.00000   -0.00000   -0.00000    0.00000   -0.00000    0.00000
   0.00000   -0.00000   -0.00000   -0.00000   -0.00000    0.00000   -0.00000    0.00000
   0.00000   -0.00000    0.00000   -0.00000    0.00000   -0.00000    0.00000   -0.00000
  -0.00000    0.00000   -0.00000   -0.00000    0.00000    0.00000   -0.00000    0.00000
   0.00000    0.00000   -0.00000    0.00000   -0.00000    0.00000    0.00000   -0.00000
  -0.00000   -0.00000    0.00000   -0.00000   -0.00000    0.00000    0.00000   -0.00000
   0.00000   -0.00000   -0.00000   -0.00000   -0.00000    0.00000    0.00000   -0.00000
  -0.00000    0.00000    0.00000    0.00000   -0.00000   -0.00000   -0.00000    0.00000
   0.00000    0.00000    0.00000   -0.00000   -0.00000   -0.00000   -0.00000   -0.00000
 kpt#   2, nband=200, wtk=  0.03125, kpt=  0.1875  0.0625  0.5000 (reduced coord)
  -0.00000   -0.00000    0.00000   -0.00000   -0.00000    0.00000   -0.00000   -0.00000
   0.00000   -0.00000    0.00000    0.00000    0.00000   -0.00000   -0.00000    0.00000
   0.00000   -0.00000   -0.00000    0.00000   -0.00000   -0.00000   -0.00000   -0.00000
   0.00000    0.00000   -0.00000   -0.00000    0.00000   -0.00000    0.00000    0.00000
   0.00000    0.00000    0.00000   -0.00000    0.00000   -0.00000    0.00000    0.00000
   0.00000    0.00000   -0.00000    0.00000   -0.00000   -0.00000    0.00000   -0.00000
  -0.00000   -0.00000    0.00000   -0.00000    0.00000   -0.00000   -0.00000    0.00000
   0.00000   -0.00000    0.00000   -0.00000   -0.00000    0.00000    0.00000   -0.00000
  -0.00000   -0.00000   -0.00000   -0.00000   -0.00000    0.00000   -0.00000    0.00000
  -0.00000    0.00000   -0.00000   -0.00000   -0.00000   -0.00000    0.00000    0.00000
   0.00000   -0.00000    0.00000   -0.00000   -0.00000    0.00000   -0.00000    0.00000
  -0.00000    0.00000    0.00000    0.00000   -0.00000    0.00000   -0.00000    0.00000
   0.00000    0.00000   -0.00000    0.00000   -0.00000   -0.00000   -0.00000    0.00000
  -0.00000    0.00000   -0.00000   -0.00000   -0.00000    0.00000    0.00000   -0.00000
   0.00000    0.00000    0.00000   -0.00000    0.00000   -0.00000    0.00000    0.00000
   0.00000   -0.00000   -0.00000    0.00000   -0.00000    0.00000    0.00000    0.00000
   0.00000   -0.00000   -0.00000   -0.00000   -0.00000   -0.00000    0.00000   -0.00000
   0.00000    0.00000    0.00000    0.00000   -0.00000   -0.00000   -0.00000   -0.00000
  -0.00000   -0.00000   -0.00000   -0.00000    0.00000   -0.00000   -0.00000    0.00000
  -0.00000    0.00000   -0.00000    0.00000    0.00000   -0.00000   -0.00000   -0.00000
  -0.00000    0.00000    0.00000    0.00000   -0.00000   -0.00000   -0.00000    0.00000
   0.00000    0.00000   -0.00000   -0.00000    0.00000    0.00000   -0.00000    0.00000
   0.00000   -0.00000    0.00000   -0.00000   -0.00000    0.00000    0.00000   -0.00000
  -0.00000    0.00000   -0.00000    0.00000    0.00000    0.00000   -0.00000   -0.00000
  -0.00000   -0.00000    0.00000   -0.00000    0.00000    0.00000    0.00000    0.00000
 kpt#   3, nband=200, wtk=  0.03125, kpt=  0.3125  0.0625  0.5000 (reduced coord)
  -0.00000    0.00000    0.00000   -0.00000    0.00000   -0.00000   -0.00000   -0.00000
   0.00000   -0.00000    0.00000    0.00000    0.00000    0.00000    0.00000    0.00000
  -0.00000   -0.00000    0.00000   -0.00000    0.00000   -0.00000    0.00000    0.00000
   0.00000   -0.00000    0.00000   -0.00000    0.00000    0.00000   -0.00000    0.00000
  -0.00000    0.00000    0.00000   -0.00000    0.00000    0.00000   -0.00000   -0.00000
   0.00000    0.00000   -0.00000    0.00000    0.00000    0.00000    0.00000   -0.00000
  -0.00000   -0.00000    0.00000    0.00000    0.00000    0.00000   -0.00000    0.00000
  -0.00000   -0.00000    0.00000   -0.00000   -0.00000   -0.00000   -0.00000    0.00000
  -0.00000    0.00000   -0.00000    0.00000    0.00000    0.00000    0.00000   -0.00000
   0.00000    0.00000   -0.00000   -0.00000   -0.00000   -0.00000    0.00000    0.00000
   0.00000   -0.00000   -0.00000   -0.00000    0.00000    0.00000    0.00000   -0.00000
  -0.00000   -0.00000    0.00000   -0.00000   -0.00000   -0.00000   -0.00000   -0.00000
  -0.00000   -0.00000   -0.00000    0.00000    0.00000    0.00000    0.00000    0.00000
  -0.00000    0.00000   -0.00000    0.00000    0.00000    0.00000    0.00000    0.00000
  -0.00000   -0.00000    0.00000   -0.00000    0.00000   -0.00000   -0.00000   -0.00000
   0.00000   -0.00000   -0.00000   -0.00000   -0.00000   -0.00000   -0.00000   -0.00000
   0.00000    0.00000   -0.00000    0.00000   -0.00000   -0.00000    0.00000   -0.00000
  -0.00000   -0.00000   -0.00000    0.00000    0.00000    0.00000    0.00000    0.00000
  -0.00000   -0.00000    0.00000    0.00000   -0.00000    0.00000   -0.00000   -0.00000
   0.00000   -0.00000   -0.00000    0.00000    0.00000    0.00000    0.00000    0.00000
   0.00000   -0.00000   -0.00000   -0.00000   -0.00000    0.00000    0.00000   -0.00000
  -0.00000    0.00000    0.00000   -0.00000   -0.00000    0.00000   -0.00000   -0.00000
   0.00000   -0.00000   -0.00000    0.00000   -0.00000   -0.00000    0.00000    0.00000
  -0.00000    0.00000   -0.00000   -0.00000   -0.00000    0.00000   -0.00000   -0.00000
   0.00000   -0.00000    0.00000    0.00000   -0.00000   -0.00000   -0.00000    0.00001
 kpt#   4, nband=200, wtk=  0.03125, kpt=  0.4375  0.0625  0.5000 (reduced coord)
  -0.00000    0.00000    0.00000   -0.00000   -0.00000    0.00000   -0.00000   -0.00000
  -0.00000    0.00000    0.00000    0.00000   -0.00000   -0.00000    0.00000   -0.00000
  -0.00000   -0.00000    0.00000    0.00000    0.00000    0.00000    0.00000    0.00000
   0.00000    0.00000    0.00000    0.00000   -0.00000    0.00000    0.00000    0.00000
   0.00000   -0.00000   -0.00000    0.00000    0.00000   -0.00000    0.00000    0.00000
   0.00000    0.00000   -0.00000    0.00000   -0.00000   -0.00000    0.00000   -0.00000
   0.00000    0.00000    0.00000   -0.00000    0.00000    0.00000   -0.00000    0.00000
  -0.00000   -0.00000   -0.00000   -0.00000   -0.00000   -0.00000   -0.00000    0.00000
   0.00000    0.00000    0.00000    0.00000   -0.00000   -0.00000    0.00000    0.00000
  -0.00000    0.00000    0.00000    0.00000   -0.00000   -0.00000   -0.00000    0.00000
   0.00000   -0.00000    0.00000    0.00000    0.00000    0.00000    0.00000    0.00000
  -0.00000   -0.00000    0.00000   -0.00000   -0.00000   -0.00000    0.00000   -0.00000
  -0.00000    0.00000    0.00000    0.00000    0.00000    0.00000    0.00000    0.00000
  -0.00000    0.00000    0.00000    0.00000    0.00000    0.00000    0.00000   -0.00000
   0.00000   -0.00000   -0.00000    0.00000   -0.00000   -0.00000   -0.00000   -0.00000
  -0.00000    0.00000   -0.00000   -0.00000    0.00000   -0.00000   -0.00000    0.00000
  -0.00000   -0.00000    0.00000   -0.00000   -0.00000    0.00000    0.00000   -0.00000
   0.00000   -0.00000   -0.00000    0.00000   -0.00000   -0.00000    0.00000   -0.00000
   0.00000   -0.00000    0.00000   -0.00000    0.00000    0.00000   -0.00000    0.00000
   0.00000    0.00000    0.00000    0.00000    0.00000    0.00000    0.00000   -0.00000
  -0.00000    0.00000   -0.00000    0.00000   -0.00000    0.00000   -0.00000   -0.00000
   0.00000   -0.00000    0.00000    0.00000    0.00000   -0.00000    0.00000    0.00000
  -0.00000   -0.00000    0.00000    0.00000   -0.00000    0.00000    0.00000    0.00000
  -0.00000    0.00000   -0.00000   -0.00000   -0.00000    0.00000    0.00000   -0.00000
  -0.00000   -0.00000   -0.00000    0.00000    0.00000   -0.00000    0.00000   -0.00000
 kpt#   5, nband=200, wtk=  0.03125, kpt= -0.4375  0.0625  0.5000 (reduced coord)
   0.00000   -0.00000   -0.00000    0.00000    0.00000   -0.00000   -0.00000    0.00000
   0.00000   -0.00000   -0.00000   -0.00000    0.00000    0.00000   -0.00000    0.00000
   0.00000   -0.00000   -0.00000   -0.00000   -0.00000   -0.00000   -0.00000   -0.00000
   0.00000   -0.00000   -0.00000   -0.00000    0.00000   -0.00000   -0.00000   -0.00000
  -0.00000    0.00000    0.00000   -0.00000   -0.00000    0.00000   -0.00000   -0.00000
  -0.00000   -0.00000    0.00000   -0.00000    0.00000    0.00000   -0.00000    0.00000
  -0.00000   -0.00000   -0.00000    0.00000   -0.00000   -0.00000    0.00000   -0.00000
   0.00000    0.00000    0.00000    0.00000    0.00000    0.00000    0.00000   -0.00000
  -0.00000   -0.00000   -0.00000   -0.00000    0.00000    0.00000   -0.00000   -0.00000
   0.00000   -0.00000   -0.00000   -0.00000    0.00000    0.00000    0.00000   -0.00000
  -0.00000    0.00000   -0.00000   -0.00000   -0.00000   -0.00000   -0.00000   -0.00000
   0.00000    0.00000   -0.00000    0.00000    0.00000    0.00000   -0.00000    0.00000
   0.00000   -0.00000   -0.00000   -0.00000   -0.00000   -0.00000   -0.00000   -0.00000
   0.00000   -0.00000   -0.00000   -0.00000   -0.00000   -0.00000   -0.00000    0.00000
  -0.00000    0.00000    0.00000   -0.00000    0.00000    0.00000    0.00000    0.00000
   0.00000   -0.00000    0.00000    0.00000   -0.00000    0.00000    0.00000   -0.00000
   0.00000    0.00000   -0.00000    0.00000    0.00000   -0.00000   -0.00000    0.00000
  -0.00000    0.00000    0.00000   -0.00000    0.00000    0.00000   -0.00000    0.00000
  -0.00000    0.00000   -0.00000    0.00000   -0.00000   -0.00000    0.00000   -0.00000
  -0.00000   -0.00000   -0.00000   -0.00000   -0.00000   -0.00000   -0.00000    0.00000
   0.00000   -0.00000    0.00000   -0.00000    0.00000   -0.00000    0.00000    0.00000
  -0.00000    0.00000   -0.00000   -0.00000   -0.00000    0.00000   -0.00000   -0.00000
   0.00000    0.00000   -0.00000   -0.00000    0.00000   -0.00000   -0.00000   -0.00000
   0.00000   -0.00000    0.00000    0.00000    0.00000   -0.00000   -0.00000    0.00000
   0.00000    0.00000   -0.00000   -0.00000   -0.00000    0.00000   -0.00000    0.00000
 kpt#   6, nband=200, wtk=  0.03125, kpt= -0.3125  0.0625  0.5000 (reduced coord)
   0.00000   -0.00000   -0.00000    0.00000   -0.00000    0.00000    0.00000    0.00000
  -0.00000    0.00000   -0.00000   -0.00000   -0.00000   -0.00000    0.00000   -0.00000
   0.00000    0.00000    0.00000   -0.00000   -0.00000    0.00000   -0.00000   -0.00000
  -0.00000    0.00000   -0.00000    0.00000   -0.00000   -0.00000    0.00000   -0.00000
   0.00000   -0.00000   -0.00000    0.00000   -0.00000   -0.00000    0.00000    0.00000
  -0.00000   -0.00000    0.00000   -0.00000   -0.00000   -0.00000   -0.00000    0.00000
   0.00000    0.00000   -0.00000   -0.00000   -0.00000   -0.00000    0.00000   -0.00000
   0.00000    0.00000    0.00000   -0.00000    0.00000    0.00000    0.00000   -0.00000
   0.00000   -0.00000    0.00000   -0.00000   -0.00000   -0.00000   -0.00000    0.00000
  -0.00000   -0.00000    0.00000    0.00000    0.00000    0.00000   -0.00000   -0.00000
  -0.00000    0.00000    0.00000    0.00000   -0.00000   -0.00000   -0.00000    0.00000
   0.00000    0.00000   -0.00000    0.00000    0.00000    0.00000    0.00000    0.00000
   0.00000    0.00000    0.00000   -0.00000   -0.00000   -0.00000   -0.00000   -0.00000
   0.00000   -0.00000    0.00000   -0.00000    0.00000   -0.00000   -0.00000   -0.00000
   0.00000    0.00000   -0.00000    0.00000   -0.00000    0.00000   -0.00000    0.00000
  -0.00000    0.00000    0.00000    0.00000    0.00000    0.00000   -0.00000    0.00000
  -0.00000   -0.00000    0.00000   -0.00000    0.00000    0.00000   -0.00000    0.00000
   0.00000    0.00000    0.00000   -0.00000   -0.00000   -0.00000   -0.00000   -0.00000
   0.00000    0.00000   -0.00000   -0.00000    0.00000   -0.00000    0.00000    0.00000
  -0.00000    0.00000    0.00000   -0.00000   -0.00000   -0.00000   -0.00000    0.00000
  -0.00000    0.00000    0.00000    0.00000    0.00000   -0.00000   -0.00000    0.00000
   0.00000   -0.00000   -0.00000    0.00000    0.00000   -0.00000    0.00000    0.00000
  -0.00000    0.00000    0.00000   -0.00000    0.00000    0.00000   -0.00000   -0.00000
   0.00000   -0.00000    0.00000    0.00000    0.00000   -0.00000    0.00000    0.00000
  -0.00000    0.00000   -0.00000   -0.00000    0.00000    0.00000    0.00000   -0.00001
 kpt#   7, nband=200, wtk=  0.03125, kpt= -0.1875  0.0625  0.5000 (reduced coord)
   0.00000    0.00000   -0.00000    0.00000    0.00000   -0.00000    0.00000    0.00000
   0.00000    0.00000   -0.00000   -0.00000   -0.00000    0.00000    0.00000   -0.00000
  -0.00000    0.00000   -0.00000   -0.00000    0.00000    0.00000    0.00000    0.00000
  -0.00000   -0.00000    0.00000   -0.00000   -0.00000    0.00000   -0.00000   -0.00000
  -0.00000   -0.00000   -0.00000    0.00000   -0.00000    0.00000   -0.00000   -0.00000
  -0.00000   -0.00000    0.00000   -0.00000    0.00000    0.00000   -0.00000    0.00000
   0.00000    0.00000   -0.00000    0.00000   -0.00000    0.00000    0.00000   -0.00000
  -0.00000    0.00000   -0.00000    0.00000    0.00000   -0.00000   -0.00000   -0.00000
   0.00000    0.00000    0.00000    0.00000    0.00000   -0.00000    0.00000   -0.00000
   0.00000   -0.00000    0.00000    0.00000    0.00000    0.00000   -0.00000   -0.00000
  -0.00000    0.00000   -0.00000    0.00000    0.00000   -0.00000    0.00000   -0.00000
   0.00000   -0.00000   -0.00000   -0.00000    0.00000   -0.00000    0.00000   -0.00000
  -0.00000   -0.00000    0.00000   -0.00000    0.00000    0.00000    0.00000   -0.00000
   0.00000   -0.00000    0.00000    0.00000    0.00000   -0.00000   -0.00000    0.00000
  -0.00000   -0.00000   -0.00000    0.00000   -0.00000    0.00000   -0.00000   -0.00000
  -0.00000    0.00000    0.00000   -0.00000    0.00000   -0.00000   -0.00000   -0.00000
  -0.00000    0.00000    0.00000    0.00000    0.00000    0.00000   -0.00000    0.00000
  -0.00000   -0.00000   -0.00000   -0.00000    0.00000    0.00000    0.00000    0.00000
   0.00000    0.00000    0.00000    0.00000   -0.00000    0.00000    0.00000   -0.00000
   0.00000   -0.00000    0.00000   -0.00000   -0.00000    0.00000    0.00000    0.00000
   0.00000   -0.00000   -0.00000   -0.00000    0.00000    0.00000    0.00000   -0.00000
  -0.00000   -0.00000    0.00000    0.00000   -0.00000   -0.00000    0.00000   -0.00000
  -0.00000    0.00000   -0.00000   -0.00000    0.00000   -0.00000   -0.00000    0.00000
   0.00000   -0.00000    0.00000   -0.00000   -0.00000   -0.00000    0.00000    0.00000
   0.00000    0.00000   -0.00000    0.00000   -0.00000   -0.00000   -0.00000   -0.00000
 kpt#   8, nband=200, wtk=  0.03125, kpt= -0.0625  0.0625  0.5000 (reduced coord)
  -0.00000   -0.00000   -0.00000    0.00000   -0.00000    0.00000    0.00000   -0.00000
   0.00000    0.00000    0.00000   -0.00000   -0.00000    0.00000    0.00000    0.00000
   0.00000    0.00000   -0.00000    0.00000    0.00000    0.00000   -0.00000   -0.00000
  -0.00000    0.00000    0.00000    0.00000    0.00000    0.00000   -0.00000   -0.00000
   0.00000   -0.00000   -0.00000   -0.00000    0.00000   -0.00000    0.00000    0.00000
  -0.00000   -0.00000    0.00000   -0.00000   -0.00000    0.00000    0.00000    0.00000
  -0.00000   -0.00000   -0.00000   -0.00000    0.00000    0.00000    0.00000   -0.00000
  -0.00000    0.00000   -0.00000   -0.00000    0.00000    0.00000   -0.00000    0.00000
   0.00000    0.00000    0.00000    0.00000    0.00000   -0.00000   -0.00000    0.00000
   0.00000   -0.00000    0.00000    0.00000   -0.00000    0.00000   -0.00000   -0.00000
   0.00000    0.00000   -0.00000   -0.00000   -0.00000   -0.00000    0.00000   -0.00000
  -0.00000   -0.00000   -0.00000    0.00000    0.00000   -0.00000    0.00000   -0.00000
  -0.00000   -0.00000    0.00000   -0.00000   -0.00000   -0.00000    0.00000    0.00000
  -0.00000    0.00000    0.00000   -0.00000   -0.00000    0.00000   -0.00000    0.00000
   0.00000    0.00000    0.00000    0.00000    0.00000   -0.00000    0.00000   -0.00000
   0.00000   -0.00000    0.00000   -0.00000    0.00000   -0.00000   -0.00000   -0.00000
   0.00000    0.00000    0.00000    0.00000    0.00000   -0.00000    0.00000   -0.00000
  -0.00000    0.00000    0.00000    0.00000    0.00000   -0.00000    0.00000   -0.00000
  -0.00000    0.00000   -0.00000    0.00000   -0.00000    0.00000   -0.00000    0.00000
  -0.00000   -0.00000    0.00000    0.00000   -0.00000   -0.00000    0.00000   -0.00000
   0.00000   -0.00000    0.00000   -0.00000    0.00000   -0.00000   -0.00000    0.00000
   0.00000    0.00000   -0.00000    0.00000    0.00000   -0.00000   -0.00000    0.00000
  -0.00000    0.00000    0.00000   -0.00000    0.00000   -0.00000   -0.00000    0.00000
   0.00000    0.00000   -0.00000   -0.00000    0.00000    0.00000    0.00000   -0.00000
  -0.00000   -0.00000   -0.00000    0.00000    0.00000    0.00000    0.00000    0.00000
 kpt#   9, nband=200, wtk=  0.03125, kpt=  0.0625  0.1875  0.5000 (reduced coord)
  -0.00000   -0.00000    0.00000   -0.00000   -0.00000    0.00000   -0.00000   -0.00000
   0.00000    0.00000   -0.00000    0.00000    0.00000   -0.00000   -0.00000    0.00000
   0.00000   -0.00000   -0.00000    0.00000   -0.00000   -0.00000   -0.00000   -0.00000
   0.00000    0.00000   -0.00000   -0.00000    0.00000   -0.00000    0.00000    0.00000
   0.00000    0.00000    0.00000   -0.00000    0.00000   -0.00000    0.00000    0.00000
   0.00000    0.00000   -0.00000    0.00000   -0.00000   -0.00000    0.00000   -0.00000
  -0.00000   -0.00000    0.00000   -0.00000    0.00000   -0.00000   -0.00000    0.00000
   0.00000   -0.00000    0.00000   -0.00000   -0.00000    0.00000    0.00000    0.00000
  -0.00000   -0.00000   -0.00000   -0.00000   -0.00000    0.00000   -0.00000    0.00000
  -0.00000    0.00000   -0.00000   -0.00000   -0.00000   -0.00000    0.00000    0.00000
   0.00000   -0.00000    0.00000   -0.00000   -0.00000    0.00000   -0.00000    0.00000
  -0.00000    0.00000    0.00000    0.00000   -0.00000    0.00000   -0.00000    0.00000
   0.00000    0.00000   -0.00000    0.00000   -0.00000   -0.00000   -0.00000    0.00000
  -0.00000    0.00000   -0.00000   -0.00000   -0.00000    0.00000    0.00000   -0.00000
   0.00000    0.00000    0.00000   -0.00000    0.00000   -0.00000    0.00000    0.00000
   0.00000   -0.00000   -0.00000    0.00000   -0.00000    0.00000    0.00000    0.00000
   0.00000   -0.00000   -0.00000   -0.00000   -0.00000   -0.00000    0.00000   -0.00000
   0.00000    0.00000    0.00000    0.00000   -0.00000   -0.00000   -0.00000   -0.00000
  -0.00000   -0.00000   -0.00000   -0.00000    0.00000   -0.00000   -0.00000    0.00000
  -0.00000    0.00000   -0.00000    0.00000    0.00000   -0.00000   -0.00000   -0.00000
  -0.00000    0.00000    0.00000    0.00000   -0.00000   -0.00000   -0.00000    0.00000
   0.00000    0.00000   -0.00000   -0.00000    0.00000    0.00000   -0.00000    0.00000
   0.00000   -0.00000    0.00000   -0.00000   -0.00000    0.00000    0.00000   -0.00000
  -0.00000    0.00000   -0.00000    0.00000    0.00000    0.00000   -0.00000   -0.00000
  -0.00000   -0.00000   -0.00000   -0.00000    0.00000    0.00000    0.00000    0.00000
 kpt#  10, nband=200, wtk=  0.03125, kpt=  0.1875  0.1875  0.5000 (reduced coord)
   0.00000   -0.00000    0.00000   -0.00000   -0.00000    0.00000   -0.00000   -0.00000
   0.00000   -0.00000   -0.00000   -0.00000   -0.00000    0.00000   -0.00000    0.00000
  -0.00000   -0.00000   -0.00000    0.00000    0.00000   -0.00000    0.00000   -0.00000
   0.00000    0.00000    0.00000    0.00000    0.00000    0.00000   -0.00000   -0.00000
  -0.00000    0.00000   -0.00000    0.00000   -0.00000   -0.00000   -0.00000    0.00000
  -0.00000   -0.00000   -0.00000    0.00000   -0.00000   -0.00000   -0.00000   -0.00000
  -0.00000    0.00000    0.00000    0.00000    0.00000   -0.00000   -0.00000   -0.00000
   0.00000   -0.00000    0.00000   -0.00000    0.00000    0.00000    0.00000    0.00000
   0.00000   -0.00000    0.00000   -0.00000    0.00000   -0.00000    0.00000   -0.00000
   0.00000    0.00000    0.00000   -0.00000   -0.00000    0.00000   -0.00000    0.00000
   0.00000   -0.00000    0.00000    0.00000    0.00000   -0.00000    0.00000   -0.00000
   0.00000    0.00000   -0.00000    0.00000    0.00000   -0.00000    0.00000    0.00000
   0.00000    0.00000   -0.00000   -0.00000   -0.00000   -0.00000   -0.00000    0.00000
   0.00000   -0.00000    0.00000   -0.00000   -0.00000    0.00000    0.00000   -0.00000
  -0.00000   -0.00000    0.00000    0.00000   -0.00000    0.00000   -0.00000   -0.00000
  -0.00000   -0.00000   -0.00000   -0.00000    0.00000    0.00000   -0.00000    0.00000
   0.00000   -0.00000   -0.00000    0.00000   -0.00000   -0.00000    0.00000    0.00000
  -0.00000   -0.00000   -0.00000    0.00000    0.00000   -0.00000    0.00000   -0.00000
  -0.00000    0.00000    0.00000    0.00000    0.00000   -0.00000   -0.00000   -0.00000
   0.00000    0.00000    0.00000   -0.00000    0.00000    0.00000   -0.00000    0.00000
   0.00000   -0.00000   -0.00000    0.00000   -0.00000    0.00000    0.00000    0.00000
  -0.00000    0.00000   -0.00000    0.00000   -0.00000    0.00000    0.00000    0.00000
   0.00000    0.00000    0.00000    0.00000    0.00000   -0.00000    0.00000   -0.00000
   0.00000   -0.00000    0.00000    0.00000    0.00000    0.00000    0.00000    0.00000
  -0.00000   -0.00000    0.00000    0.00000    0.00000   -0.00000   -0.00000   -0.00000
 kpt#  11, nband=200, wtk=  0.03125, kpt=  0.3125  0.1875  0.5000 (reduced coord)
  -0.00000   -0.00000    0.00000   -0.00000   -0.00000    0.00000    0.00000   -0.00000
   0.00000    0.00000    0.00000   -0.00000    0.00000    0.00000   -0.00000   -0.00000
  -0.00000   -0.00000    0.00000   -0.00000    0.00000   -0.00000    0.00000    0.00000
  -0.00000    0.00000    0.00000    0.00000   -0.00000    0.00000    0.00000   -0.00000
  -0.00000    0.00000    0.00000   -0.00000   -0.00000    0.00000   -0.00000    0.00000
   0.00000   -0.00000    0.00000    0.00000    0.00000    0.00000   -0.00000    0.00000
  -0.00000   -0.00000   -0.00000   -0.00000   -0.00000   -0.00000    0.00000   -0.00000
  -0.00000    0.00000    0.00000    0.00000    0.00000    0.00000   -0.00000    0.00000
  -0.00000    0.00000    0.00000   -0.00000   -0.00000    0.00000    0.00000    0.00000
   0.00000   -0.00000   -0.00000   -0.00000   -0.00000    0.00000   -0.00000   -0.00000
   0.00000    0.00000   -0.00000   -0.00000    0.00000    0.00000    0.00000    0.00000
   0.00000    0.00000   -0.00000    0.00000    0.00000   -0.00000    0.00000   -0.00000
  -0.00000   -0.00000   -0.00000   -0.00000    0.00000    0.00000    0.00000   -0.00000
   0.00000    0.00000   -0.00000    0.00000    0.00000   -0.00000   -0.00000    0.00000
   0.00000    0.00000    0.00000    0.00000   -0.00000    0.00000    0.00000   -0.00000
  -0.00000    0.00000    0.00000   -0.00000    0.00000   -0.00000   -0.00000   -0.00000
  -0.00000    0.00000    0.00000    0.00000    0.00000   -0.00000   -0.00000    0.00000
  -0.00000    0.00000   -0.00000    0.00000    0.00000    0.00000   -0.00000   -0.00000
   0.00000   -0.00000    0.00000   -0.00000   -0.00000   -0.00000   -0.00000    0.00000
   0.00000   -0.00000   -0.00000   -0.00000   -0.00000   -0.00000   -0.00000    0.00000
   0.00000   -0.00000    0.00000   -0.00000   -0.00000   -0.00000   -0.00000   -0.00000
   0.00000   -0.00000    0.00000    0.00000   -0.00000    0.00000   -0.00000   -0.00000
   0.00000    0.00000   -0.00000   -0.00000    0.00000    0.00000    0.00000    0.00000
  -0.00000   -0.00000    0.00000   -0.00000   -0.00000   -0.00000   -0.00000    0.00000
   0.00000    0.00000   -0.00000    0.00000   -0.00000    0.00000    0.00000   -0.00000
 kpt#  12, nband=200, wtk=  0.03125, kpt=  0.4375  0.1875  0.5000 (reduced coord)
   0.00000    0.00000   -0.00000   -0.00000    0.00000    0.00000    0.00000    0.00000
   0.00000    0.00000    0.00000   -0.00000    0.00000    0.00000    0.00000   -0.00000
  -0.00000    0.00000   -0.00000    0.00000   -0.00000    0.00000   -0.00000   -0.00000
  -0.00000   -0.00000    0.00000    0.00000    0.00000    0.00000   -0.00000   -0.00000
   0.00000   -0.00000   -0.00000   -0.00000   -0.00000   -0.00000    0.00000    0.00000
   0.00000    0.00000   -0.00000   -0.00000    0.00000    0.00000    0.00000   -0.00000
  -0.00000    0.00000   -0.00000   -0.00000    0.00000   -0.00000    0.00000   -0.00000
  -0.00000    0.00000    0.00000   -0.00000    0.00000    0.00000    0.00000   -0.00000
   0.00000    0.00000    0.00000    0.00000    0.00000   -0.00000    0.00000    0.00000
  -0.00000    0.00000   -0.00000    0.00000   -0.00000   -0.00000   -0.00000   -0.00000
   0.00000    0.00000   -0.00000    0.00000   -0.00000   -0.00000    0.00000    0.00000
   0.00000   -0.00000   -0.00000    0.00000   -0.00000   -0.00000   -0.00000   -0.00000
  -0.00000    0.00000    0.00000   -0.00000   -0.00000    0.00000    0.00000    0.00000
   0.00000    0.00000    0.00000    0.00000    0.00000    0.00000    0.00000    0.00000
   0.00000    0.00000    0.00000   -0.00000   -0.00000   -0.00000   -0.00000   -0.00000
  -0.00000   -0.00000    0.00000    0.00000   -0.00000   -0.00000   -0.00000    0.00000
   0.00000    0.00000   -0.00000    0.00000    0.00000   -0.00000    0.00000   -0.00000
  -0.00000   -0.00000   -0.00000   -0.00000   -0.00000   -0.00000    0.00000   -0.00000
   0.00000    0.00000   -0.00000   -0.00000    0.00000   -0.00000    0.00000    0.00000
   0.00000    0.00000    0.00000   -0.00000   -0.00000    0.00000    0.00000    0.00000
   0.00000    0.00000    0.00000    0.00000    0.00000    0.00000    0.00000   -0.00000
  -0.00000    0.00000    0.00000   -0.00000    0.00000   -0.00000    0.00000    0.00000
  -0.00000    0.00000   -0.00000    0.00000   -0.00000   -0.00000   -0.00000   -0.00000
   0.00000    0.00000   -0.00000    0.00000   -0.00000   -0.00000   -0.00000    0.00000
   0.00000   -0.00000   -0.00000    0.00000   -0.00000    0.00000   -0.00000    0.00021
 kpt#  13, nband=200, wtk=  0.03125, kpt= -0.4375  0.1875  0.5000 (reduced coord)
  -0.00000   -0.00000    0.00000    0.00000   -0.00000   -0.00000   -0.00000   -0.00000
  -0.00000   -0.00000   -0.00000    0.00000    0.00000   -0.00000   -0.00000    0.00000
   0.00000   -0.00000    0.00000   -0.00000    0.00000   -0.00000    0.00000   -0.00000
   0.00000    0.00000   -0.00000   -0.00000   -0.00000   -0.00000    0.00000    0.00000
  -0.00000    0.00000    0.00000    0.00000    0.00000    0.00000   -0.00000   -0.00000
  -0.00000   -0.00000    0.00000    0.00000   -0.00000   -0.00000   -0.00000    0.00000
   0.00000   -0.00000    0.00000    0.00000   -0.00000    0.00000   -0.00000    0.00000
   0.00000   -0.00000   -0.00000    0.00000   -0.00000   -0.00000   -0.00000    0.00000
  -0.00000    0.00000   -0.00000   -0.00000   -0.00000    0.00000   -0.00000   -0.00000
   0.00000   -0.00000    0.00000   -0.00000    0.00000    0.00000    0.00000    0.00000
  -0.00000   -0.00000    0.00000   -0.00000    0.00000    0.00000   -0.00000   -0.00000
  -0.00000    0.00000    0.00000   -0.00000    0.00000    0.00000    0.00000    0.00000
   0.00000   -0.00000   -0.00000    0.00000    0.00000   -0.00000   -0.00000   -0.00000
  -0.00000   -0.00000   -0.00000   -0.00000   -0.00000   -0.00000   -0.00000   -0.00000
  -0.00000   -0.00000   -0.00000    0.00000    0.00000    0.00000    0.00000    0.00000
   0.00000    0.00000   -0.00000   -0.00000    0.00000    0.00000    0.00000   -0.00000
  -0.00000   -0.00000    0.00000   -0.00000   -0.00000    0.00000   -0.00000    0.00000
   0.00000    0.00000    0.00000    0.00000    0.00000    0.00000   -0.00000    0.00000
  -0.00000   -0.00000    0.00000    0.00000   -0.00000    0.00000   -0.00000   -0.00000
  -0.00000   -0.00000   -0.00000    0.00000    0.00000   -0.00000   -0.00000   -0.00000
  -0.00000   -0.00000   -0.00000   -0.00000   -0.00000   -0.00000   -0.00000    0.00000
   0.00000   -0.00000   -0.00000    0.00000   -0.00000    0.00000   -0.00000   -0.00000
   0.00000   -0.00000    0.00000   -0.00000    0.00000    0.00000    0.00000    0.00000
  -0.00000   -0.00000    0.00000   -0.00000    0.00000    0.00000    0.00000    0.00000
  -0.00000    0.00000    0.00000   -0.00000    0.00000   -0.00000    0.00000   -0.00021
 kpt#  14, nband=200, wtk=  0.03125, kpt= -0.3125  0.1875  0.5000 (reduced coord)
   0.00000    0.00000   -0.00000    0.00000   -0.00000   -0.00000   -0.00000    0.00000
  -0.00000   -0.00000   -0.00000    0.00000   -0.00000   -0.00000    0.00000    0.00000
   0.00000    0.00000   -0.00000    0.00000   -0.00000    0.00000   -0.00000   -0.00000
   0.00000    0.00000   -0.00000    0.00000    0.00000   -0.00000   -0.00000    0.00000
   0.00000   -0.00000   -0.00000    0.00000    0.00000   -0.00000    0.00000   -0.00000
  -0.00000    0.00000   -0.00000   -0.00000   -0.00000   -0.00000    0.00000   -0.00000
   0.00000    0.00000    0.00000    0.00000    0.00000    0.00000   -0.00000   -0.00000
   0.00000   -0.00000   -0.00000   -0.00000   -0.00000   -0.00000    0.00000   -0.00000
   0.00000   -0.00000   -0.00000    0.00000    0.00000   -0.00000   -0.00000   -0.00000
  -0.00000    0.00000    0.00000    0.00000    0.00000   -0.00000    0.00000    0.00000
  -0.00000   -0.00000    0.00000    0.00000   -0.00000   -0.00000   -0.00000   -0.00000
  -0.00000   -0.00000    0.00000   -0.00000   -0.00000    0.00000   -0.00000    0.00000
   0.00000    0.00000    0.00000    0.00000   -0.00000   -0.00000   -0.00000    0.00000
  -0.00000   -0.00000    0.00000   -0.00000   -0.00000    0.00000    0.00000   -0.00000
  -0.00000   -0.00000   -0.00000   -0.00000    0.00000   -0.00000   -0.00000    0.00000
   0.00000   -0.00000   -0.00000    0.00000    0.00000    0.00000    0.00000    0.00000
   0.00000   -0.00000   -0.00000   -0.00000   -0.00000    0.00000    0.00000   -0.00000
   0.00000   -0.00000    0.00000   -0.00000   -0.00000   -0.00000    0.00000    0.00000
  -0.00000    0.00000   -0.00000   -0.00000    0.00000    0.00000    0.00000   -0.00000
  -0.00000    0.00000    0.00000    0.00000   -0.00000    0.00000    0.00000   -0.00000
   0.00000    0.00000   -0.00000    0.00000    0.00000    0.00000    0.00000    0.00000
  -0.00000    0.00000   -0.00000   -0.00000    0.00000   -0.00000    0.00000    0.00000
  -0.00000   -0.00000    0.00000    0.00000   -0.00000   -0.00000   -0.00000    0.00000
   0.00000    0.00000   -0.00000    0.00000    0.00000    0.00000    0.00000   -0.00000
  -0.00000   -0.00000    0.00000   -0.00000   -0.00000   -0.00000   -0.00000    0.00000
 kpt#  15, nband=200, wtk=  0.03125, kpt= -0.1875  0.1875  0.5000 (reduced coord)
  -0.00000    0.00000   -0.00000    0.00000    0.00000   -0.00000    0.00000    0.00000
  -0.00000    0.00000    0.00000    0.00000   -0.00000   -0.00000    0.00000   -0.00000
   0.00000    0.00000    0.00000   -0.00000   -0.00000    0.00000    0.00000    0.00000
  -0.00000   -0.00000    0.00000   -0.00000   -0.00000   -0.00000    0.00000    0.00000
   0.00000   -0.00000    0.00000   -0.00000    0.00000    0.00000    0.00000   -0.00000
   0.00000    0.00000    0.00000   -0.00000    0.00000    0.00000    0.00000    0.00000
   0.00000   -0.00000   -0.00000   -0.00000    0.00000   -0.00000    0.00000    0.00000
  -0.00000    0.00000   -0.00000    0.00000   -0.00000   -0.00000   -0.00000   -0.00000
  -0.00000    0.00000   -0.00000    0.00000   -0.00000    0.00000   -0.00000    0.00000
  -0.00000   -0.00000   -0.00000    0.00000    0.00000   -0.00000    0.00000   -0.00000
  -0.00000    0.00000   -0.00000   -0.00000   -0.00000    0.00000   -0.00000    0.00000
  -0.00000   -0.00000    0.00000   -0.00000    0.00000    0.00000   -0.00000   -0.00000
  -0.00000   -0.00000    0.00000    0.00000    0.00000    0.00000    0.00000   -0.00000
  -0.00000    0.00000   -0.00000    0.00000    0.00000   -0.00000   -0.00000    0.00000
   0.00000    0.00000   -0.00000   -0.00000   -0.00000   -0.00000    0.00000    0.00000
   0.00000    0.00000    0.00000    0.00000   -0.00000   -0.00000    0.00000    0.00000
  -0.00000    0.00000    0.00000   -0.00000    0.00000    0.00000   -0.00000   -0.00000
   0.00000    0.00000    0.00000   -0.00000   -0.00000    0.00000    0.00000    0.00000
   0.00000   -0.00000   -0.00000   -0.00000   -0.00000    0.00000    0.00000    0.00000
  -0.00000   -0.00000   -0.00000    0.00000   -0.00000   -0.00000    0.00000   -0.00000
  -0.00000    0.00000    0.00000   -0.00000    0.00000   -0.00000   -0.00000    0.00000
  -0.00000   -0.00000   -0.00000    0.00000    0.00000   -0.00000   -0.00000   -0.00000
  -0.00000   -0.00000   -0.00000   -0.00000   -0.00000    0.00000   -0.00000    0.00000
  -0.00000    0.00000   -0.00000   -0.00000   -0.00000   -0.00000   -0.00000   -0.00000
   0.00000    0.00000   -0.00000   -0.00000   -0.00000    0.00000    0.00000    0.00000
 kpt#  16, nband=200, wtk=  0.03125, kpt= -0.0625  0.1875  0.5000 (reduced coord)
   0.00000    0.00000   -0.00000    0.00000    0.00000   -0.00000    0.00000   -0.00000
  -0.00000    0.00000   -0.00000   -0.00000   -0.00000    0.00000    0.00000   -0.00000
  -0.00000    0.00000   -0.00000   -0.00000    0.00000    0.00000    0.00000    0.00000
  -0.00000   -0.00000    0.00000    0.00000   -0.00000    0.00000   -0.00000   -0.00000
  -0.00000   -0.00000   -0.00000    0.00000   -0.00000    0.00000   -0.00000   -0.00000
  -0.00000   -0.00000    0.00000   -0.00000    0.00000    0.00000   -0.00000    0.00000
   0.00000    0.00000   -0.00000    0.00000   -0.00000    0.00000    0.00000   -0.00000
  -0.00000    0.00000   -0.00000    0.00000    0.00000   -0.00000   -0.00000    0.00000
   0.00000    0.00000    0.00000    0.00000    0.00000   -0.00000    0.00000   -0.00000
   0.00000   -0.00000    0.00000    0.00000    0.00000    0.00000   -0.00000   -0.00000
  -0.00000    0.00000   -0.00000    0.00000    0.00000   -0.00000    0.00000   -0.00000
   0.00000   -0.00000   -0.00000   -0.00000    0.00000   -0.00000    0.00000   -0.00000
  -0.00000   -0.00000    0.00000   -0.00000    0.00000    0.00000    0.00000   -0.00000
   0.00000   -0.00000    0.00000    0.00000    0.00000   -0.00000   -0.00000    0.00000
  -0.00000   -0.00000   -0.00000    0.00000   -0.00000    0.00000   -0.00000   -0.00000
  -0.00000    0.00000    0.00000   -0.00000    0.00000   -0.00000   -0.00000   -0.00000
  -0.00000    0.00000    0.00000    0.00000    0.00000    0.00000   -0.00000    0.00000
  -0.00000   -0.00000   -0.00000   -0.00000    0.00000    0.00000    0.00000    0.00000
   0.00000    0.00000    0.00000    0.00000   -0.00000    0.00000    0.00000   -0.00000
   0.00000   -0.00000    0.00000   -0.00000   -0.00000    0.00000    0.00000    0.00000
   0.00000   -0.00000   -0.00000   -0.00000    0.00000    0.00000    0.00000   -0.00000
  -0.00000   -0.00000    0.00000    0.00000   -0.00000   -0.00000    0.00000   -0.00000
  -0.00000    0.00000   -0.00000    0.00000    0.00000   -0.00000   -0.00000    0.00000
   0.00000   -0.00000    0.00000   -0.00000   -0.00000   -0.00000    0.00000    0.00000
   0.00000    0.00000    0.00000    0.00000   -0.00000   -0.00000   -0.00000   -0.00000
 kpt#  17, nband=200, wtk=  0.03125, kpt=  0.0625  0.3125  0.5000 (reduced coord)
  -0.00000    0.00000    0.00000   -0.00000    0.00000   -0.00000   -0.00000   -0.00000
   0.00000   -0.00000    0.00000    0.00000    0.00000    0.00000   -0.00000    0.00000
  -0.00000   -0.00000    0.00000   -0.00000    0.00000   -0.00000    0.00000   -0.00000
   0.00000   -0.00000    0.00000   -0.00000   -0.00000    0.00000   -0.00000    0.00000
  -0.00000    0.00000    0.00000   -0.00000    0.00000    0.00000   -0.00000   -0.00000
   0.00000    0.00000   -0.00000    0.00000    0.00000    0.00000    0.00000   -0.00000
  -0.00000   -0.00000    0.00000    0.00000    0.00000    0.00000   -0.00000    0.00000
  -0.00000   -0.00000    0.00000   -0.00000   -0.00000   -0.00000   -0.00000    0.00000
  -0.00000    0.00000   -0.00000    0.00000    0.00000    0.00000    0.00000   -0.00000
   0.00000    0.00000   -0.00000   -0.00000   -0.00000   -0.00000    0.00000    0.00000
   0.00000   -0.00000   -0.00000   -0.00000    0.00000    0.00000    0.00000   -0.00000
  -0.00000   -0.00000    0.00000   -0.00000   -0.00000   -0.00000   -0.00000   -0.00000
  -0.00000   -0.00000   -0.00000    0.00000    0.00000    0.00000    0.00000    0.00000
  -0.00000    0.00000   -0.00000    0.00000    0.00000    0.00000    0.00000    0.00000
  -0.00000   -0.00000    0.00000   -0.00000    0.00000   -0.00000   -0.00000   -0.00000
   0.00000   -0.00000   -0.00000   -0.00000    0.00000   -0.00000   -0.00000   -0.00000
   0.00000    0.00000   -0.00000    0.00000   -0.00000   -0.00000    0.00000   -0.00000
  -0.00000   -0.00000   -0.00000    0.00000    0.00000    0.00000    0.00000    0.00000
  -0.00000   -0.00000    0.00000    0.00000   -0.00000    0.00000   -0.00000   -0.00000
   0.00000   -0.00000   -0.00000    0.00000    0.00000    0.00000    0.00000   -0.00000
   0.00000   -0.00000   -0.00000   -0.00000   -0.00000    0.00000    0.00000   -0.00000
  -0.00000    0.00000    0.00000   -0.00000   -0.00000    0.00000   -0.00000   -0.00000
   0.00000   -0.00000   -0.00000    0.00000   -0.00000   -0.00000    0.00000    0.00000
  -0.00000    0.00000   -0.00000   -0.00000   -0.00000    0.00000   -0.00000   -0.00000
   0.00000   -0.00000    0.00000    0.00000   -0.00000   -0.00000   -0.00000    0.00001
 kpt#  18, nband=200, wtk=  0.03125, kpt=  0.1875  0.3125  0.5000 (reduced coord)
  -0.00000   -0.00000    0.00000   -0.00000   -0.00000    0.00000    0.00000   -0.00000
   0.00000    0.00000    0.00000   -0.00000    0.00000    0.00000   -0.00000   -0.00000
  -0.00000   -0.00000    0.00000   -0.00000   -0.00000   -0.00000    0.00000    0.00000
  -0.00000    0.00000    0.00000   -0.00000   -0.00000    0.00000    0.00000   -0.00000
  -0.00000    0.00000    0.00000   -0.00000   -0.00000   -0.00000   -0.00000    0.00000
   0.00000   -0.00000    0.00000    0.00000    0.00000    0.00000   -0.00000    0.00000
  -0.00000   -0.00000   -0.00000   -0.00000   -0.00000   -0.00000    0.00000   -0.00000
  -0.00000    0.00000    0.00000    0.00000    0.00000    0.00000   -0.00000    0.00000
  -0.00000    0.00000    0.00000   -0.00000   -0.00000    0.00000    0.00000    0.00000
   0.00000   -0.00000   -0.00000   -0.00000   -0.00000    0.00000   -0.00000   -0.00000
   0.00000    0.00000   -0.00000   -0.00000    0.00000    0.00000    0.00000    0.00000
   0.00000    0.00000   -0.00000    0.00000    0.00000   -0.00000    0.00000   -0.00000
  -0.00000   -0.00000   -0.00000   -0.00000    0.00000    0.00000    0.00000   -0.00000
   0.00000    0.00000   -0.00000    0.00000    0.00000   -0.00000   -0.00000    0.00000
   0.00000    0.00000    0.00000    0.00000   -0.00000    0.00000    0.00000   -0.00000
  -0.00000    0.00000    0.00000   -0.00000   -0.00000   -0.00000   -0.00000   -0.00000
  -0.00000    0.00000    0.00000    0.00000    0.00000   -0.00000   -0.00000   -0.00000
  -0.00000    0.00000   -0.00000    0.00000    0.00000    0.00000   -0.00000   -0.00000
   0.00000   -0.00000    0.00000    0.00000   -0.00000   -0.00000   -0.00000    0.00000
   0.00000   -0.00000   -0.00000   -0.00000    0.00000   -0.00000   -0.00000    0.00000
   0.00000   -0.00000    0.00000   -0.00000   -0.00000   -0.00000   -0.00000   -0.00000
   0.00000   -0.00000   -0.00000    0.00000   -0.00000    0.00000   -0.00000   -0.00000
   0.00000    0.00000   -0.00000   -0.00000    0.00000    0.00000    0.00000   -0.00000
  -0.00000   -0.00000    0.00000   -0.00000   -0.00000   -0.00000   -0.00000    0.00000
   0.00000    0.00000   -0.00000    0.00000    0.00000    0.00000    0.00000   -0.00000
 kpt#  19, nband=200, wtk=  0.03125, kpt=  0.3125  0.3125  0.5000 (reduced coord)
   0.00000   -0.00000   -0.00000    0.00000   -0.00000    0.00000   -0.00000    0.00000
   0.00000   -0.00000   -0.00000    0.00000   -0.00000    0.00000   -0.00000    0.00000
  -0.00000    0.00000    0.00000   -0.00000   -0.00000   -0.00000    0.00000   -0.00000
   0.00000   -0.00000    0.00000   -0.00000   -0.00000   -0.00000   -0.00000    0.00000
   0.00000   -0.00000   -0.00000    0.00000   -0.00000   -0.00000    0.00000   -0.00000
  -0.00000   -0.00000   -0.00000   -0.00000   -0.00000   -0.00000    0.00000    0.00000
   0.00000   -0.00000    0.00000   -0.00000    0.00000    0.00000   -0.00000    0.00000
  -0.00000   -0.00000    0.00000   -0.00000   -0.00000   -0.00000    0.00000    0.00000
   0.00000    0.00000    0.00000   -0.00000    0.00000    0.00000   -0.00000   -0.00000
   0.00000    0.00000    0.00000    0.00000   -0.00000   -0.00000   -0.00000   -0.00000
   0.00000   -0.00000    0.00000   -0.00000   -0.00000    0.00000    0.00000   -0.00000
   0.00000    0.00000   -0.00000    0.00000   -0.00000    0.00000   -0.00000   -0.00000
  -0.00000   -0.00000   -0.00000   -0.00000   -0.00000   -0.00000   -0.00000   -0.00000
   0.00000   -0.00000   -0.00000   -0.00000    0.00000    0.00000   -0.00000   -0.00000
  -0.00000   -0.00000    0.00000    0.00000   -0.00000    0.00000    0.00000   -0.00000
   0.00000   -0.00000    0.00000   -0.00000    0.00000   -0.00000    0.00000    0.00000
   0.00000   -0.00000    0.00000    0.00000    0.00000    0.00000    0.00000    0.00000
  -0.00000   -0.00000    0.00000   -0.00000    0.00000   -0.00000    0.00000    0.00000
  -0.00000    0.00000   -0.00000    0.00000    0.00000    0.00000   -0.00000   -0.00000
  -0.00000    0.00000   -0.00000   -0.00000   -0.00000   -0.00000    0.00000    0.00000
   0.00000    0.00000    0.00000    0.00000   -0.00000    0.00000   -0.00000   -0.00000
   0.00000    0.00000   -0.00000   -0.00000   -0.00000    0.00000    0.00000   -0.00000
   0.00000   -0.00000   -0.00000    0.00000   -0.00000   -0.00000   -0.00000    0.00000
   0.00000    0.00000    0.00000    0.00000    0.00000   -0.00000   -0.00000    0.00000
   0.00000   -0.00000    0.00000   -0.00000   -0.00000   -0.00000    0.00000   -0.03029
 kpt#  20, nband=200, wtk=  0.03125, kpt=  0.4375  0.3125  0.5000 (reduced coord)
   0.00000   -0.00000   -0.00000   -0.00000   -0.00000   -0.00000    0.00000   -0.00000
  -0.00000   -0.00000   -0.00000   -0.00000   -0.00000   -0.00000    0.00000   -0.00000
   0.00000   -0.00000   -0.00000    0.00000   -0.00000   -0.00000   -0.00000    0.00000
   0.00000   -0.00000   -0.00000    0.00000   -0.00000    0.00000   -0.00000   -0.00000
   0.00000   -0.00000    0.00000    0.00000   -0.00000   -0.00000    0.00000    0.00000
   0.00000   -0.00000    0.00000    0.00000    0.00000    0.00000   -0.00000    0.00000
   0.00000    0.00000   -0.00000   -0.00000   -0.00000   -0.00000    0.00000    0.00000
   0.00000    0.00000   -0.00000   -0.00000   -0.00000   -0.00000   -0.00000    0.00000
  -0.00000    0.00000   -0.00000   -0.00000    0.00000   -0.00000   -0.00000    0.00000
  -0.00000    0.00000    0.00000    0.00000   -0.00000   -0.00000    0.00000    0.00000
  -0.00000    0.00000   -0.00000    0.00000    0.00000   -0.00000    0.00000   -0.00000
   0.00000    0.00000    0.00000   -0.00000    0.00000    0.00000    0.00000   -0.00000
   0.00000   -0.00000   -0.00000   -0.00000    0.00000   -0.00000   -0.00000    0.00000
   0.00000   -0.00000   -0.00000   -0.00000   -0.00000   -0.00000    0.00000   -0.00000
   0.00000    0.00000    0.00000   -0.00000    0.00000    0.00000    0.00000    0.00000
   0.00000    0.00000   -0.00000   -0.00000    0.00000    0.00000    0.00000   -0.00000
  -0.00000    0.00000    0.00000    0.00000    0.00000    0.00000   -0.00000    0.00000
  -0.00000   -0.00000    0.00000   -0.00000    0.00000    0.00000   -0.00000    0.00000
   0.00000   -0.00000   -0.00000    0.00000   -0.00000    0.00000    0.00000    0.00000
  -0.00000    0.00000   -0.00000   -0.00000   -0.00000    0.00000   -0.00000   -0.00000
  -0.00000   -0.00000   -0.00000    0.00000   -0.00000   -0.00000   -0.00000   -0.00000
   0.00000   -0.00000   -0.00000   -0.00000   -0.00000   -0.00000   -0.00000    0.00000
   0.00000    0.00000   -0.00000   -0.00000   -0.00000    0.00000    0.00000   -0.00000
   0.00000   -0.00000   -0.00000    0.00000    0.00000   -0.00000    0.00000    0.00000
   0.00000   -0.00000    0.00000    0.00000   -0.00000   -0.00000   -0.00000    0.00000
 kpt#  21, nband=200, wtk=  0.03125, kpt= -0.4375  0.3125  0.5000 (reduced coord)
  -0.00000    0.00000    0.00000    0.00000    0.00000    0.00000   -0.00000    0.00000
   0.00000   -0.00000    0.00000    0.00000    0.00000    0.00000   -0.00000    0.00000
  -0.00000    0.00000    0.00000   -0.00000   -0.00000    0.00000    0.00000   -0.00000
  -0.00000    0.00000    0.00000   -0.00000    0.00000   -0.00000    0.00000    0.00000
  -0.00000    0.00000   -0.00000   -0.00000    0.00000    0.00000   -0.00000   -0.00000
  -0.00000    0.00000   -0.00000   -0.00000   -0.00000   -0.00000    0.00000   -0.00000
  -0.00000   -0.00000    0.00000    0.00000   -0.00000    0.00000   -0.00000   -0.00000
  -0.00000   -0.00000    0.00000    0.00000    0.00000    0.00000    0.00000   -0.00000
   0.00000   -0.00000    0.00000    0.00000   -0.00000    0.00000    0.00000   -0.00000
   0.00000   -0.00000   -0.00000   -0.00000    0.00000    0.00000   -0.00000   -0.00000
   0.00000   -0.00000    0.00000   -0.00000   -0.00000    0.00000   -0.00000    0.00000
  -0.00000   -0.00000   -0.00000    0.00000   -0.00000   -0.00000   -0.00000    0.00000
  -0.00000    0.00000    0.00000    0.00000   -0.00000    0.00000    0.00000   -0.00000
  -0.00000    0.00000    0.00000    0.00000    0.00000    0.00000   -0.00000    0.00000
  -0.00000   -0.00000   -0.00000    0.00000   -0.00000   -0.00000   -0.00000   -0.00000
  -0.00000   -0.00000    0.00000    0.00000   -0.00000   -0.00000   -0.00000    0.00000
   0.00000   -0.00000   -0.00000   -0.00000    0.00000   -0.00000    0.00000   -0.00000
   0.00000   -0.00000   -0.00000    0.00000   -0.00000   -0.00000    0.00000   -0.00000
  -0.00000    0.00000    0.00000   -0.00000    0.00000   -0.00000   -0.00000   -0.00000
   0.00000   -0.00000    0.00000    0.00000    0.00000   -0.00000    0.00000    0.00000
  -0.00000    0.00000    0.00000   -0.00000    0.00000    0.00000    0.00000    0.00000
  -0.00000    0.00000    0.00000    0.00000    0.00000    0.00000    0.00000   -0.00000
  -0.00000   -0.00000    0.00000    0.00000    0.00000   -0.00000   -0.00000    0.00000
  -0.00000    0.00000    0.00000   -0.00000   -0.00000   -0.00000   -0.00000   -0.00000
  -0.00000    0.00000   -0.00000   -0.00000    0.00000    0.00000   -0.00000   -0.00000
 kpt#  22, nband=200, wtk=  0.03125, kpt= -0.3125  0.3125  0.5000 (reduced coord)
  -0.00000    0.00000    0.00000   -0.00000    0.00000   -0.00000    0.00000   -0.00000
  -0.00000    0.00000    0.00000    0.00000    0.00000   -0.00000    0.00000   -0.00000
   0.00000   -0.00000   -0.00000    0.00000    0.00000    0.00000    0.00000   -0.00000
  -0.00000    0.00000   -0.00000    0.00000    0.00000    0.00000    0.00000   -0.00000
  -0.00000    0.00000    0.00000   -0.00000    0.00000    0.00000   -0.00000    0.00000
   0.00000   -0.00000    0.00000    0.00000    0.00000    0.00000   -0.00000   -0.00000
  -0.00000    0.00000   -0.00000    0.00000   -0.00000   -0.00000    0.00000   -0.00000
   0.00000    0.00000   -0.00000    0.00000    0.00000    0.00000   -0.00000   -0.00000
  -0.00000   -0.00000   -0.00000    0.00000   -0.00000   -0.00000   -0.00000    0.00000
  -0.00000   -0.00000   -0.00000   -0.00000    0.00000    0.00000    0.00000    0.00000
  -0.00000    0.00000   -0.00000    0.00000    0.00000   -0.00000   -0.00000    0.00000
  -0.00000   -0.00000    0.00000   -0.00000    0.00000   -0.00000    0.00000    0.00000
   0.00000    0.00000    0.00000    0.00000    0.00000    0.00000    0.00000    0.00000
  -0.00000    0.00000    0.00000    0.00000   -0.00000   -0.00000    0.00000    0.00000
   0.00000    0.00000   -0.00000   -0.00000    0.00000   -0.00000   -0.00000    0.00000
  -0.00000    0.00000    0.00000   -0.00000   -0.00000   -0.00000   -0.00000   -0.00000
   0.00000    0.00000   -0.00000   -0.00000   -0.00000   -0.00000   -0.00000   -0.00000
   0.00000    0.00000   -0.00000    0.00000   -0.00000    0.00000   -0.00000   -0.00000
   0.00000   -0.00000    0.00000   -0.00000   -0.00000   -0.00000   -0.00000    0.00000
   0.00000   -0.00000    0.00000    0.00000    0.00000    0.00000   -0.00000   -0.00000
  -0.00000   -0.00000   -0.00000   -0.00000    0.00000   -0.00000    0.00000    0.00000
  -0.00000   -0.00000    0.00000    0.00000    0.00000   -0.00000   -0.00000    0.00000
  -0.00000    0.00000    0.00000   -0.00000    0.00000    0.00000    0.00000   -0.00000
  -0.00000   -0.00000   -0.00000   -0.00000   -0.00000    0.00000    0.00000   -0.00000
  -0.00000    0.00000   -0.00000    0.00000    0.00000    0.00000   -0.00000    0.03029
 kpt#  23, nband=200, wtk=  0.03125, kpt= -0.1875  0.3125  0.5000 (reduced coord)
   0.00000    0.00000   -0.00000    0.00000    0.00000   -0.00000   -0.00000    0.00000
  -0.00000   -0.00000   -0.00000    0.00000   -0.00000   -0.00000   -0.00000    0.00000
   0.00000    0.00000   -0.00000    0.00000   -0.00000    0.00000   -0.00000   -0.00000
   0.00000   -0.00000    0.00000   -0.00000   -0.00000   -0.00000   -0.00000    0.00000
   0.00000   -0.00000   -0.00000    0.00000    0.00000    0.00000    0.00000   -0.00000
  -0.00000    0.00000   -0.00000   -0.00000   -0.00000   -0.00000    0.00000   -0.00000
   0.00000    0.00000    0.00000    0.00000    0.00000    0.00000   -0.00000    0.00000
   0.00000   -0.00000   -0.00000   -0.00000   -0.00000   -0.00000    0.00000   -0.00000
   0.00000   -0.00000   -0.00000    0.00000    0.00000   -0.00000   -0.00000   -0.00000
  -0.00000    0.00000    0.00000    0.00000    0.00000   -0.00000    0.00000    0.00000
  -0.00000   -0.00000    0.00000    0.00000   -0.00000   -0.00000   -0.00000   -0.00000
  -0.00000   -0.00000    0.00000   -0.00000   -0.00000    0.00000   -0.00000    0.00000
   0.00000    0.00000    0.00000    0.00000   -0.00000   -0.00000   -0.00000    0.00000
  -0.00000   -0.00000    0.00000   -0.00000   -0.00000    0.00000    0.00000   -0.00000
  -0.00000   -0.00000   -0.00000   -0.00000    0.00000   -0.00000   -0.00000    0.00000
   0.00000   -0.00000   -0.00000    0.00000    0.00000    0.00000    0.00000    0.00000
   0.00000   -0.00000   -0.00000   -0.00000   -0.00000    0.00000   -0.00000    0.00000
   0.00000   -0.00000    0.00000   -0.00000   -0.00000   -0.00000    0.00000    0.00000
  -0.00000    0.00000   -0.00000    0.00000    0.00000    0.00000    0.00000   -0.00000
  -0.00000    0.00000    0.00000    0.00000   -0.00000    0.00000    0.00000   -0.00000
   0.00000    0.00000   -0.00000    0.00000    0.00000    0.00000    0.00000    0.00000
  -0.00000    0.00000   -0.00000   -0.00000    0.00000   -0.00000    0.00000    0.00000
  -0.00000   -0.00000    0.00000    0.00000   -0.00000   -0.00000   -0.00000   -0.00000
   0.00000    0.00000   -0.00000    0.00000    0.00000    0.00000    0.00000   -0.00000
  -0.00000   -0.00000    0.00000   -0.00000    0.00000   -0.00000   -0.00000    0.00000
 kpt#  24, nband=200, wtk=  0.03125, kpt= -0.0625  0.3125  0.5000 (reduced coord)
   0.00000   -0.00000   -0.00000    0.00000   -0.00000    0.00000    0.00000    0.00000
  -0.00000    0.00000   -0.00000   -0.00000   -0.00000   -0.00000    0.00000   -0.00000
   0.00000    0.00000    0.00000   -0.00000   -0.00000    0.00000   -0.00000   -0.00000
  -0.00000    0.00000   -0.00000    0.00000   -0.00000    0.00000    0.00000   -0.00000
   0.00000   -0.00000   -0.00000    0.00000   -0.00000   -0.00000    0.00000    0.00000
  -0.00000   -0.00000    0.00000   -0.00000   -0.00000   -0.00000   -0.00000    0.00000
   0.00000    0.00000   -0.00000   -0.00000   -0.00000   -0.00000    0.00000   -0.00000
   0.00000    0.00000    0.00000   -0.00000    0.00000    0.00000    0.00000   -0.00000
   0.00000   -0.00000    0.00000   -0.00000   -0.00000   -0.00000   -0.00000    0.00000
  -0.00000   -0.00000    0.00000    0.00000    0.00000    0.00000   -0.00000   -0.00000
  -0.00000    0.00000    0.00000    0.00000   -0.00000   -0.00000   -0.00000    0.00000
   0.00000    0.00000   -0.00000    0.00000    0.00000    0.00000    0.00000    0.00000
   0.00000    0.00000    0.00000   -0.00000   -0.00000   -0.00000   -0.00000   -0.00000
   0.00000   -0.00000    0.00000   -0.00000   -0.00000   -0.00000   -0.00000   -0.00000
   0.00000    0.00000   -0.00000    0.00000   -0.00000    0.00000   -0.00000    0.00000
  -0.00000    0.00000    0.00000    0.00000    0.00000   -0.00000    0.00000    0.00000
  -0.00000   -0.00000    0.00000   -0.00000    0.00000    0.00000   -0.00000    0.00000
   0.00000    0.00000    0.00000   -0.00000   -0.00000   -0.00000   -0.00000   -0.00000
   0.00000    0.00000   -0.00000   -0.00000    0.00000   -0.00000   -0.00000    0.00000
  -0.00000    0.00000    0.00000   -0.00000   -0.00000   -0.00000   -0.00000    0.00000
  -0.00000    0.00000    0.00000    0.00000    0.00000   -0.00000   -0.00000    0.00000
   0.00000   -0.00000   -0.00000    0.00000    0.00000   -0.00000    0.00000    0.00000
  -0.00000    0.00000    0.00000   -0.00000    0.00000    0.00000   -0.00000   -0.00000
   0.00000   -0.00000    0.00000    0.00000    0.00000   -0.00000    0.00000    0.00000
  -0.00000    0.00000   -0.00000   -0.00000    0.00000    0.00000    0.00000   -0.00001
 kpt#  25, nband=200, wtk=  0.03125, kpt=  0.0625  0.4375  0.5000 (reduced coord)
  -0.00000    0.00000    0.00000   -0.00000   -0.00000    0.00000   -0.00000    0.00000
  -0.00000    0.00000    0.00000    0.00000   -0.00000    0.00000    0.00000   -0.00000
  -0.00000    0.00000    0.00000    0.00000    0.00000    0.00000    0.00000    0.00000
  -0.00000    0.00000    0.00000    0.00000   -0.00000    0.00000    0.00000    0.00000
   0.00000   -0.00000   -0.00000    0.00000    0.00000   -0.00000    0.00000    0.00000
   0.00000    0.00000   -0.00000    0.00000   -0.00000   -0.00000    0.00000   -0.00000
   0.00000    0.00000    0.00000   -0.00000    0.00000    0.00000   -0.00000    0.00000
  -0.00000   -0.00000   -0.00000   -0.00000   -0.00000   -0.00000   -0.00000    0.00000
   0.00000    0.00000    0.00000    0.00000   -0.00000   -0.00000    0.00000    0.00000
  -0.00000    0.00000    0.00000    0.00000   -0.00000   -0.00000   -0.00000    0.00000
   0.00000   -0.00000    0.00000    0.00000    0.00000    0.00000    0.00000    0.00000
  -0.00000   -0.00000    0.00000   -0.00000   -0.00000   -0.00000    0.00000   -0.00000
  -0.00000    0.00000    0.00000    0.00000    0.00000    0.00000    0.00000    0.00000
  -0.00000    0.00000    0.00000    0.00000    0.00000    0.00000   -0.00000   -0.00000
   0.00000   -0.00000   -0.00000    0.00000   -0.00000   -0.00000   -0.00000   -0.00000
  -0.00000    0.00000   -0.00000   -0.00000    0.00000   -0.00000   -0.00000    0.00000
  -0.00000   -0.00000    0.00000   -0.00000   -0.00000    0.00000    0.00000   -0.00000
   0.00000   -0.00000   -0.00000    0.00000   -0.00000   -0.00000    0.00000   -0.00000
   0.00000   -0.00000    0.00000   -0.00000    0.00000    0.00000   -0.00000    0.00000
   0.00000    0.00000    0.00000    0.00000    0.00000    0.00000    0.00000   -0.00000
  -0.00000    0.00000   -0.00000    0.00000   -0.00000    0.00000   -0.00000   -0.00000
   0.00000   -0.00000    0.00000    0.00000    0.00000   -0.00000    0.00000    0.00000
   0.00000   -0.00000    0.00000    0.00000   -0.00000    0.00000    0.00000    0.00000
  -0.00000    0.00000   -0.00000   -0.00000   -0.00000    0.00000    0.00000   -0.00000
  -0.00000   -0.00000    0.00000    0.00000    0.00000   -0.00000    0.00000   -0.00000
 kpt#  26, nband=200, wtk=  0.03125, kpt=  0.1875  0.4375  0.5000 (reduced coord)
   0.00000    0.00000   -0.00000   -0.00000    0.00000    0.00000    0.00000    0.00000
   0.00000    0.00000    0.00000   -0.00000    0.00000    0.00000    0.00000   -0.00000
  -0.00000    0.00000   -0.00000    0.00000   -0.00000    0.00000   -0.00000   -0.00000
  -0.00000   -0.00000    0.00000    0.00000    0.00000    0.00000   -0.00000   -0.00000
   0.00000   -0.00000   -0.00000   -0.00000   -0.00000   -0.00000    0.00000    0.00000
   0.00000    0.00000   -0.00000   -0.00000    0.00000    0.00000   -0.00000   -0.00000
  -0.00000    0.00000   -0.00000   -0.00000    0.00000   -0.00000    0.00000   -0.00000
  -0.00000    0.00000    0.00000   -0.00000    0.00000    0.00000    0.00000   -0.00000
   0.00000    0.00000    0.00000    0.00000    0.00000   -0.00000    0.00000    0.00000
  -0.00000    0.00000   -0.00000    0.00000   -0.00000   -0.00000   -0.00000   -0.00000
   0.00000    0.00000   -0.00000    0.00000   -0.00000   -0.00000    0.00000    0.00000
   0.00000   -0.00000   -0.00000    0.00000   -0.00000   -0.00000   -0.00000   -0.00000
  -0.00000    0.00000    0.00000   -0.00000   -0.00000    0.00000    0.00000    0.00000
   0.00000    0.00000    0.00000    0.00000    0.00000    0.00000    0.00000    0.00000
   0.00000    0.00000    0.00000   -0.00000   -0.00000   -0.00000   -0.00000   -0.00000
  -0.00000   -0.00000    0.00000    0.00000   -0.00000   -0.00000   -0.00000    0.00000
   0.00000    0.00000   -0.00000    0.00000    0.00000   -0.00000    0.00000   -0.00000
  -0.00000   -0.00000   -0.00000   -0.00000   -0.00000   -0.00000    0.00000   -0.00000
   0.00000    0.00000   -0.00000   -0.00000    0.00000   -0.00000    0.00000    0.00000
   0.00000    0.00000    0.00000   -0.00000   -0.00000    0.00000    0.00000    0.00000
   0.00000    0.00000    0.00000    0.00000    0.00000    0.00000    0.00000   -0.00000
  -0.00000    0.00000    0.00000   -0.00000    0.00000   -0.00000    0.00000    0.00000
  -0.00000    0.00000   -0.00000    0.00000   -0.00000   -0.00000   -0.00000   -0.00000
   0.00000    0.00000   -0.00000    0.00000   -0.00000   -0.00000   -0.00000    0.00000
   0.00000   -0.00000   -0.00000    0.00000   -0.00000    0.00000   -0.00000    0.00021
 kpt#  27, nband=200, wtk=  0.03125, kpt=  0.3125  0.4375  0.5000 (reduced coord)
   0.00000   -0.00000   -0.00000   -0.00000   -0.00000    0.00000   -0.00000   -0.00000
  -0.00000    0.00000   -0.00000   -0.00000   -0.00000   -0.00000    0.00000   -0.00000
   0.00000   -0.00000   -0.00000    0.00000   -0.00000   -0.00000   -0.00000    0.00000
   0.00000   -0.00000   -0.00000    0.00000   -0.00000    0.00000   -0.00000   -0.00000
   0.00000   -0.00000    0.00000    0.00000   -0.00000   -0.00000    0.00000    0.00000
   0.00000   -0.00000    0.00000    0.00000    0.00000    0.00000   -0.00000    0.00000
   0.00000    0.00000   -0.00000   -0.00000   -0.00000   -0.00000    0.00000    0.00000
   0.00000    0.00000   -0.00000   -0.00000   -0.00000   -0.00000   -0.00000    0.00000
  -0.00000    0.00000   -0.00000   -0.00000    0.00000   -0.00000   -0.00000    0.00000
  -0.00000    0.00000    0.00000    0.00000   -0.00000   -0.00000    0.00000    0.00000
  -0.00000    0.00000   -0.00000    0.00000    0.00000   -0.00000    0.00000   -0.00000
   0.00000    0.00000    0.00000   -0.00000    0.00000    0.00000    0.00000   -0.00000
   0.00000   -0.00000   -0.00000   -0.00000    0.00000   -0.00000   -0.00000    0.00000
   0.00000   -0.00000   -0.00000   -0.00000   -0.00000   -0.00000    0.00000   -0.00000
   0.00000    0.00000    0.00000   -0.00000    0.00000    0.00000    0.00000    0.00000
   0.00000   -0.00000   -0.00000   -0.00000    0.00000    0.00000    0.00000   -0.00000
  -0.00000    0.00000    0.00000    0.00000   -0.00000    0.00000   -0.00000    0.00000
  -0.00000   -0.00000    0.00000   -0.00000    0.00000    0.00000   -0.00000    0.00000
   0.00000   -0.00000   -0.00000    0.00000   -0.00000   -0.00000    0.00000    0.00000
  -0.00000    0.00000   -0.00000   -0.00000   -0.00000    0.00000   -0.00000   -0.00000
   0.00000   -0.00000   -0.00000    0.00000   -0.00000   -0.00000   -0.00000    0.00000
   0.00000   -0.00000   -0.00000   -0.00000   -0.00000   -0.00000   -0.00000    0.00000
   0.00000    0.00000   -0.00000   -0.00000   -0.00000    0.00000    0.00000   -0.00000
   0.00000   -0.00000   -0.00000    0.00000    0.00000    0.00000    0.00000    0.00000
   0.00000   -0.00000    0.00000    0.00000   -0.00000   -0.00000   -0.00000    0.00000
 kpt#  28, nband=200, wtk=  0.03125, kpt=  0.4375  0.4375  0.5000 (reduced coord)
   0.00000    0.00000   -0.00000   -0.00000    0.00000   -0.00000    0.00000    0.00000
  -0.00000    0.00000    0.00000    0.00000   -0.00000    0.00000    0.00000   -0.00000
  -0.00000    0.00000   -0.00000   -0.00000    0.00000   -0.00000    0.00000    0.00000
   0.00000    0.00000   -0.00000    0.00000    0.00000    0.00000    0.00000    0.00000
   0.00000    0.00000   -0.00000    0.00000   -0.00000   -0.00000    0.00000   -0.00000
  -0.00000   -0.00000    0.00000   -0.00000   -0.00000    0.00000   -0.00000    0.00000
   0.00000   -0.00000    0.00000    0.00000   -0.00000    0.00000   -0.00000    0.00000
  -0.00000   -0.00000   -0.00000    0.00000    0.00000    0.00000    0.00000    0.00000
  -0.00000    0.00000   -0.00000    0.00000    0.00000    0.00000    0.00000    0.00000
   0.00000    0.00000    0.00000    0.00000    0.00000    0.00000    0.00000   -0.00000
  -0.00000    0.00000    0.00000   -0.00000   -0.00000   -0.00000    0.00000    0.00000
   0.00000   -0.00000    0.00000   -0.00000   -0.00000   -0.00000    0.00000    0.00000
  -0.00000    0.00000   -0.00000   -0.00000    0.00000   -0.00000   -0.00000   -0.00000
  -0.00000    0.00000   -0.00000   -0.00000   -0.00000    0.00000    0.00000   -0.00000
  -0.00000    0.00000   -0.00000    0.00000    0.00000    0.00000    0.00000   -0.00000
  -0.00000    0.00000   -0.00000    0.00000   -0.00000   -0.00000   -0.00000   -0.00000
   0.00000   -0.00000   -0.00000   -0.00000   -0.00000   -0.00000    0.00000    0.00000
  -0.00000    0.00000   -0.00000    0.00000    0.00000    0.00000   -0.00000    0.00000
  -0.00000    0.00000   -0.00000   -0.00000    0.00000    0.00000   -0.00000    0.00000
   0.00000   -0.00000   -0.00000    0.00000    0.00000    0.00000    0.00000    0.00000
   0.00000   -0.00000   -0.00000    0.00000   -0.00000    0.00000   -0.00000   -0.00000
  -0.00000   -0.00000    0.00000   -0.00000    0.00000   -0.00000   -0.00000    0.00000
   0.00000    0.00000   -0.00000    0.00000    0.00000   -0.00000    0.00000    0.00000
  -0.00000    0.00000   -0.00000   -0.00000    0.00000   -0.00000   -0.00000    0.00000
  -0.00000    0.00000   -0.00000   -0.00000    0.00000    0.00000   -0.00000    0.00000
 kpt#  29, nband=200, wtk=  0.03125, kpt= -0.4375  0.4375  0.5000 (reduced coord)
  -0.00000   -0.00000    0.00000    0.00000   -0.00000    0.00000   -0.00000   -0.00000
   0.00000   -0.00000   -0.00000   -0.00000    0.00000   -0.00000   -0.00000    0.00000
   0.00000   -0.00000    0.00000    0.00000   -0.00000    0.00000   -0.00000   -0.00000
  -0.00000   -0.00000    0.00000   -0.00000   -0.00000   -0.00000   -0.00000   -0.00000
  -0.00000   -0.00000    0.00000   -0.00000    0.00000    0.00000   -0.00000    0.00000
   0.00000    0.00000   -0.00000    0.00000   -0.00000    0.00000    0.00000   -0.00000
  -0.00000   -0.00000   -0.00000   -0.00000    0.00000   -0.00000    0.00000   -0.00000
   0.00000    0.00000    0.00000   -0.00000   -0.00000   -0.00000   -0.00000   -0.00000
   0.00000   -0.00000    0.00000   -0.00000   -0.00000   -0.00000   -0.00000   -0.00000
  -0.00000   -0.00000   -0.00000   -0.00000   -0.00000   -0.00000   -0.00000    0.00000
   0.00000   -0.00000   -0.00000    0.00000    0.00000    0.00000   -0.00000   -0.00000
  -0.00000    0.00000   -0.00000    0.00000    0.00000    0.00000   -0.00000   -0.00000
   0.00000   -0.00000    0.00000    0.00000   -0.00000    0.00000    0.00000   -0.00000
   0.00000   -0.00000    0.00000    0.00000    0.00000   -0.00000   -0.00000    0.00000
   0.00000   -0.00000    0.00000   -0.00000   -0.00000   -0.00000   -0.00000    0.00000
   0.00000   -0.00000   -0.00000    0.00000    0.00000    0.00000    0.00000    0.00000
   0.00000   -0.00000    0.00000    0.00000    0.00000    0.00000   -0.00000   -0.00000
   0.00000   -0.00000    0.00000   -0.00000   -0.00000   -0.00000    0.00000   -0.00000
   0.00000   -0.00000    0.00000    0.00000   -0.00000   -0.00000    0.00000   -0.00000
  -0.00000   -0.00000    0.00000   -0.00000   -0.00000   -0.00000   -0.00000   -0.00000
  -0.00000    0.00000    0.00000   -0.00000    0.00000   -0.00000    0.00000    0.00000
   0.00000    0.00000   -0.00000    0.00000   -0.00000    0.00000    0.00000   -0.00000
  -0.00000   -0.00000    0.00000   -0.00000   -0.00000    0.00000   -0.00000   -0.00000
   0.00000   -0.00000    0.00000    0.00000   -0.00000    0.00000    0.00000   -0.00000
   0.00000   -0.00000    0.00000    0.00000   -0.00000   -0.00000    0.00000   -0.00000
 kpt#  30, nband=200, wtk=  0.03125, kpt= -0.3125  0.4375  0.5000 (reduced coord)
  -0.00000    0.00000    0.00000    0.00000    0.00000    0.00000   -0.00000    0.00000
   0.00000   -0.00000    0.00000    0.00000    0.00000    0.00000   -0.00000    0.00000
   0.00000    0.00000    0.00000   -0.00000    0.00000    0.00000    0.00000   -0.00000
   0.00000    0.00000    0.00000    0.00000   -0.00000   -0.00000    0.00000    0.00000
  -0.00000    0.00000   -0.00000   -0.00000    0.00000    0.00000   -0.00000   -0.00000
  -0.00000    0.00000   -0.00000   -0.00000   -0.00000   -0.00000    0.00000   -0.00000
  -0.00000   -0.00000    0.00000    0.00000    0.00000    0.00000   -0.00000   -0.00000
  -0.00000   -0.00000    0.00000    0.00000    0.00000    0.00000    0.00000   -0.00000
   0.00000   -0.00000    0.00000    0.00000   -0.00000    0.00000    0.00000   -0.00000
   0.00000   -0.00000   -0.00000   -0.00000    0.00000    0.00000   -0.00000   -0.00000
   0.00000   -0.00000    0.00000   -0.00000   -0.00000    0.00000   -0.00000    0.00000
  -0.00000   -0.00000   -0.00000    0.00000   -0.00000   -0.00000   -0.00000    0.00000
  -0.00000    0.00000    0.00000    0.00000   -0.00000    0.00000    0.00000   -0.00000
  -0.00000    0.00000    0.00000    0.00000    0.00000    0.00000   -0.00000    0.00000
  -0.00000   -0.00000   -0.00000    0.00000   -0.00000   -0.00000   -0.00000   -0.00000
   0.00000   -0.00000    0.00000    0.00000   -0.00000   -0.00000   -0.00000    0.00000
   0.00000   -0.00000   -0.00000   -0.00000   -0.00000   -0.00000    0.00000   -0.00000
   0.00000   -0.00000   -0.00000    0.00000   -0.00000   -0.00000    0.00000   -0.00000
  -0.00000    0.00000    0.00000   -0.00000    0.00000    0.00000   -0.00000   -0.00000
   0.00000   -0.00000    0.00000    0.00000    0.00000   -0.00000    0.00000    0.00000
  -0.00000    0.00000    0.00000   -0.00000    0.00000    0.00000    0.00000    0.00000
  -0.00000    0.00000    0.00000    0.00000    0.00000    0.00000    0.00000    0.00000
  -0.00000   -0.00000    0.00000    0.00000    0.00000   -0.00000   -0.00000    0.00000
  -0.00000    0.00000    0.00000   -0.00000   -0.00000   -0.00000   -0.00000   -0.00000
  -0.00000    0.00000   -0.00000   -0.00000    0.00000    0.00000    0.00000   -0.00000
 kpt#  31, nband=200, wtk=  0.03125, kpt= -0.1875  0.4375  0.5000 (reduced coord)
  -0.00000   -0.00000    0.00000    0.00000   -0.00000   -0.00000   -0.00000   -0.00000
  -0.00000   -0.00000   -0.00000    0.00000    0.00000   -0.00000   -0.00000    0.00000
   0.00000   -0.00000    0.00000   -0.00000    0.00000   -0.00000    0.00000   -0.00000
   0.00000    0.00000   -0.00000   -0.00000   -0.00000   -0.00000    0.00000    0.00000
  -0.00000    0.00000    0.00000    0.00000    0.00000    0.00000   -0.00000   -0.00000
  -0.00000   -0.00000    0.00000    0.00000   -0.00000   -0.00000    0.00000    0.00000
   0.00000   -0.00000    0.00000    0.00000   -0.00000    0.00000   -0.00000    0.00000
   0.00000   -0.00000   -0.00000    0.00000   -0.00000   -0.00000   -0.00000    0.00000
  -0.00000    0.00000   -0.00000   -0.00000   -0.00000    0.00000   -0.00000   -0.00000
   0.00000   -0.00000    0.00000   -0.00000    0.00000    0.00000    0.00000    0.00000
  -0.00000   -0.00000    0.00000   -0.00000    0.00000    0.00000   -0.00000   -0.00000
  -0.00000    0.00000    0.00000   -0.00000    0.00000    0.00000    0.00000    0.00000
   0.00000   -0.00000   -0.00000    0.00000    0.00000   -0.00000   -0.00000   -0.00000
  -0.00000   -0.00000   -0.00000   -0.00000   -0.00000   -0.00000   -0.00000   -0.00000
  -0.00000   -0.00000   -0.00000    0.00000    0.00000    0.00000    0.00000    0.00000
   0.00000    0.00000   -0.00000   -0.00000    0.00000    0.00000    0.00000   -0.00000
  -0.00000   -0.00000    0.00000   -0.00000   -0.00000    0.00000   -0.00000    0.00000
   0.00000    0.00000    0.00000    0.00000    0.00000    0.00000   -0.00000    0.00000
  -0.00000   -0.00000    0.00000    0.00000   -0.00000    0.00000   -0.00000   -0.00000
  -0.00000   -0.00000   -0.00000    0.00000    0.00000   -0.00000   -0.00000   -0.00000
  -0.00000   -0.00000   -0.00000   -0.00000   -0.00000   -0.00000   -0.00000    0.00000
   0.00000   -0.00000   -0.00000    0.00000   -0.00000    0.00000   -0.00000   -0.00000
   0.00000   -0.00000    0.00000   -0.00000    0.00000    0.00000    0.00000    0.00000
  -0.00000   -0.00000    0.00000   -0.00000    0.00000    0.00000    0.00000   -0.00000
  -0.00000    0.00000    0.00000   -0.00000    0.00000   -0.00000    0.00000   -0.00021
 kpt#  32, nband=200, wtk=  0.03125, kpt= -0.0625  0.4375  0.5000 (reduced coord)
   0.00000   -0.00000   -0.00000    0.00000    0.00000   -0.00000   -0.00000    0.00000
   0.00000   -0.00000   -0.00000   -0.00000    0.00000    0.00000   -0.00000    0.00000
   0.00000   -0.00000   -0.00000   -0.00000   -0.00000   -0.00000   -0.00000   -0.00000
   0.00000   -0.00000   -0.00000   -0.00000    0.00000   -0.00000   -0.00000   -0.00000
  -0.00000    0.00000    0.00000   -0.00000   -0.00000    0.00000   -0.00000   -0.00000
  -0.00000   -0.00000    0.00000   -0.00000    0.00000    0.00000   -0.00000    0.00000
  -0.00000   -0.00000   -0.00000    0.00000   -0.00000   -0.00000    0.00000   -0.00000
   0.00000    0.00000    0.00000    0.00000    0.00000    0.00000    0.00000   -0.00000
  -0.00000   -0.00000   -0.00000   -0.00000    0.00000    0.00000   -0.00000   -0.00000
   0.00000   -0.00000   -0.00000   -0.00000    0.00000    0.00000    0.00000   -0.00000
  -0.00000    0.00000   -0.00000   -0.00000   -0.00000   -0.00000   -0.00000   -0.00000
   0.00000   -0.00000   -0.00000    0.00000    0.00000    0.00000   -0.00000    0.00000
   0.00000   -0.00000   -0.00000   -0.00000   -0.00000   -0.00000   -0.00000   -0.00000
   0.00000   -0.00000   -0.00000   -0.00000   -0.00000   -0.00000   -0.00000    0.00000
  -0.00000    0.00000    0.00000   -0.00000    0.00000    0.00000    0.00000    0.00000
   0.00000   -0.00000    0.00000    0.00000   -0.00000    0.00000    0.00000   -0.00000
   0.00000    0.00000   -0.00000    0.00000    0.00000   -0.00000   -0.00000    0.00000
  -0.00000    0.00000    0.00000   -0.00000    0.00000    0.00000   -0.00000    0.00000
  -0.00000    0.00000   -0.00000    0.00000   -0.00000   -0.00000    0.00000   -0.00000
  -0.00000   -0.00000   -0.00000   -0.00000   -0.00000   -0.00000   -0.00000    0.00000
   0.00000   -0.00000    0.00000   -0.00000    0.00000   -0.00000    0.00000    0.00000
  -0.00000    0.00000   -0.00000   -0.00000   -0.00000    0.00000   -0.00000   -0.00000
  -0.00000    0.00000   -0.00000   -0.00000    0.00000   -0.00000   -0.00000   -0.00000
   0.00000   -0.00000    0.00000    0.00000    0.00000   -0.00000   -0.00000    0.00000
   0.00000    0.00000   -0.00000   -0.00000   -0.00000    0.00000   -0.00000    0.00000
