 Fermi (or HOMO) energy (hartree) =   0.13490   Average Vxc (hartree)=  -0.31635
 Eigenvalues (hartree) for nkpt=   6  k points:
 kpt#   1, nband=128, wtk=  0.11111, kpt=  0.0833  0.0833  0.5000 (reduced coord)
  -4.73213   -4.73212   -2.96942   -2.96904   -2.96734   -2.96679   -2.96673   -2.96662
  -1.68139   -1.68115   -1.68058   -1.68000   -1.67923   -1.67913   -1.67900   -1.67856
  -1.67785   -1.67717   -1.67679   -1.67607   -1.67587   -1.67511   -1.67464   -1.67459
  -1.67430   -1.67395   -1.67380   -1.67325   -1.67262   -1.67201   -1.67198   -1.67155
  -1.67089   -1.67080   -1.67031   -1.66924   -1.66600   -1.66589   -1.65249   -1.65239
  -1.65066   -1.64890   -1.64859   -1.64859   -1.64810   -1.64609   -1.64452   -1.64407
  -0.67469   -0.67298   -0.67295   -0.67280   -0.67213   -0.67200   -0.67180   -0.67172
  -0.67080   -0.67077   -0.66668   -0.66547   -0.66545   -0.66501   -0.66451   -0.66432
  -0.66416   -0.66409   -0.66403   -0.66363   -0.66362   -0.66351   -0.66342   -0.66210
  -0.66210   -0.66200   -0.66057   -0.66047   -0.66024   -0.66021   -0.42581   -0.41325
  -0.40220   -0.39725   -0.37777   -0.37678   -0.35846   -0.35372   -0.19483   -0.19220
  -0.19194   -0.19121   -0.19109   -0.17966   -0.17960   -0.17762   -0.17393   -0.17234
  -0.14716   -0.14432   -0.12092   -0.11838   -0.08677   -0.07974   -0.07588   -0.05955
  -0.04282   -0.03146   -0.02789   -0.01333   -0.00980   -0.00836   -0.00236   -0.00093
   0.01085    0.01662    0.02994    0.03022    0.03235    0.03649    0.04658    0.05318
   0.05979    0.06096    0.06506    0.06900    0.09810    0.11134    0.15700    0.17210
 kpt#   2, nband=128, wtk=  0.22222, kpt=  0.2500  0.0833  0.5000 (reduced coord)
  -4.73212   -4.73211   -2.96843   -2.96734   -2.96710   -2.96687   -2.96672   -2.96642
  -1.68016   -1.67934   -1.67886   -1.67834   -1.67786   -1.67722   -1.67683   -1.67653
  -1.67619   -1.67546   -1.67525   -1.67473   -1.67468   -1.67448   -1.67379   -1.67348
  -1.67259   -1.67219   -1.67189   -1.67167   -1.67124   -1.67073   -1.67016   -1.66992
  -1.66888   -1.66828   -1.66774   -1.66708   -1.66552   -1.66497   -1.65149   -1.64932
  -1.64880   -1.64820   -1.64741   -1.64663   -1.64555   -1.64466   -1.64407   -1.64275
  -0.67401   -0.67274   -0.67267   -0.67220   -0.67186   -0.67174   -0.67157   -0.67127
  -0.67098   -0.67076   -0.66607   -0.66518   -0.66509   -0.66453   -0.66423   -0.66402
  -0.66391   -0.66380   -0.66371   -0.66354   -0.66347   -0.66326   -0.66285   -0.66216
  -0.66198   -0.66172   -0.66037   -0.66018   -0.66013   -0.65990   -0.41477   -0.40361
  -0.39541   -0.38990   -0.37624   -0.37453   -0.35668   -0.35276   -0.19416   -0.18955
  -0.18868   -0.18838   -0.18733   -0.18153   -0.17767   -0.17673   -0.17425   -0.17392
  -0.17086   -0.16655   -0.14671   -0.14609   -0.12014   -0.10217   -0.08146   -0.07433
  -0.06086   -0.04013   -0.02384   -0.02317   -0.00524    0.00388    0.00974    0.01215
   0.02189    0.03324    0.03438    0.03904    0.04293    0.04577    0.04767    0.05064
   0.05693    0.07791    0.10157    0.10750    0.10945    0.13152    0.17050    0.17711
 kpt#   3, nband=128, wtk=  0.22222, kpt=  0.4167  0.0833  0.5000 (reduced coord)
  -4.73212   -4.73212   -2.96837   -2.96775   -2.96763   -2.96718   -2.96693   -2.96682
  -1.68045   -1.67957   -1.67924   -1.67895   -1.67866   -1.67825   -1.67823   -1.67768
  -1.67690   -1.67633   -1.67617   -1.67597   -1.67518   -1.67464   -1.67455   -1.67411
  -1.67375   -1.67342   -1.67287   -1.67267   -1.67180   -1.67149   -1.67112   -1.67066
  -1.67047   -1.66955   -1.66932   -1.66888   -1.66635   -1.66543   -1.65223   -1.64990
  -1.64970   -1.64945   -1.64852   -1.64783   -1.64575   -1.64561   -1.64497   -1.64437
  -0.67363   -0.67298   -0.67274   -0.67227   -0.67218   -0.67200   -0.67167   -0.67143
  -0.67121   -0.67080   -0.66567   -0.66540   -0.66526   -0.66475   -0.66436   -0.66422
  -0.66410   -0.66389   -0.66375   -0.66367   -0.66357   -0.66351   -0.66296   -0.66240
  -0.66207   -0.66180   -0.66060   -0.66047   -0.66023   -0.65998   -0.39624   -0.38936
  -0.38562   -0.38287   -0.37879   -0.37840   -0.35639   -0.35217   -0.19137   -0.19065
  -0.18826   -0.18678   -0.18607   -0.18497   -0.18408   -0.18291   -0.18106   -0.18051
  -0.17922   -0.17529   -0.16926   -0.16498   -0.15069   -0.14018   -0.09315   -0.09301
  -0.05286   -0.02094   -0.01474    0.00193    0.00345    0.01804    0.01843    0.02542
   0.02619    0.02634    0.03619    0.03884    0.04010    0.04582    0.04620    0.05461
   0.09141    0.10827    0.11238    0.11629    0.12268    0.13490    0.15136    0.15234
 kpt#   4, nband=128, wtk=  0.11111, kpt=  0.2500  0.2500  0.5000 (reduced coord)
  -4.73213   -4.73211   -2.96831   -2.96782   -2.96767   -2.96730   -2.96651   -2.96650
  -1.68004   -1.67945   -1.67926   -1.67886   -1.67840   -1.67737   -1.67668   -1.67660
  -1.67634   -1.67603   -1.67563   -1.67539   -1.67495   -1.67447   -1.67405   -1.67374
  -1.67319   -1.67312   -1.67267   -1.67211   -1.67186   -1.67113   -1.67050   -1.67035
  -1.67013   -1.66962   -1.66863   -1.66791   -1.66778   -1.66679   -1.65239   -1.64958
  -1.64934   -1.64871   -1.64866   -1.64750   -1.64545   -1.64499   -1.64482   -1.64467
  -0.67387   -0.67327   -0.67259   -0.67227   -0.67205   -0.67192   -0.67181   -0.67114
  -0.67098   -0.67094   -0.66611   -0.66552   -0.66486   -0.66458   -0.66441   -0.66425
  -0.66412   -0.66402   -0.66380   -0.66372   -0.66350   -0.66331   -0.66269   -0.66219
  -0.66216   -0.66170   -0.66076   -0.66039   -0.66036   -0.65970   -0.40442   -0.39464
  -0.38938   -0.38317   -0.37498   -0.37162   -0.35340   -0.34938   -0.19693   -0.18746
  -0.18690   -0.18581   -0.18447   -0.18267   -0.17887   -0.17809   -0.17586   -0.17555
  -0.17148   -0.16651   -0.14867   -0.14300   -0.12488   -0.11043   -0.08281   -0.07956
  -0.06396   -0.06163   -0.05839   -0.04468   -0.03129   -0.02215   -0.01157   -0.00072
  -0.00068    0.00849    0.02472    0.02550    0.02884    0.03502    0.04254    0.04513
   0.07179    0.09003    0.09775    0.10219    0.11126    0.13332    0.17049    0.17886
 kpt#   5, nband=128, wtk=  0.22222, kpt=  0.4167  0.2500  0.5000 (reduced coord)
  -4.73212   -4.73212   -2.96860   -2.96821   -2.96725   -2.96697   -2.96688   -2.96682
  -1.68023   -1.67926   -1.67908   -1.67873   -1.67839   -1.67778   -1.67761   -1.67738
  -1.67652   -1.67623   -1.67580   -1.67558   -1.67524   -1.67495   -1.67461   -1.67414
  -1.67398   -1.67335   -1.67308   -1.67258   -1.67205   -1.67165   -1.67134   -1.67126
  -1.67055   -1.66968   -1.66899   -1.66815   -1.66796   -1.66599   -1.65183   -1.65090
  -1.64916   -1.64901   -1.64882   -1.64761   -1.64699   -1.64514   -1.64502   -1.64479
  -0.67377   -0.67354   -0.67252   -0.67239   -0.67206   -0.67199   -0.67188   -0.67119
  -0.67112   -0.67099   -0.66625   -0.66543   -0.66488   -0.66458   -0.66446   -0.66433
  -0.66420   -0.66413   -0.66390   -0.66383   -0.66348   -0.66336   -0.66273   -0.66230
  -0.66218   -0.66156   -0.66099   -0.66050   -0.66039   -0.65976   -0.38799   -0.38217
  -0.38106   -0.37705   -0.37564   -0.37413   -0.35042   -0.34616   -0.19512   -0.18872
  -0.18627   -0.18531   -0.18351   -0.18000   -0.17998   -0.17919   -0.17748   -0.17717
  -0.17488   -0.17468   -0.15495   -0.15092   -0.13594   -0.12933   -0.08829   -0.08351
  -0.06974   -0.06073   -0.04150   -0.03947   -0.02766   -0.02670   -0.01749   -0.01401
  -0.01041   -0.00294    0.00132    0.01061    0.01448    0.01813    0.02352    0.02987
   0.04653    0.05285    0.06814    0.06961    0.09397    0.11206    0.18349    0.20767
 kpt#   6, nband=128, wtk=  0.11111, kpt=  0.4167  0.4167  0.5000 (reduced coord)
  -4.73212   -4.73212   -2.96836   -2.96766   -2.96761   -2.96726   -2.96674   -2.96657
  -1.67999   -1.67914   -1.67883   -1.67854   -1.67804   -1.67727   -1.67718   -1.67692
  -1.67685   -1.67645   -1.67627   -1.67618   -1.67558   -1.67511   -1.67396   -1.67369
  -1.67366   -1.67331   -1.67307   -1.67236   -1.67201   -1.67191   -1.67154   -1.67111
  -1.66991   -1.66987   -1.66957   -1.66710   -1.66592   -1.66543   -1.65180   -1.65113
  -1.64859   -1.64836   -1.64771   -1.64750   -1.64739   -1.64487   -1.64417   -1.64386
  -0.67422   -0.67355   -0.67279   -0.67224   -0.67200   -0.67183   -0.67180   -0.67114
  -0.67097   -0.67095   -0.66672   -0.66549   -0.66490   -0.66465   -0.66457   -0.66435
  -0.66417   -0.66403   -0.66396   -0.66375   -0.66323   -0.66320   -0.66250   -0.66226
  -0.66213   -0.66145   -0.66128   -0.66050   -0.66032   -0.65955   -0.37695   -0.37552
  -0.37366   -0.37347   -0.37191   -0.37022   -0.34397   -0.33965   -0.19694   -0.19398
  -0.18486   -0.18414   -0.18128   -0.17798   -0.17735   -0.17710   -0.17642   -0.17594
  -0.15779   -0.15676   -0.13354   -0.13212   -0.11648   -0.10714   -0.10643   -0.09122
  -0.08607   -0.08218   -0.07140   -0.06822   -0.06772   -0.04916   -0.04807   -0.03152
  -0.02869   -0.02541   -0.02319   -0.01483   -0.01082   -0.00301   -0.00094    0.00147
   0.01020    0.01215    0.03866    0.04737    0.09742    0.10551    0.20496    0.21584
