 Fermi (or HOMO) energy (hartree) =   0.09700   Average Vxc (hartree)=  -0.27666
 Eigenvalues (hartree) for nkpt=  15  k points:
 kpt#   1, nband= 83, wtk=  0.04000, kpt=  0.0500  0.0500  0.2500 (reduced coord)
  -4.78624   -4.78624   -3.02360   -3.02358   -3.02092   -3.02089   -3.02086   -3.02037
  -1.73637   -1.73539   -1.73534   -1.73469   -1.73454   -1.73104   -1.73031   -1.72944
  -1.72720   -1.72694   -1.72137   -1.72064   -1.72036   -1.71960   -1.71949   -1.69952
  -1.69908   -1.69734   -1.69599   -1.69595   -1.69497   -1.69466   -1.69236   -1.69088
  -1.69087   -0.71376   -0.71219   -0.71151   -0.71148   -0.71134   -0.71109   -0.71001
  -0.70995   -0.70994   -0.70970   -0.70498   -0.70494   -0.70457   -0.70289   -0.70286
  -0.46007   -0.45783   -0.43318   -0.41862   -0.39789   -0.24885   -0.24787   -0.24682
  -0.24654   -0.24532   -0.23325   -0.23311   -0.23148   -0.22720   -0.22537   -0.16494
  -0.16153   -0.13549   -0.10134   -0.08918   -0.06780   -0.06091   -0.06003   -0.05514
  -0.03029   -0.02067   -0.00989   -0.00597    0.00365    0.00923    0.01035    0.02737
   0.04036    0.09174    0.11411
 kpt#   2, nband= 83, wtk=  0.08000, kpt=  0.1500  0.0500  0.2500 (reduced coord)
  -4.78624   -4.78623   -3.02342   -3.02268   -3.02129   -3.02090   -3.02079   -3.02076
  -1.73626   -1.73596   -1.73543   -1.73521   -1.73439   -1.73102   -1.72936   -1.72828
  -1.72753   -1.72697   -1.72147   -1.72043   -1.71983   -1.71910   -1.71859   -1.69933
  -1.69868   -1.69682   -1.69584   -1.69557   -1.69466   -1.69415   -1.69254   -1.69142
  -1.69072   -0.71367   -0.71212   -0.71153   -0.71142   -0.71121   -0.71103   -0.71005
  -0.70995   -0.70981   -0.70962   -0.70501   -0.70492   -0.70455   -0.70293   -0.70282
  -0.45719   -0.45430   -0.43269   -0.41582   -0.39745   -0.24863   -0.24640   -0.24561
  -0.24487   -0.24416   -0.23419   -0.23201   -0.23136   -0.22939   -0.22678   -0.17640
  -0.17575   -0.13889   -0.12010   -0.09291   -0.08472   -0.06676   -0.05472   -0.03840
  -0.03016   -0.01060   -0.00716   -0.00553   -0.00212    0.00917    0.01773    0.03633
   0.04937    0.10718    0.12458
 kpt#   3, nband= 83, wtk=  0.08000, kpt=  0.2500  0.0500  0.2500 (reduced coord)
  -4.78624   -4.78623   -3.02286   -3.02139   -3.02119   -3.02098   -3.02093   -3.02014
  -1.73605   -1.73551   -1.73454   -1.73275   -1.73110   -1.73035   -1.72817   -1.72675
  -1.72641   -1.72529   -1.72155   -1.72029   -1.71979   -1.71667   -1.71499   -1.69872
  -1.69630   -1.69618   -1.69509   -1.69435   -1.69349   -1.69233   -1.69181   -1.69129
  -1.68923   -0.71345   -0.71197   -0.71159   -0.71147   -0.71071   -0.71052   -0.71014
  -0.70997   -0.70930   -0.70911   -0.70490   -0.70456   -0.70378   -0.70308   -0.70288
  -0.45228   -0.44749   -0.43224   -0.41089   -0.39745   -0.24758   -0.24400   -0.24338
  -0.24282   -0.24198   -0.23582   -0.23151   -0.23120   -0.22850   -0.22752   -0.19505
  -0.19417   -0.15369   -0.13572   -0.11772   -0.08664   -0.05688   -0.04493   -0.02922
  -0.02156   -0.01466   -0.00930   -0.00167    0.00185    0.00705    0.03354    0.04976
   0.06953    0.11527    0.12852
 kpt#   4, nband= 83, wtk=  0.08000, kpt=  0.3500  0.0500  0.2500 (reduced coord)
  -4.78624   -4.78623   -3.02223   -3.02140   -3.02123   -3.02104   -3.02060   -3.02050
  -1.73469   -1.73412   -1.73348   -1.73261   -1.73159   -1.72932   -1.72868   -1.72747
  -1.72690   -1.72514   -1.72005   -1.71975   -1.71888   -1.71733   -1.71635   -1.69771
  -1.69615   -1.69526   -1.69479   -1.69447   -1.69341   -1.69209   -1.69101   -1.69085
  -1.69022   -0.71308   -0.71167   -0.71157   -0.71137   -0.71073   -0.71060   -0.71017
  -0.70988   -0.70933   -0.70918   -0.70467   -0.70447   -0.70387   -0.70313   -0.70281
  -0.44643   -0.43874   -0.43275   -0.40552   -0.39902   -0.24518   -0.24228   -0.24046
  -0.23955   -0.23908   -0.23796   -0.23307   -0.23212   -0.23111   -0.22869   -0.21296
  -0.20769   -0.17672   -0.14380   -0.14059   -0.07700   -0.04137   -0.03270   -0.03032
  -0.02574   -0.01213   -0.00351    0.00128    0.00143    0.00924    0.05243    0.06691
   0.08906    0.11580    0.12081
 kpt#   5, nband= 83, wtk=  0.08000, kpt=  0.4500  0.0500  0.2500 (reduced coord)
  -4.78624   -4.78624   -3.02252   -3.02202   -3.02180   -3.02127   -3.02104   -3.02093
  -1.73724   -1.73585   -1.73467   -1.73382   -1.73273   -1.73037   -1.72911   -1.72868
  -1.72819   -1.72724   -1.72180   -1.72048   -1.71958   -1.71886   -1.71808   -1.69972
  -1.69741   -1.69689   -1.69625   -1.69560   -1.69472   -1.69300   -1.69234   -1.69170
  -1.69096   -0.71327   -0.71185   -0.71169   -0.71145   -0.71108   -0.71084   -0.71028
  -0.70999   -0.70968   -0.70937   -0.70496   -0.70464   -0.70423   -0.70326   -0.70288
  -0.44131   -0.43454   -0.43136   -0.40361   -0.40013   -0.24365   -0.24104   -0.24077
  -0.23825   -0.23798   -0.23623   -0.23560   -0.23506   -0.23411   -0.23102   -0.22378
  -0.21240   -0.19301   -0.15151   -0.15074   -0.06291   -0.04234   -0.02847   -0.02076
  -0.02004   -0.01844   -0.00739   -0.00036    0.00774    0.01494    0.06784    0.08250
   0.09700    0.11110    0.11288
 kpt#   6, nband= 83, wtk=  0.04000, kpt=  0.1500  0.1500  0.2500 (reduced coord)
  -4.78625   -4.78623   -3.02326   -3.02190   -3.02136   -3.02123   -3.02104   -3.02083
  -1.73729   -1.73576   -1.73524   -1.73499   -1.73304   -1.73041   -1.72904   -1.72784
  -1.72782   -1.72722   -1.72158   -1.72148   -1.71975   -1.71838   -1.71793   -1.69912
  -1.69821   -1.69667   -1.69623   -1.69531   -1.69498   -1.69414   -1.69183   -1.69157
  -1.69077   -0.71355   -0.71200   -0.71170   -0.71149   -0.71101   -0.71101   -0.71018
  -0.71003   -0.70960   -0.70953   -0.70502   -0.70475   -0.70433   -0.70308   -0.70295
  -0.45454   -0.45072   -0.43214   -0.41302   -0.39680   -0.24974   -0.24508   -0.24443
  -0.24405   -0.24305   -0.23433   -0.23201   -0.23106   -0.23028   -0.22761   -0.18285
  -0.18132   -0.14218   -0.12750   -0.09026   -0.08783   -0.08439   -0.07235   -0.04699
  -0.02067   -0.01979   -0.00761   -0.00589   -0.00195    0.00333    0.03382    0.05392
   0.06576    0.13090    0.13503
 kpt#   7, nband= 83, wtk=  0.08000, kpt=  0.2500  0.1500  0.2500 (reduced coord)
  -4.78624   -4.78623   -3.02247   -3.02145   -3.02111   -3.02102   -3.02081   -3.02047
  -1.73583   -1.73510   -1.73422   -1.73183   -1.73104   -1.72957   -1.72873   -1.72722
  -1.72663   -1.72553   -1.72091   -1.72023   -1.71979   -1.71648   -1.71580   -1.69807
  -1.69642   -1.69605   -1.69525   -1.69424   -1.69362   -1.69202   -1.69168   -1.69113
  -1.68922   -0.71324   -0.71176   -0.71161   -0.71151   -0.71088   -0.71045   -0.71013
  -0.71000   -0.70946   -0.70904   -0.70499   -0.70428   -0.70388   -0.70307   -0.70293
  -0.44992   -0.44400   -0.43153   -0.40815   -0.39637   -0.24959   -0.24301   -0.24220
  -0.24209   -0.23988   -0.23486   -0.23165   -0.23115   -0.22956   -0.22895   -0.19531
  -0.19212   -0.15492   -0.13577   -0.11340   -0.08793   -0.08433   -0.06667   -0.05061
  -0.02577   -0.02126   -0.01448   -0.01042   -0.00273    0.00525    0.05337    0.06778
   0.07551    0.13498    0.13933
 kpt#   8, nband= 83, wtk=  0.08000, kpt=  0.3500  0.1500  0.2500 (reduced coord)
  -4.78624   -4.78623   -3.02206   -3.02187   -3.02116   -3.02094   -3.02090   -3.02065
  -1.73477   -1.73432   -1.73379   -1.73314   -1.73189   -1.72966   -1.72848   -1.72810
  -1.72752   -1.72533   -1.72005   -1.71962   -1.71937   -1.71877   -1.71535   -1.69842
  -1.69640   -1.69598   -1.69540   -1.69464   -1.69412   -1.69223   -1.69127   -1.69058
  -1.69030   -0.71306   -0.71172   -0.71154   -0.71143   -0.71124   -0.71033   -0.71019
  -0.70990   -0.70982   -0.70890   -0.70509   -0.70430   -0.70378   -0.70315   -0.70286
  -0.44441   -0.43559   -0.43175   -0.40292   -0.39719   -0.24813   -0.24153   -0.24052
  -0.23936   -0.23802   -0.23772   -0.23349   -0.23295   -0.23051   -0.22801   -0.20937
  -0.20238   -0.17365   -0.14241   -0.13597   -0.07764   -0.07474   -0.05409   -0.04382
  -0.03080   -0.02399   -0.01915   -0.01636   -0.01079    0.00393    0.05316    0.06469
   0.07830    0.12841    0.13273
 kpt#   9, nband= 83, wtk=  0.08000, kpt=  0.4500  0.1500  0.2500 (reduced coord)
  -4.78624   -4.78624   -3.02267   -3.02245   -3.02165   -3.02101   -3.02073   -3.02069
  -1.73616   -1.73520   -1.73430   -1.73395   -1.73300   -1.72958   -1.72929   -1.72860
  -1.72797   -1.72737   -1.72110   -1.71985   -1.71948   -1.71835   -1.71825   -1.69886
  -1.69807   -1.69673   -1.69625   -1.69513   -1.69455   -1.69337   -1.69215   -1.69149
  -1.69067   -0.71311   -0.71181   -0.71162   -0.71141   -0.71140   -0.71065   -0.71026
  -0.70995   -0.70990   -0.70921   -0.70526   -0.70447   -0.70403   -0.70325   -0.70288
  -0.43969   -0.43315   -0.42870   -0.40106   -0.39758   -0.24510   -0.24250   -0.24065
  -0.23901   -0.23749   -0.23596   -0.23493   -0.23357   -0.23285   -0.23012   -0.21858
  -0.20666   -0.18759   -0.14795   -0.14752   -0.06329   -0.05766   -0.04231   -0.03951
  -0.03459   -0.03211   -0.02664   -0.02241   -0.02158    0.00854    0.04617    0.04937
   0.07756    0.11960    0.14245
 kpt#  10, nband= 83, wtk=  0.04000, kpt=  0.2500  0.2500  0.2500 (reduced coord)
  -4.78624   -4.78623   -3.02223   -3.02192   -3.02156   -3.02107   -3.02074   -3.02065
  -1.73518   -1.73490   -1.73376   -1.73317   -1.73154   -1.73074   -1.72848   -1.72807
  -1.72776   -1.72665   -1.72034   -1.71989   -1.71943   -1.71905   -1.71569   -1.69933
  -1.69641   -1.69626   -1.69564   -1.69525   -1.69472   -1.69171   -1.69147   -1.69079
  -1.69063   -0.71312   -0.71163   -0.71160   -0.71158   -0.71150   -0.71035   -0.71018
  -0.70998   -0.70994   -0.70886   -0.70546   -0.70411   -0.70399   -0.70297   -0.70297
  -0.44577   -0.43767   -0.43059   -0.40345   -0.39497   -0.25100   -0.24164   -0.24078
  -0.24034   -0.23836   -0.23707   -0.23274   -0.23184   -0.22965   -0.22945   -0.19787
  -0.19070   -0.15966   -0.13722   -0.11367   -0.10783   -0.09055   -0.07142   -0.06933
  -0.03946   -0.02807   -0.02721   -0.01889   -0.00837   -0.00201    0.04599    0.06082
   0.07524    0.13976    0.14384
 kpt#  11, nband= 83, wtk=  0.08000, kpt=  0.3500  0.2500  0.2500 (reduced coord)
  -4.78625   -4.78623   -3.02275   -3.02207   -3.02153   -3.02118   -3.02117   -3.02088
  -1.73566   -1.73533   -1.73492   -1.73444   -1.73291   -1.73056   -1.72946   -1.72847
  -1.72821   -1.72727   -1.72093   -1.72067   -1.72000   -1.71982   -1.71669   -1.69990
  -1.69740   -1.69697   -1.69665   -1.69617   -1.69468   -1.69323   -1.69214   -1.69156
  -1.69119   -0.71318   -0.71185   -0.71175   -0.71172   -0.71156   -0.71038   -0.71034
  -0.71017   -0.71006   -0.70890   -0.70567   -0.70425   -0.70395   -0.70317   -0.70308
  -0.44091   -0.43042   -0.42988   -0.39858   -0.39421   -0.25082   -0.24111   -0.24088
  -0.24003   -0.23868   -0.23604   -0.23351   -0.23322   -0.23047   -0.22906   -0.20347
  -0.19289   -0.16883   -0.14090   -0.12991   -0.10903   -0.08284   -0.07287   -0.06269
  -0.04599   -0.03716   -0.03500   -0.02845   -0.02273   -0.01927    0.03010    0.03427
   0.06603    0.13809    0.16198
 kpt#  12, nband= 83, wtk=  0.08000, kpt=  0.4500  0.2500  0.2500 (reduced coord)
  -4.78624   -4.78623   -3.02283   -3.02243   -3.02136   -3.02072   -3.02067   -3.02056
  -1.73530   -1.73512   -1.73417   -1.73358   -1.73288   -1.72953   -1.72842   -1.72805
  -1.72784   -1.72716   -1.72049   -1.71987   -1.71937   -1.71837   -1.71740   -1.69896
  -1.69749   -1.69650   -1.69563   -1.69510   -1.69426   -1.69331   -1.69168   -1.69109
  -1.69056   -0.71293   -0.71176   -0.71168   -0.71158   -0.71136   -0.71046   -0.71023
  -0.71013   -0.71003   -0.70902   -0.70549   -0.70419   -0.70386   -0.70316   -0.70299
  -0.43699   -0.43086   -0.42419   -0.39674   -0.39326   -0.24822   -0.24372   -0.24012
  -0.23935   -0.23707   -0.23446   -0.23299   -0.23242   -0.23156   -0.22937   -0.20852
  -0.19552   -0.17716   -0.14402   -0.14146   -0.09368   -0.07076   -0.06757   -0.06263
  -0.05517   -0.04771   -0.03954   -0.03923   -0.03014   -0.01881    0.00973    0.01466
   0.06401    0.13073    0.16411
 kpt#  13, nband= 83, wtk=  0.04000, kpt=  0.3500  0.3500  0.2500 (reduced coord)
  -4.78625   -4.78623   -3.02282   -3.02198   -3.02179   -3.02130   -3.02103   -3.02047
  -1.73581   -1.73578   -1.73429   -1.73373   -1.73306   -1.72942   -1.72940   -1.72889
  -1.72836   -1.72786   -1.72116   -1.72077   -1.71987   -1.71851   -1.71717   -1.69880
  -1.69790   -1.69714   -1.69683   -1.69592   -1.69420   -1.69381   -1.69193   -1.69164
  -1.69071   -0.71300   -0.71197   -0.71185   -0.71178   -0.71138   -0.71049   -0.71037
  -0.71021   -0.71010   -0.70882   -0.70577   -0.70396   -0.70395   -0.70324   -0.70323
  -0.43700   -0.42900   -0.42375   -0.39432   -0.39104   -0.25169   -0.24301   -0.24028
  -0.23834   -0.23817   -0.23342   -0.23311   -0.23250   -0.23063   -0.23012   -0.19794
  -0.18347   -0.16417   -0.14084   -0.13105   -0.12686   -0.08880   -0.08806   -0.06368
  -0.06075   -0.05683   -0.04718   -0.04439   -0.03616   -0.03279    0.00209    0.01022
   0.06091    0.13862    0.16702
 kpt#  14, nband= 83, wtk=  0.08000, kpt=  0.4500  0.3500  0.2500 (reduced coord)
  -4.78624   -4.78624   -3.02263   -3.02206   -3.02164   -3.02129   -3.02098   -3.02095
  -1.73563   -1.73517   -1.73454   -1.73404   -1.73320   -1.73000   -1.72929   -1.72873
  -1.72851   -1.72817   -1.72072   -1.72050   -1.72013   -1.71897   -1.71749   -1.69980
  -1.69792   -1.69708   -1.69686   -1.69645   -1.69436   -1.69355   -1.69201   -1.69138
  -1.69071   -0.71303   -0.71218   -0.71182   -0.71173   -0.71144   -0.71070   -0.71031
  -0.71019   -0.71004   -0.70878   -0.70601   -0.70401   -0.70387   -0.70321   -0.70315
  -0.43416   -0.42852   -0.41936   -0.39216   -0.38867   -0.25057   -0.24729   -0.23951
  -0.23851   -0.23599   -0.23366   -0.23208   -0.23160   -0.23097   -0.23004   -0.19530
  -0.18026   -0.16261   -0.14142   -0.13809   -0.12138   -0.09637   -0.08751   -0.08015
  -0.06908   -0.06179   -0.05559   -0.04772   -0.04165   -0.03600   -0.02578   -0.00143
   0.06239    0.13666    0.16631
 kpt#  15, nband= 83, wtk=  0.04000, kpt=  0.4500  0.4500  0.2500 (reduced coord)
  -4.78624   -4.78624   -3.02251   -3.02186   -3.02179   -3.02163   -3.02103   -3.02085
  -1.73607   -1.73499   -1.73399   -1.73398   -1.73352   -1.73021   -1.72990   -1.72906
  -1.72819   -1.72814   -1.72147   -1.72070   -1.71989   -1.71868   -1.71841   -1.69898
  -1.69843   -1.69838   -1.69668   -1.69573   -1.69483   -1.69448   -1.69137   -1.69071
  -1.69045   -0.71292   -0.71225   -0.71191   -0.71180   -0.71130   -0.71080   -0.71026
  -0.71021   -0.71013   -0.70881   -0.70617   -0.70391   -0.70388   -0.70329   -0.70316
  -0.43235   -0.42705   -0.41619   -0.38917   -0.38567   -0.25096   -0.24956   -0.23873
  -0.23864   -0.23426   -0.23219   -0.23207   -0.23152   -0.23085   -0.23049   -0.18404
  -0.16529   -0.14642   -0.14069   -0.13988   -0.13693   -0.12023   -0.09838   -0.09168
  -0.07565   -0.06675   -0.06545   -0.05796   -0.05639   -0.04936   -0.03380   -0.00671
   0.06346    0.13904    0.16520
