 Eigenvalues (hartree) for nkpt=  15  k points:
 kpt#   1, nband=180, wtk=  0.04000, kpt=  0.0500  0.0500  0.2500 (reduced coord)
  -4.78624   -4.78624   -3.02360   -3.02358   -3.02092   -3.02089   -3.02086   -3.02037
  -1.73637   -1.73539   -1.73534   -1.73469   -1.73454   -1.73104   -1.73031   -1.72944
  -1.72720   -1.72694   -1.72137   -1.72064   -1.72036   -1.71960   -1.71949   -1.69952
  -1.69908   -1.69734   -1.69599   -1.69595   -1.69497   -1.69466   -1.69236   -1.69088
  -1.69087   -0.71376   -0.71219   -0.71151   -0.71148   -0.71134   -0.71109   -0.71001
  -0.70995   -0.70994   -0.70970   -0.70498   -0.70494   -0.70457   -0.70289   -0.70286
  -0.46007   -0.45783   -0.43318   -0.41862   -0.39789   -0.24885   -0.24787   -0.24682
  -0.24654   -0.24532   -0.23325   -0.23311   -0.23148   -0.22720   -0.22537   -0.16494
  -0.16153   -0.13549   -0.10134   -0.08918   -0.06780   -0.06091   -0.06003   -0.05514
  -0.03029   -0.02067   -0.00989   -0.00597    0.00365    0.00923    0.01035    0.02737
   0.04036    0.09174    0.11411    0.14404    0.17142    0.20128    0.20378    0.22765
   0.23177    0.23615    0.24194    0.24490    0.24648    0.25661    0.25677    0.27578
   0.27899    0.29015    0.30118    0.30342    0.30953    0.33984    0.34448    0.35120
   0.36227    0.38094    0.39508    0.41430    0.42202    0.42485    0.43367    0.43419
   0.46012    0.46138    0.46692    0.47261    0.48388    0.49019    0.49832    0.50038
   0.50902    0.50903    0.51689    0.52929    0.53201    0.53278    0.54635    0.55351
   0.55508    0.56145    0.57288    0.57415    0.58682    0.58958    0.59288    0.60090
   0.61320    0.61515    0.61942    0.63104    0.63733    0.65062    0.66087    0.66396
   0.66646    0.67318    0.67488    0.68628    0.70172    0.71378    0.71515    0.72165
   0.73141    0.73952    0.73995    0.74892    0.76014    0.77127    0.78194    0.78282
   0.79374    0.80542    0.80547    0.81202    0.81996    0.82921    0.83539    0.85132
   0.85766    0.86612    0.87252    0.87366    0.87950    0.88197    0.88554    0.89686
   0.90177    0.91193    0.91786    0.92131
 kpt#   2, nband=180, wtk=  0.08000, kpt=  0.1500  0.0500  0.2500 (reduced coord)
  -4.78624   -4.78623   -3.02342   -3.02268   -3.02129   -3.02090   -3.02079   -3.02076
  -1.73626   -1.73596   -1.73543   -1.73521   -1.73439   -1.73102   -1.72936   -1.72828
  -1.72753   -1.72697   -1.72147   -1.72043   -1.71983   -1.71910   -1.71859   -1.69933
  -1.69868   -1.69682   -1.69584   -1.69557   -1.69466   -1.69415   -1.69254   -1.69142
  -1.69072   -0.71367   -0.71212   -0.71153   -0.71142   -0.71121   -0.71103   -0.71005
  -0.70995   -0.70981   -0.70962   -0.70501   -0.70492   -0.70455   -0.70293   -0.70282
  -0.45719   -0.45430   -0.43269   -0.41582   -0.39745   -0.24863   -0.24640   -0.24561
  -0.24487   -0.24416   -0.23419   -0.23201   -0.23136   -0.22939   -0.22678   -0.17640
  -0.17575   -0.13889   -0.12010   -0.09291   -0.08472   -0.06676   -0.05472   -0.03840
  -0.03016   -0.01060   -0.00716   -0.00553   -0.00212    0.00917    0.01773    0.03633
   0.04937    0.10718    0.12458    0.16073    0.17194    0.19440    0.20318    0.21541
   0.21706    0.22719    0.23287    0.23983    0.24574    0.24833    0.25156    0.25791
   0.27783    0.28540    0.29989    0.30231    0.32362    0.32818    0.32905    0.35282
   0.36279    0.37129    0.39081    0.40939    0.41940    0.43304    0.43654    0.45486
   0.45763    0.46734    0.47596    0.48722    0.49065    0.49829    0.50375    0.50924
   0.51413    0.51816    0.52747    0.53296    0.53735    0.54397    0.54897    0.55376
   0.56654    0.57054    0.57411    0.58360    0.58774    0.59446    0.60185    0.61192
   0.61657    0.62392    0.63025    0.63584    0.64288    0.65364    0.66247    0.67023
   0.67645    0.68236    0.68596    0.69547    0.70477    0.71286    0.72419    0.72775
   0.73941    0.74318    0.75352    0.76048    0.76477    0.76906    0.77722    0.78423
   0.79114    0.79823    0.80514    0.81143    0.81727    0.81804    0.83092    0.83820
   0.84569    0.84976    0.85089    0.85780    0.86482    0.87015    0.87917    0.88781
   0.89702    0.90332    0.91083    0.91616
 kpt#   3, nband=180, wtk=  0.08000, kpt=  0.2500  0.0500  0.2500 (reduced coord)
  -4.78624   -4.78623   -3.02286   -3.02139   -3.02119   -3.02098   -3.02093   -3.02014
  -1.73605   -1.73551   -1.73454   -1.73275   -1.73110   -1.73035   -1.72817   -1.72675
  -1.72641   -1.72529   -1.72155   -1.72029   -1.71979   -1.71667   -1.71499   -1.69872
  -1.69630   -1.69618   -1.69509   -1.69435   -1.69349   -1.69233   -1.69181   -1.69129
  -1.68923   -0.71345   -0.71197   -0.71159   -0.71147   -0.71071   -0.71052   -0.71014
  -0.70997   -0.70930   -0.70911   -0.70490   -0.70456   -0.70378   -0.70308   -0.70288
  -0.45228   -0.44749   -0.43224   -0.41089   -0.39745   -0.24758   -0.24400   -0.24338
  -0.24282   -0.24198   -0.23582   -0.23151   -0.23120   -0.22850   -0.22752   -0.19505
  -0.19417   -0.15369   -0.13572   -0.11772   -0.08664   -0.05688   -0.04493   -0.02922
  -0.02156   -0.01466   -0.00930   -0.00167    0.00185    0.00705    0.03354    0.04976
   0.06953    0.11527    0.12852    0.14932    0.16862    0.17317    0.19584    0.20130
   0.20698    0.21375    0.21713    0.23079    0.23957    0.25109    0.25730    0.26419
   0.27685    0.28892    0.29924    0.30385    0.31970    0.32614    0.33931    0.35861
   0.37009    0.37732    0.38915    0.39775    0.40458    0.42162    0.43502    0.44171
   0.46038    0.46964    0.47794    0.49514    0.50177    0.51131    0.51520    0.52109
   0.52866    0.53030    0.53816    0.54290    0.55392    0.55877    0.56614    0.57199
   0.57651    0.58469    0.59116    0.59751    0.59998    0.60828    0.61222    0.62368
   0.62845    0.63514    0.64359    0.65300    0.65878    0.66397    0.67018    0.67871
   0.69005    0.69351    0.69964    0.70629    0.71143    0.71662    0.72028    0.72397
   0.73434    0.74047    0.74407    0.75045    0.75587    0.76066    0.76518    0.77647
   0.78051    0.78780    0.79211    0.79978    0.80769    0.81059    0.82227    0.83001
   0.83592    0.84378    0.84911    0.85525    0.86344    0.86873    0.87882    0.88429
   0.89743    0.90057    0.90976    0.91098
 kpt#   4, nband=180, wtk=  0.08000, kpt=  0.3500  0.0500  0.2500 (reduced coord)
  -4.78624   -4.78623   -3.02223   -3.02140   -3.02123   -3.02104   -3.02060   -3.02050
  -1.73469   -1.73412   -1.73348   -1.73261   -1.73159   -1.72932   -1.72868   -1.72747
  -1.72690   -1.72514   -1.72005   -1.71975   -1.71888   -1.71733   -1.71635   -1.69771
  -1.69615   -1.69526   -1.69479   -1.69447   -1.69341   -1.69209   -1.69101   -1.69085
  -1.69022   -0.71308   -0.71167   -0.71157   -0.71137   -0.71073   -0.71060   -0.71017
  -0.70988   -0.70933   -0.70918   -0.70467   -0.70447   -0.70387   -0.70313   -0.70281
  -0.44643   -0.43874   -0.43275   -0.40552   -0.39902   -0.24518   -0.24228   -0.24046
  -0.23955   -0.23908   -0.23796   -0.23307   -0.23212   -0.23111   -0.22869   -0.21296
  -0.20769   -0.17672   -0.14380   -0.14059   -0.07700   -0.04137   -0.03270   -0.03032
  -0.02574   -0.01213   -0.00351    0.00128    0.00143    0.00924    0.05243    0.06691
   0.08906    0.11580    0.12081    0.13407    0.14065    0.15382    0.16872    0.17641
   0.18518    0.20342    0.21621    0.22348    0.24971    0.25446    0.26245    0.26800
   0.27931    0.29191    0.30646    0.32423    0.33924    0.34277    0.35088    0.36021
   0.37298    0.38433    0.40098    0.40262    0.41500    0.42757    0.43429    0.44165
   0.45068    0.46139    0.47506    0.48359    0.48773    0.50215    0.51038    0.51775
   0.52945    0.54229    0.55058    0.56045    0.56225    0.57401    0.57679    0.58477
   0.59299    0.59863    0.60696    0.61042    0.61402    0.62143    0.62359    0.63213
   0.63882    0.64538    0.65011    0.65587    0.66216    0.67043    0.67437    0.67749
   0.68496    0.68862    0.69428    0.69855    0.70760    0.71307    0.71733    0.72382
   0.73378    0.73718    0.74529    0.75390    0.76113    0.76626    0.77959    0.78380
   0.78917    0.79669    0.80392    0.81109    0.81748    0.82220    0.83106    0.83706
   0.84774    0.85480    0.85975    0.86782    0.87450    0.87709    0.88433    0.89165
   0.89760    0.89955    0.90589    0.91226
 kpt#   5, nband=180, wtk=  0.08000, kpt=  0.4500  0.0500  0.2500 (reduced coord)
  -4.78624   -4.78624   -3.02252   -3.02202   -3.02180   -3.02127   -3.02104   -3.02093
  -1.73724   -1.73585   -1.73467   -1.73382   -1.73273   -1.73037   -1.72911   -1.72868
  -1.72819   -1.72724   -1.72180   -1.72048   -1.71958   -1.71886   -1.71808   -1.69972
  -1.69741   -1.69689   -1.69625   -1.69560   -1.69472   -1.69300   -1.69234   -1.69170
  -1.69096   -0.71327   -0.71185   -0.71169   -0.71145   -0.71108   -0.71084   -0.71028
  -0.70999   -0.70968   -0.70937   -0.70496   -0.70464   -0.70423   -0.70326   -0.70288
  -0.44131   -0.43454   -0.43136   -0.40361   -0.40013   -0.24365   -0.24104   -0.24077
  -0.23825   -0.23798   -0.23623   -0.23560   -0.23506   -0.23411   -0.23102   -0.22378
  -0.21240   -0.19301   -0.15151   -0.15074   -0.06291   -0.04234   -0.02847   -0.02076
  -0.02004   -0.01844   -0.00739   -0.00036    0.00774    0.01494    0.06784    0.08250
   0.09700    0.11110    0.11288    0.12391    0.13337    0.13831    0.15017    0.16079
   0.16557    0.18658    0.21788    0.23240    0.24036    0.25227    0.25697    0.26427
   0.28121    0.29858    0.31461    0.32766    0.33302    0.36141    0.37431    0.38590
   0.39290    0.40309    0.40880    0.41724    0.42592    0.43899    0.44607    0.45213
   0.45523    0.45895    0.48052    0.48350    0.49077    0.50256    0.50414    0.50552
   0.51479    0.52834    0.53376    0.53859    0.54828    0.55734    0.56264    0.56801
   0.57675    0.58591    0.59137    0.59742    0.61281    0.61677    0.62723    0.63253
   0.63838    0.64919    0.65829    0.66626    0.67435    0.68303    0.68854    0.69073
   0.69767    0.70548    0.71512    0.72308    0.72567    0.73514    0.73986    0.75033
   0.75446    0.76009    0.76453    0.76735    0.77391    0.77903    0.78430    0.78746
   0.79381    0.80219    0.80686    0.81382    0.82086    0.82642    0.83384    0.83964
   0.84545    0.84999    0.85337    0.85679    0.86729    0.86928    0.87786    0.88483
   0.88942    0.89304    0.89736    0.90247
 kpt#   6, nband=180, wtk=  0.04000, kpt=  0.1500  0.1500  0.2500 (reduced coord)
  -4.78625   -4.78623   -3.02326   -3.02190   -3.02136   -3.02123   -3.02104   -3.02083
  -1.73729   -1.73576   -1.73524   -1.73499   -1.73304   -1.73041   -1.72904   -1.72784
  -1.72782   -1.72722   -1.72158   -1.72148   -1.71975   -1.71838   -1.71793   -1.69912
  -1.69821   -1.69667   -1.69623   -1.69531   -1.69498   -1.69414   -1.69183   -1.69157
  -1.69077   -0.71355   -0.71200   -0.71170   -0.71149   -0.71101   -0.71101   -0.71018
  -0.71003   -0.70960   -0.70953   -0.70502   -0.70475   -0.70433   -0.70308   -0.70295
  -0.45454   -0.45072   -0.43214   -0.41302   -0.39680   -0.24974   -0.24508   -0.24443
  -0.24405   -0.24305   -0.23433   -0.23201   -0.23106   -0.23028   -0.22761   -0.18285
  -0.18132   -0.14218   -0.12750   -0.09026   -0.08783   -0.08439   -0.07235   -0.04699
  -0.02067   -0.01979   -0.00761   -0.00589   -0.00195    0.00333    0.03382    0.05392
   0.06576    0.13090    0.13503    0.15372    0.16981    0.17220    0.18443    0.19720
   0.21239    0.22671    0.23041    0.24139    0.24693    0.24887    0.25808    0.26192
   0.27250    0.29001    0.30182    0.30518    0.32148    0.32738    0.35515    0.35681
   0.36789    0.38189    0.38756    0.41601    0.41726    0.43685    0.44157    0.44480
   0.45408    0.46317    0.46870    0.47719    0.48366    0.49337    0.49570    0.50603
   0.51181    0.52160    0.52414    0.53344    0.53871    0.54661    0.55737    0.56195
   0.57185    0.57306    0.59413    0.59568    0.59954    0.60647    0.61567    0.62873
   0.63393    0.64111    0.64385    0.65168    0.65718    0.66178    0.66665    0.67256
   0.68575    0.68576    0.68984    0.69293    0.70454    0.72096    0.72640    0.73524
   0.73607    0.74193    0.74203    0.75406    0.76293    0.77350    0.78901    0.79408
   0.80535    0.80621    0.80943    0.81379    0.81628    0.82773    0.82973    0.83200
   0.84201    0.84226    0.85445    0.86028    0.86392    0.87036    0.87388    0.87914
   0.88402    0.88632    0.89155    0.89796
 kpt#   7, nband=180, wtk=  0.08000, kpt=  0.2500  0.1500  0.2500 (reduced coord)
  -4.78624   -4.78623   -3.02247   -3.02145   -3.02111   -3.02102   -3.02081   -3.02047
  -1.73583   -1.73510   -1.73422   -1.73183   -1.73104   -1.72957   -1.72873   -1.72722
  -1.72663   -1.72553   -1.72091   -1.72023   -1.71979   -1.71648   -1.71580   -1.69807
  -1.69642   -1.69605   -1.69525   -1.69424   -1.69362   -1.69202   -1.69168   -1.69113
  -1.68922   -0.71324   -0.71176   -0.71161   -0.71151   -0.71088   -0.71045   -0.71013
  -0.71000   -0.70946   -0.70904   -0.70499   -0.70428   -0.70388   -0.70307   -0.70293
  -0.44992   -0.44400   -0.43153   -0.40815   -0.39637   -0.24959   -0.24301   -0.24220
  -0.24209   -0.23988   -0.23486   -0.23165   -0.23115   -0.22956   -0.22895   -0.19531
  -0.19212   -0.15492   -0.13577   -0.11340   -0.08793   -0.08433   -0.06667   -0.05061
  -0.02577   -0.02126   -0.01448   -0.01042   -0.00273    0.00525    0.05337    0.06778
   0.07551    0.13498    0.13933    0.14318    0.15043    0.15908    0.17427    0.19906
   0.21705    0.22335    0.23553    0.24339    0.24650    0.25720    0.26057    0.26547
   0.27736    0.28277    0.29495    0.30820    0.33635    0.34881    0.35024    0.36399
   0.36585    0.38761    0.39690    0.40946    0.41346    0.42645    0.43083    0.44445
   0.45278    0.46375    0.47103    0.47912    0.48674    0.49545    0.50517    0.51158
   0.51481    0.52297    0.53067    0.54475    0.55165    0.55724    0.56618    0.57157
   0.57780    0.58698    0.59673    0.60059    0.61197    0.62102    0.62882    0.63448
   0.64324    0.64864    0.65486    0.66328    0.66684    0.67297    0.68357    0.69053
   0.69433    0.70236    0.70448    0.70876    0.71490    0.72150    0.72711    0.73216
   0.74077    0.74667    0.74708    0.75651    0.76224    0.76941    0.77451    0.78148
   0.78916    0.79228    0.79809    0.80594    0.81558    0.82078    0.82611    0.83210
   0.83728    0.84249    0.84733    0.85217    0.86021    0.86721    0.87238    0.87418
   0.87723    0.88176    0.89330    0.89721
 kpt#   8, nband=180, wtk=  0.08000, kpt=  0.3500  0.1500  0.2500 (reduced coord)
  -4.78624   -4.78623   -3.02206   -3.02187   -3.02116   -3.02094   -3.02090   -3.02065
  -1.73477   -1.73432   -1.73379   -1.73314   -1.73189   -1.72966   -1.72848   -1.72810
  -1.72752   -1.72533   -1.72005   -1.71962   -1.71937   -1.71877   -1.71535   -1.69842
  -1.69640   -1.69598   -1.69540   -1.69464   -1.69412   -1.69223   -1.69127   -1.69058
  -1.69030   -0.71306   -0.71172   -0.71154   -0.71143   -0.71124   -0.71033   -0.71019
  -0.70990   -0.70982   -0.70890   -0.70509   -0.70430   -0.70378   -0.70315   -0.70286
  -0.44441   -0.43559   -0.43175   -0.40292   -0.39719   -0.24813   -0.24153   -0.24052
  -0.23936   -0.23802   -0.23772   -0.23349   -0.23295   -0.23051   -0.22801   -0.20937
  -0.20238   -0.17365   -0.14241   -0.13597   -0.07764   -0.07474   -0.05409   -0.04382
  -0.03080   -0.02399   -0.01915   -0.01636   -0.01079    0.00393    0.05316    0.06469
   0.07830    0.12841    0.13273    0.14174    0.14625    0.16248    0.16740    0.20214
   0.21347    0.21851    0.22729    0.23930    0.24655    0.25780    0.26502    0.26907
   0.28525    0.29133    0.30410    0.32655    0.34264    0.35026    0.35655    0.36705
   0.37813    0.38832    0.39539    0.40634    0.42180    0.42924    0.44158    0.44575
   0.45353    0.45645    0.46670    0.47989    0.49224    0.49748    0.51474    0.52308
   0.52917    0.53578    0.53871    0.55015    0.55736    0.56650    0.57611    0.58402
   0.58911    0.59674    0.60062    0.60749    0.61532    0.62090    0.62447    0.63238
   0.63674    0.64371    0.65272    0.66046    0.66382    0.66882    0.67649    0.68435
   0.69073    0.69745    0.70221    0.70508    0.71128    0.72233    0.73338    0.74277
   0.74949    0.75837    0.76092    0.76687    0.77744    0.78313    0.78431    0.79347
   0.79496    0.80165    0.80959    0.81662    0.82071    0.82769    0.83388    0.83613
   0.84316    0.84644    0.84973    0.85593    0.86323    0.87311    0.87499    0.88038
   0.88724    0.88936    0.89693    0.90089
 kpt#   9, nband=180, wtk=  0.08000, kpt=  0.4500  0.1500  0.2500 (reduced coord)
  -4.78624   -4.78624   -3.02267   -3.02245   -3.02165   -3.02101   -3.02073   -3.02069
  -1.73616   -1.73520   -1.73430   -1.73395   -1.73300   -1.72958   -1.72929   -1.72860
  -1.72797   -1.72737   -1.72110   -1.71985   -1.71948   -1.71835   -1.71825   -1.69886
  -1.69807   -1.69673   -1.69625   -1.69513   -1.69455   -1.69337   -1.69215   -1.69149
  -1.69067   -0.71311   -0.71181   -0.71162   -0.71141   -0.71140   -0.71065   -0.71026
  -0.70995   -0.70990   -0.70921   -0.70526   -0.70447   -0.70403   -0.70325   -0.70288
  -0.43969   -0.43315   -0.42870   -0.40106   -0.39758   -0.24510   -0.24250   -0.24065
  -0.23901   -0.23749   -0.23596   -0.23493   -0.23357   -0.23285   -0.23012   -0.21858
  -0.20666   -0.18759   -0.14795   -0.14752   -0.06329   -0.05766   -0.04231   -0.03951
  -0.03459   -0.03211   -0.02664   -0.02241   -0.02158    0.00854    0.04617    0.04937
   0.07756    0.11960    0.14245    0.14374    0.15578    0.16154    0.16691    0.19389
   0.21126    0.21451    0.22311    0.23351    0.24214    0.25308    0.25913    0.27281
   0.28734    0.29973    0.31449    0.32778    0.33433    0.34088    0.37474    0.38540
   0.39512    0.40061    0.40540    0.42494    0.43187    0.43669    0.44521    0.45572
   0.46260    0.47533    0.48310    0.48558    0.49449    0.50237    0.51103    0.51378
   0.51882    0.53144    0.53541    0.54288    0.55058    0.55593    0.55899    0.56303
   0.57451    0.58059    0.58736    0.59550    0.60367    0.61046    0.62579    0.62871
   0.64535    0.65598    0.65978    0.66266    0.67072    0.68580    0.69067    0.69560
   0.70222    0.70718    0.71688    0.72123    0.72876    0.73181    0.73857    0.74313
   0.74919    0.75607    0.76627    0.77162    0.77573    0.78542    0.78980    0.79331
   0.80274    0.80498    0.81341    0.81981    0.82480    0.83046    0.83421    0.84046
   0.84723    0.85325    0.85944    0.86503    0.87458    0.87864    0.88333    0.88515
   0.89269    0.89594    0.90150    0.90447
 kpt#  10, nband=180, wtk=  0.04000, kpt=  0.2500  0.2500  0.2500 (reduced coord)
  -4.78624   -4.78623   -3.02223   -3.02192   -3.02156   -3.02107   -3.02074   -3.02065
  -1.73518   -1.73490   -1.73376   -1.73317   -1.73154   -1.73074   -1.72848   -1.72807
  -1.72776   -1.72665   -1.72034   -1.71989   -1.71943   -1.71905   -1.71569   -1.69933
  -1.69641   -1.69626   -1.69564   -1.69525   -1.69472   -1.69171   -1.69147   -1.69079
  -1.69063   -0.71312   -0.71163   -0.71160   -0.71158   -0.71150   -0.71035   -0.71018
  -0.70998   -0.70994   -0.70886   -0.70546   -0.70411   -0.70399   -0.70297   -0.70297
  -0.44577   -0.43767   -0.43059   -0.40345   -0.39497   -0.25100   -0.24164   -0.24078
  -0.24034   -0.23836   -0.23707   -0.23274   -0.23184   -0.22965   -0.22945   -0.19787
  -0.19070   -0.15966   -0.13722   -0.11367   -0.10783   -0.09055   -0.07142   -0.06933
  -0.03946   -0.02807   -0.02721   -0.01889   -0.00837   -0.00201    0.04599    0.06082
   0.07524    0.13976    0.14384    0.14993    0.16167    0.17397    0.17755    0.19763
   0.20784    0.23389    0.24612    0.24773    0.25274    0.26559    0.27206    0.27274
   0.28012    0.29901    0.30530    0.30749    0.34359    0.35185    0.35918    0.37327
   0.38172    0.38934    0.39865    0.40651    0.42975    0.43094    0.43508    0.43683
   0.45669    0.46225    0.46747    0.47238    0.48141    0.49044    0.49463    0.50422
   0.51830    0.52761    0.52791    0.54091    0.55391    0.55828    0.56951    0.57366
   0.58369    0.58605    0.59672    0.61288    0.61863    0.62074    0.63325    0.64378
   0.64954    0.66485    0.66902    0.66934    0.67320    0.68785    0.68939    0.69632
   0.70343    0.71532    0.71733    0.71880    0.72323    0.72894    0.73133    0.74660
   0.74966    0.75414    0.76214    0.76225    0.77131    0.77135    0.77533    0.78323
   0.78691    0.79330    0.79741    0.80617    0.81092    0.81556    0.81767    0.82200
   0.82316    0.83223    0.83409    0.83933    0.84531    0.85526    0.86770    0.88052
   0.88918    0.89400    0.89431    0.89607
 kpt#  11, nband=180, wtk=  0.08000, kpt=  0.3500  0.2500  0.2500 (reduced coord)
  -4.78625   -4.78623   -3.02275   -3.02207   -3.02153   -3.02118   -3.02117   -3.02088
  -1.73566   -1.73533   -1.73492   -1.73444   -1.73291   -1.73056   -1.72946   -1.72847
  -1.72821   -1.72727   -1.72093   -1.72067   -1.72000   -1.71982   -1.71669   -1.69990
  -1.69740   -1.69697   -1.69665   -1.69617   -1.69468   -1.69323   -1.69214   -1.69156
  -1.69119   -0.71318   -0.71185   -0.71175   -0.71172   -0.71156   -0.71038   -0.71034
  -0.71017   -0.71006   -0.70890   -0.70567   -0.70425   -0.70395   -0.70317   -0.70308
  -0.44091   -0.43042   -0.42988   -0.39858   -0.39421   -0.25082   -0.24111   -0.24088
  -0.24003   -0.23868   -0.23604   -0.23351   -0.23322   -0.23047   -0.22906   -0.20347
  -0.19289   -0.16883   -0.14090   -0.12991   -0.10903   -0.08284   -0.07287   -0.06269
  -0.04599   -0.03716   -0.03500   -0.02845   -0.02273   -0.01927    0.03010    0.03427
   0.06603    0.13809    0.16198    0.16264    0.16991    0.17858    0.19381    0.20074
   0.20926    0.23702    0.24721    0.25267    0.25567    0.27228    0.28094    0.28685
   0.29085    0.30941    0.31492    0.32859    0.33388    0.34319    0.36072    0.37085
   0.38694    0.39959    0.40501    0.41308    0.42233    0.42955    0.43627    0.44973
   0.45725    0.46962    0.47142    0.48153    0.49206    0.49889    0.50239    0.51567
   0.52905    0.53432    0.53674    0.54548    0.55117    0.56826    0.57127    0.57772
   0.58485    0.59479    0.60504    0.61275    0.61961    0.62893    0.63108    0.63558
   0.64235    0.64833    0.65612    0.65969    0.67022    0.67566    0.68531    0.69169
   0.69415    0.70266    0.70891    0.71845    0.72261    0.73178    0.73504    0.74468
   0.75019    0.75599    0.76336    0.77106    0.77751    0.78119    0.78532    0.79114
   0.79471    0.80055    0.80879    0.81437    0.81674    0.82106    0.82485    0.83519
   0.83790    0.84241    0.85338    0.85649    0.86217    0.86681    0.87306    0.87974
   0.88530    0.88640    0.89227    0.89461
 kpt#  12, nband=180, wtk=  0.08000, kpt=  0.4500  0.2500  0.2500 (reduced coord)
  -4.78624   -4.78623   -3.02283   -3.02243   -3.02136   -3.02072   -3.02067   -3.02056
  -1.73530   -1.73512   -1.73417   -1.73358   -1.73288   -1.72953   -1.72842   -1.72805
  -1.72784   -1.72716   -1.72049   -1.71987   -1.71937   -1.71837   -1.71740   -1.69896
  -1.69749   -1.69650   -1.69563   -1.69510   -1.69426   -1.69331   -1.69168   -1.69109
  -1.69056   -0.71293   -0.71176   -0.71168   -0.71158   -0.71136   -0.71046   -0.71023
  -0.71013   -0.71003   -0.70902   -0.70549   -0.70419   -0.70386   -0.70316   -0.70299
  -0.43699   -0.43086   -0.42419   -0.39674   -0.39326   -0.24822   -0.24372   -0.24012
  -0.23935   -0.23707   -0.23446   -0.23299   -0.23242   -0.23156   -0.22937   -0.20852
  -0.19552   -0.17716   -0.14402   -0.14146   -0.09368   -0.07076   -0.06757   -0.06263
  -0.05517   -0.04771   -0.03954   -0.03923   -0.03014   -0.01881    0.00973    0.01466
   0.06401    0.13073    0.16411    0.16867    0.18466    0.19055    0.19373    0.20396
   0.21758    0.23922    0.24719    0.25662    0.25952    0.27377    0.28241    0.29319
   0.29650    0.30466    0.31372    0.32338    0.33409    0.34206    0.36925    0.37314
   0.38941    0.40443    0.41265    0.42535    0.43183    0.44847    0.45251    0.45458
   0.46098    0.47790    0.48539    0.49500    0.50096    0.50675    0.51685    0.52430
   0.53165    0.53258    0.53583    0.54499    0.54869    0.55515    0.56698    0.57160
   0.57983    0.58431    0.59263    0.59484    0.61151    0.61445    0.62394    0.63035
   0.63528    0.64142    0.65439    0.65867    0.67464    0.68358    0.68525    0.69487
   0.69978    0.70566    0.70959    0.71704    0.72434    0.73197    0.73757    0.74572
   0.75828    0.76358    0.76981    0.77463    0.78009    0.78584    0.79208    0.79598
   0.80017    0.80379    0.80617    0.81337    0.81890    0.82131    0.82565    0.83037
   0.83379    0.83762    0.84602    0.85119    0.85602    0.86601    0.87208    0.88116
   0.88710    0.89349    0.89624    0.90203
 kpt#  13, nband=180, wtk=  0.04000, kpt=  0.3500  0.3500  0.2500 (reduced coord)
  -4.78625   -4.78623   -3.02282   -3.02198   -3.02179   -3.02130   -3.02103   -3.02047
  -1.73581   -1.73578   -1.73429   -1.73373   -1.73306   -1.72942   -1.72940   -1.72889
  -1.72836   -1.72786   -1.72116   -1.72077   -1.71987   -1.71851   -1.71717   -1.69880
  -1.69790   -1.69714   -1.69683   -1.69592   -1.69420   -1.69381   -1.69193   -1.69164
  -1.69071   -0.71300   -0.71197   -0.71185   -0.71178   -0.71138   -0.71049   -0.71037
  -0.71021   -0.71010   -0.70882   -0.70577   -0.70396   -0.70395   -0.70324   -0.70323
  -0.43700   -0.42900   -0.42375   -0.39432   -0.39104   -0.25169   -0.24301   -0.24028
  -0.23834   -0.23817   -0.23342   -0.23311   -0.23250   -0.23063   -0.23012   -0.19794
  -0.18347   -0.16417   -0.14084   -0.13105   -0.12686   -0.08880   -0.08806   -0.06368
  -0.06075   -0.05683   -0.04718   -0.04439   -0.03616   -0.03279    0.00209    0.01022
   0.06091    0.13862    0.16702    0.17080    0.18196    0.18650    0.20729    0.21903
   0.23696    0.24185    0.25670    0.25861    0.26425    0.28972    0.29460    0.30101
   0.31126    0.31873    0.33164    0.33324    0.35041    0.35519    0.35638    0.37348
   0.38543    0.38804    0.40538    0.41583    0.41749    0.44413    0.44855    0.45428
   0.45814    0.46408    0.47810    0.49050    0.50241    0.50250    0.52294    0.52301
   0.53167    0.53704    0.53725    0.54260    0.55274    0.56583    0.56856    0.58094
   0.58734    0.60253    0.61112    0.61814    0.62340    0.62937    0.63760    0.64371
   0.65294    0.65384    0.65761    0.66377    0.66642    0.66663    0.68092    0.68111
   0.68352    0.69115    0.70151    0.70164    0.71034    0.71999    0.72445    0.73128
   0.74688    0.74905    0.75739    0.76123    0.76616    0.77827    0.77840    0.78498
   0.79220    0.79351    0.80794    0.81518    0.82149    0.82288    0.82427    0.83828
   0.84691    0.84750    0.85262    0.85859    0.86538    0.87117    0.87519    0.87837
   0.88628    0.88750    0.88777    0.89333
 kpt#  14, nband=180, wtk=  0.08000, kpt=  0.4500  0.3500  0.2500 (reduced coord)
  -4.78624   -4.78624   -3.02263   -3.02206   -3.02164   -3.02129   -3.02098   -3.02095
  -1.73563   -1.73517   -1.73454   -1.73404   -1.73320   -1.73000   -1.72929   -1.72873
  -1.72851   -1.72817   -1.72072   -1.72050   -1.72013   -1.71897   -1.71749   -1.69980
  -1.69792   -1.69708   -1.69686   -1.69645   -1.69436   -1.69355   -1.69201   -1.69138
  -1.69071   -0.71303   -0.71218   -0.71182   -0.71173   -0.71144   -0.71070   -0.71031
  -0.71019   -0.71004   -0.70878   -0.70601   -0.70401   -0.70387   -0.70321   -0.70315
  -0.43416   -0.42852   -0.41936   -0.39216   -0.38867   -0.25057   -0.24729   -0.23951
  -0.23851   -0.23599   -0.23366   -0.23208   -0.23160   -0.23097   -0.23004   -0.19530
  -0.18026   -0.16261   -0.14142   -0.13809   -0.12138   -0.09637   -0.08751   -0.08015
  -0.06908   -0.06179   -0.05559   -0.04772   -0.04165   -0.03600   -0.02578   -0.00143
   0.06239    0.13666    0.16631    0.16744    0.17845    0.18679    0.22759    0.23495
   0.24115    0.24775    0.26066    0.26758    0.28134    0.29106    0.30334    0.30965
   0.31482    0.32419    0.33099    0.33912    0.35435    0.35966    0.36982    0.37678
   0.38844    0.39261    0.40840    0.41379    0.42650    0.43789    0.44553    0.46046
   0.46837    0.48680    0.49417    0.49675    0.51251    0.51576    0.52268    0.52702
   0.53125    0.54063    0.55266    0.55807    0.56106    0.56499    0.56809    0.57349
   0.58234    0.58970    0.59665    0.60497    0.61071    0.61899    0.62296    0.62846
   0.63512    0.65001    0.66068    0.66332    0.66831    0.67577    0.68202    0.68564
   0.69203    0.69540    0.69786    0.70272    0.71340    0.71891    0.72180    0.72641
   0.74083    0.74766    0.75159    0.75540    0.75901    0.76907    0.77830    0.78687
   0.78980    0.79551    0.80267    0.80743    0.81055    0.81528    0.82215    0.82666
   0.83298    0.84027    0.84301    0.84886    0.85413    0.85890    0.86491    0.87340
   0.88006    0.88725    0.88898    0.89585
 kpt#  15, nband=180, wtk=  0.04000, kpt=  0.4500  0.4500  0.2500 (reduced coord)
  -4.78624   -4.78624   -3.02251   -3.02186   -3.02179   -3.02163   -3.02103   -3.02085
  -1.73607   -1.73499   -1.73399   -1.73398   -1.73352   -1.73021   -1.72990   -1.72906
  -1.72819   -1.72814   -1.72147   -1.72070   -1.71989   -1.71868   -1.71841   -1.69898
  -1.69843   -1.69838   -1.69668   -1.69573   -1.69483   -1.69448   -1.69137   -1.69071
  -1.69045   -0.71292   -0.71225   -0.71191   -0.71180   -0.71130   -0.71080   -0.71026
  -0.71021   -0.71013   -0.70881   -0.70617   -0.70391   -0.70388   -0.70329   -0.70316
  -0.43235   -0.42705   -0.41619   -0.38917   -0.38567   -0.25096   -0.24956   -0.23873
  -0.23864   -0.23426   -0.23219   -0.23207   -0.23152   -0.23085   -0.23049   -0.18404
  -0.16529   -0.14642   -0.14069   -0.13988   -0.13693   -0.12023   -0.09838   -0.09168
  -0.07565   -0.06675   -0.06545   -0.05796   -0.05639   -0.04936   -0.03380   -0.00671
   0.06346    0.13904    0.16518    0.16530    0.17323    0.18572    0.22813    0.22931
   0.25423    0.26494    0.26709    0.27051    0.30269    0.30536    0.31941    0.32393
   0.32947    0.33335    0.33947    0.35534    0.36130    0.36873    0.38161    0.39044
   0.39712    0.40273    0.40762    0.40850    0.42188    0.43797    0.44485    0.45375
   0.46936    0.49082    0.49601    0.50084    0.50880    0.51601    0.53323    0.53689
   0.54373    0.54668    0.54687    0.55436    0.55677    0.56098    0.57636    0.58435
   0.59309    0.59500    0.60079    0.60200    0.60645    0.61079    0.63923    0.64126
   0.64283    0.64922    0.64966    0.65893    0.66062    0.66292    0.66699    0.67864
   0.68821    0.69322    0.69717    0.70281    0.70426    0.71160    0.71510    0.71783
   0.72738    0.73322    0.73756    0.74064    0.75413    0.76422    0.76804    0.77303
   0.77507    0.78189    0.78789    0.79309    0.79785    0.80201    0.81048    0.81436
   0.82889    0.83003    0.84310    0.85037    0.85045    0.86007    0.86896    0.87320
   0.88141    0.88712    0.89516    0.89868
