
 **** DERIVATIVE DATABASE ****    
+DDB, Version number    100401

  Note : temporary (transfer) database

    usepaw         0
     natom        10
      nkpt        15
    nsppol         1
      nsym         8
    ntypat         3
    occopt         1
     nband        83
     acell  0.77624316804222D+01  0.77624316804222D+01  0.77624316804222D+01
       amu  0.11871000000000D+03  0.78960000000000D+02  0.65390000000000D+02
   dilatmx  0.10000000000000D+01
      ecut  0.22500000000000D+02
    ecutsm  0.00000000000000D+00
     intxc         0
      iscf         7
       ixc        11
       kpt  0.50000000000000D-01  0.50000000000000D-01  0.25000000000000D+00
            0.15000000000000D+00  0.50000000000000D-01  0.25000000000000D+00
            0.25000000000000D+00  0.50000000000000D-01  0.25000000000000D+00
            0.35000000000000D+00  0.50000000000000D-01  0.25000000000000D+00
            0.45000000000000D+00  0.50000000000000D-01  0.25000000000000D+00
            0.15000000000000D+00  0.15000000000000D+00  0.25000000000000D+00
            0.25000000000000D+00  0.15000000000000D+00  0.25000000000000D+00
            0.35000000000000D+00  0.15000000000000D+00  0.25000000000000D+00
            0.45000000000000D+00  0.15000000000000D+00  0.25000000000000D+00
            0.25000000000000D+00  0.25000000000000D+00  0.25000000000000D+00
            0.35000000000000D+00  0.25000000000000D+00  0.25000000000000D+00
            0.45000000000000D+00  0.25000000000000D+00  0.25000000000000D+00
            0.35000000000000D+00  0.35000000000000D+00  0.25000000000000D+00
            0.45000000000000D+00  0.35000000000000D+00  0.25000000000000D+00
            0.45000000000000D+00  0.45000000000000D+00  0.25000000000000D+00
    kptnrm  0.10000000000000D+01
     ngfft        36   36  180
    nspden         1
   nspinor         1
       occ  0.20000000000000D+01  0.20000000000000D+01  0.20000000000000D+01
            0.20000000000000D+01  0.20000000000000D+01  0.20000000000000D+01
            0.20000000000000D+01  0.20000000000000D+01  0.20000000000000D+01
            0.20000000000000D+01  0.20000000000000D+01  0.20000000000000D+01
            0.20000000000000D+01  0.20000000000000D+01  0.20000000000000D+01
            0.20000000000000D+01  0.20000000000000D+01  0.20000000000000D+01
            0.20000000000000D+01  0.20000000000000D+01  0.20000000000000D+01
            0.20000000000000D+01  0.20000000000000D+01  0.20000000000000D+01
            0.20000000000000D+01  0.20000000000000D+01  0.20000000000000D+01
            0.20000000000000D+01  0.20000000000000D+01  0.20000000000000D+01
            0.20000000000000D+01  0.20000000000000D+01  0.20000000000000D+01
            0.20000000000000D+01  0.20000000000000D+01  0.20000000000000D+01
            0.20000000000000D+01  0.20000000000000D+01  0.20000000000000D+01
            0.20000000000000D+01  0.20000000000000D+01  0.20000000000000D+01
            0.20000000000000D+01  0.20000000000000D+01  0.20000000000000D+01
            0.20000000000000D+01  0.20000000000000D+01  0.20000000000000D+01
            0.20000000000000D+01  0.20000000000000D+01  0.20000000000000D+01
            0.20000000000000D+01  0.20000000000000D+01  0.20000000000000D+01
            0.20000000000000D+01  0.20000000000000D+01  0.20000000000000D+01
            0.20000000000000D+01  0.20000000000000D+01  0.20000000000000D+01
            0.20000000000000D+01  0.20000000000000D+01  0.20000000000000D+01
            0.20000000000000D+01  0.20000000000000D+01  0.20000000000000D+01
            0.20000000000000D+01  0.20000000000000D+01  0.20000000000000D+01
            0.20000000000000D+01  0.20000000000000D+01  0.20000000000000D+01
            0.20000000000000D+01  0.20000000000000D+01  0.20000000000000D+01
            0.20000000000000D+01  0.20000000000000D+01  0.20000000000000D+01
            0.20000000000000D+01  0.20000000000000D+01  0.20000000000000D+01
            0.00000000000000D+00  0.00000000000000D+00
     rprim  0.10000000000000D+01  0.00000000000000D+00  0.00000000000000D+00
            0.00000000000000D+00  0.10000000000000D+01  0.00000000000000D+00
            0.00000000000000D+00  0.00000000000000D+00  0.51025955631640D+01
  dfpt_sciss  0.00000000000000D+00
    spinat  0.00000000000000D+00  0.00000000000000D+00  0.00000000000000D+00
            0.00000000000000D+00  0.00000000000000D+00  0.00000000000000D+00
            0.00000000000000D+00  0.00000000000000D+00  0.00000000000000D+00
            0.00000000000000D+00  0.00000000000000D+00  0.00000000000000D+00
            0.00000000000000D+00  0.00000000000000D+00  0.00000000000000D+00
            0.00000000000000D+00  0.00000000000000D+00  0.00000000000000D+00
            0.00000000000000D+00  0.00000000000000D+00  0.00000000000000D+00
            0.00000000000000D+00  0.00000000000000D+00  0.00000000000000D+00
            0.00000000000000D+00  0.00000000000000D+00  0.00000000000000D+00
            0.00000000000000D+00  0.00000000000000D+00  0.00000000000000D+00
    symafm         1    1    1    1    1    1    1    1
    symrel         1    0    0    0    1    0    0    0    1
                   1    0    0    0   -1    0    0    0    1
                  -1    0    0    0   -1    0    0    0    1
                  -1    0    0    0    1    0    0    0    1
                   0    1    0    1    0    0    0    0    1
                   0    1    0   -1    0    0    0    0    1
                   0   -1    0   -1    0    0    0    0    1
                   0   -1    0    1    0    0    0    0    1
     tnons  0.00000000000000D+00  0.00000000000000D+00  0.00000000000000D+00
            0.00000000000000D+00 -0.11102230246252D-15  0.00000000000000D+00
           -0.11102230246252D-15 -0.11102230246252D-15  0.00000000000000D+00
           -0.11102230246252D-15  0.00000000000000D+00  0.00000000000000D+00
            0.50000000000000D+00  0.50000000000000D+00  0.00000000000000D+00
            0.50000000000000D+00  0.50000000000000D+00  0.00000000000000D+00
            0.50000000000000D+00  0.50000000000000D+00  0.00000000000000D+00
            0.50000000000000D+00  0.50000000000000D+00  0.00000000000000D+00
    tolwfr  0.10000000000000D+01
   tphysel  0.00000000000000D+00
    tsmear  0.10000000000000D-01
     typat         1    1    1    2    2    2    2    2    3    3
       wtk  0.40000000000000D-01  0.80000000000000D-01  0.80000000000000D-01
            0.80000000000000D-01  0.80000000000000D-01  0.40000000000000D-01
            0.80000000000000D-01  0.80000000000000D-01  0.80000000000000D-01
            0.40000000000000D-01  0.80000000000000D-01  0.80000000000000D-01
            0.40000000000000D-01  0.80000000000000D-01  0.40000000000000D-01
      xred  0.50000000000000D+00  0.00000000000000D+00  0.22263700000000D+00
            0.00000000000000D+00  0.50000000000000D+00  0.35382200000000D+00
            0.50000000000000D+00  0.00000000000000D+00  0.48197600000000D+00
            0.00000000000000D+00  0.50000000000000D+00  0.22415300000000D+00
            0.50000000000000D+00  0.00000000000000D+00  0.35230700000000D+00
            0.00000000000000D+00  0.50000000000000D+00  0.48349200000000D+00
            0.50000000000000D+00  0.00000000000000D+00  0.63470900000000D+00
            0.00000000000000D+00  0.50000000000000D+00  0.77736300000000D+00
            0.50000000000000D+00  0.50000000000000D+00  0.70603600000000D+00
            0.00000000000000D+00  0.00000000000000D+00  0.70603600000000D+00
     znucl  0.50000000000000D+02  0.34000000000000D+02  0.30000000000000D+02
      zion  0.14000000000000D+02  0.16000000000000D+02  0.20000000000000D+02
 
 No information on the potentials yet 
 
 **** Database of total energy derivatives ****
 Number of data blocks=    2
  
 Total energy                 - # elements :       1
 -0.12539988685981D+04  0.00000000000000D+00
  
 1st derivatives              - # elements :      36
   1   1  0.00000000000000D+00  0.00000000000000D+00
   2   1  0.00000000000000D+00  0.00000000000000D+00
   3   1  0.56672069212837D+00  0.00000000000000D+00
   1   2  0.00000000000000D+00  0.00000000000000D+00
   2   2  0.00000000000000D+00  0.00000000000000D+00
   3   2  0.99092571297371D-01  0.00000000000000D+00
   1   3  0.00000000000000D+00  0.00000000000000D+00
   2   3  0.00000000000000D+00  0.00000000000000D+00
   3   3 -0.48120399129738D+00  0.00000000000000D+00
   1   4  0.00000000000000D+00  0.00000000000000D+00
   2   4  0.00000000000000D+00  0.00000000000000D+00
   3   4  0.67963857536319D+00  0.00000000000000D+00
   1   5  0.00000000000000D+00  0.00000000000000D+00
   2   5  0.00000000000000D+00  0.00000000000000D+00
   3   5  0.82581580111813D-02  0.00000000000000D+00
   1   6  0.00000000000000D+00  0.00000000000000D+00
   2   6  0.00000000000000D+00  0.00000000000000D+00
   3   6 -0.80566713783158D+00  0.00000000000000D+00
   1   7  0.00000000000000D+00  0.00000000000000D+00
   2   7  0.00000000000000D+00  0.00000000000000D+00
   3   7 -0.43715092598242D+00  0.00000000000000D+00
   1   8  0.00000000000000D+00  0.00000000000000D+00
   2   8  0.00000000000000D+00  0.00000000000000D+00
   3   8  0.36285868560415D+00  0.00000000000000D+00
   1   9  0.00000000000000D+00  0.00000000000000D+00
   2   9  0.00000000000000D+00  0.00000000000000D+00
   3   9  0.86676676696328D-01  0.00000000000000D+00
   1  10  0.00000000000000D+00  0.00000000000000D+00
   2  10  0.00000000000000D+00  0.00000000000000D+00
   3  10  0.86676676696328D-01  0.00000000000000D+00
   1  13  0.14503418879891D-01  0.00000000000000D+00
   2  13  0.14503418879891D-01  0.00000000000000D+00
   3  13  0.14439048906911D-01  0.00000000000000D+00
   1  14  0.00000000000000D+00  0.00000000000000D+00
   2  14  0.00000000000000D+00  0.00000000000000D+00
   3  14  0.00000000000000D+00  0.00000000000000D+00
