 Eigenvalues (hartree) for nkpt=  57  k points:
 kpt#   1, nband= 74, wtk=  1.00000, kpt=  0.5000  0.5000  0.0000 (reduced coord)
  -4.80725   -4.80725   -3.04266   -3.04265   -3.04240   -3.04239   -3.04103   -3.04103
  -1.75395   -1.75339   -1.75310   -1.75310   -1.75306   -1.75026   -1.74810   -1.74684
  -1.74512   -1.74512   -1.72291   -1.72269   -1.72269   -1.72245   -1.72186   -1.72150
  -1.71986   -1.71968   -1.71446   -1.71446   -0.73411   -0.73291   -0.73196   -0.73196
  -0.73183   -0.73099   -0.72950   -0.72906   -0.72894   -0.72894   -0.45133   -0.44739
  -0.41369   -0.41292   -0.27143   -0.27143   -0.25894   -0.25894   -0.25264   -0.25264
  -0.25095   -0.25087   -0.25083   -0.25073   -0.17386   -0.17278   -0.16104   -0.16104
  -0.14669   -0.14669   -0.09597   -0.09597   -0.09071   -0.08193   -0.08145   -0.08145
  -0.01987   -0.01211    0.14045    0.14487    0.14487    0.14678    0.18447    0.19010
   0.22386    0.22386
 kpt#   2, nband= 74, wtk=  1.00000, kpt=  0.4500  0.4500  0.0500 (reduced coord)
  -4.80726   -4.80726   -3.04346   -3.04292   -3.04279   -3.04239   -3.04217   -3.04185
  -1.75551   -1.75473   -1.75376   -1.75358   -1.75256   -1.75110   -1.75039   -1.75001
  -1.74899   -1.74723   -1.72619   -1.72515   -1.72509   -1.72365   -1.72284   -1.72216
  -1.72018   -1.71967   -1.71924   -1.71691   -0.73407   -0.73301   -0.73257   -0.73229
  -0.73199   -0.73115   -0.72981   -0.72957   -0.72932   -0.72918   -0.45187   -0.44786
  -0.41499   -0.41329   -0.27203   -0.27045   -0.25983   -0.25940   -0.25491   -0.25301
  -0.25297   -0.25263   -0.25173   -0.25163   -0.18156   -0.17909   -0.16121   -0.15993
  -0.14535   -0.13351   -0.09537   -0.09468   -0.08746   -0.08221   -0.08005   -0.07147
  -0.02059   -0.01168    0.13762    0.14521    0.14674    0.14980    0.18170    0.18826
   0.22491    0.23042
 kpt#   3, nband= 74, wtk=  1.00000, kpt=  0.4000  0.4000  0.1000 (reduced coord)
  -4.80727   -4.80725   -3.04383   -3.04311   -3.04287   -3.04266   -3.04255   -3.04190
  -1.75581   -1.75578   -1.75486   -1.75400   -1.75354   -1.75131   -1.75085   -1.75042
  -1.74893   -1.74883   -1.72678   -1.72643   -1.72550   -1.72369   -1.72331   -1.72238
  -1.72125   -1.72043   -1.71977   -1.71816   -0.73404   -0.73316   -0.73265   -0.73251
  -0.73211   -0.73109   -0.72994   -0.72964   -0.72951   -0.72931   -0.45363   -0.44877
  -0.41941   -0.41364   -0.27273   -0.26792   -0.26080   -0.25964   -0.25758   -0.25365
  -0.25338   -0.25290   -0.25238   -0.25204   -0.19164   -0.18995   -0.16183   -0.15691
  -0.14136   -0.11037   -0.10043   -0.09087   -0.07837   -0.07581   -0.06645   -0.05621
  -0.02407   -0.00734    0.13485    0.14614    0.15074    0.15441    0.17460    0.18787
   0.22856    0.23580
 kpt#   4, nband= 74, wtk=  1.00000, kpt=  0.3500  0.3500  0.1500 (reduced coord)
  -4.80726   -4.80725   -3.04363   -3.04301   -3.04270   -3.04215   -3.04210   -3.04148
  -1.75514   -1.75505   -1.75423   -1.75294   -1.75292   -1.75042   -1.74959   -1.74879
  -1.74818   -1.74795   -1.72637   -1.72542   -1.72531   -1.72243   -1.72189   -1.72065
  -1.72031   -1.71979   -1.71800   -1.71761   -0.73382   -0.73308   -0.73239   -0.73236
  -0.73198   -0.73086   -0.72989   -0.72941   -0.72938   -0.72916   -0.45684   -0.44961
  -0.42603   -0.41420   -0.27274   -0.26390   -0.26129   -0.25940   -0.25903   -0.25455
  -0.25415   -0.25295   -0.25128   -0.25051   -0.20160   -0.19482   -0.16178   -0.15162
  -0.13487   -0.10911   -0.08472   -0.08209   -0.06890   -0.06624   -0.05409   -0.03421
  -0.02555    0.00413    0.13118    0.14701    0.15128    0.16055    0.17294    0.18920
   0.20121    0.22796
 kpt#   5, nband= 74, wtk=  1.00000, kpt=  0.3000  0.3000  0.2000 (reduced coord)
  -4.80726   -4.80725   -3.04338   -3.04290   -3.04225   -3.04222   -3.04185   -3.04184
  -1.75545   -1.75424   -1.75419   -1.75261   -1.75145   -1.75054   -1.74935   -1.74851
  -1.74824   -1.74722   -1.72632   -1.72500   -1.72450   -1.72262   -1.72197   -1.72107
  -1.71916   -1.71855   -1.71846   -1.71723   -0.73371   -0.73314   -0.73228   -0.73227
  -0.73190   -0.73079   -0.72999   -0.72928   -0.72923   -0.72910   -0.46112   -0.45041
  -0.43377   -0.41509   -0.27233   -0.26173   -0.26163   -0.26071   -0.25931   -0.25650
  -0.25376   -0.25299   -0.25093   -0.25005   -0.20802   -0.19411   -0.16072   -0.14432
  -0.12617   -0.11080   -0.07660   -0.07371   -0.05989   -0.05007   -0.04308   -0.01971
  -0.01190    0.02731    0.12052    0.14628    0.15244    0.15969    0.16836    0.18162
   0.19051    0.19425
 kpt#   6, nband= 74, wtk=  1.00000, kpt=  0.2500  0.2500  0.2500 (reduced coord)
  -4.80726   -4.80725   -3.04295   -3.04292   -3.04236   -3.04209   -3.04200   -3.04149
  -1.75458   -1.75420   -1.75303   -1.75237   -1.75130   -1.75037   -1.74890   -1.74858
  -1.74845   -1.74686   -1.72539   -1.72515   -1.72420   -1.72107   -1.72083   -1.72072
  -1.71987   -1.71921   -1.71859   -1.71620   -0.73347   -0.73306   -0.73224   -0.73218
  -0.73204   -0.73053   -0.72997   -0.72934   -0.72916   -0.72908   -0.46585   -0.45136
  -0.44155   -0.41632   -0.27167   -0.26247   -0.26179   -0.26160   -0.25895   -0.25774
  -0.25369   -0.25284   -0.25070   -0.24960   -0.20956   -0.18875   -0.15884   -0.13437
  -0.11571   -0.10939   -0.07509   -0.06701   -0.04942   -0.04262   -0.03536   -0.00318
   0.01224    0.05038    0.11006    0.13718    0.14148    0.14573    0.15232    0.17873
   0.19254    0.20302
 kpt#   7, nband= 74, wtk=  1.00000, kpt=  0.2000  0.2000  0.3000 (reduced coord)
  -4.80726   -4.80724   -3.04292   -3.04252   -3.04226   -3.04220   -3.04169   -3.04061
  -1.75524   -1.75463   -1.75298   -1.75068   -1.75049   -1.74942   -1.74783   -1.74756
  -1.74654   -1.74488   -1.72560   -1.72498   -1.72405   -1.72118   -1.71998   -1.71981
  -1.71839   -1.71810   -1.71662   -1.71524   -0.73361   -0.73236   -0.73217   -0.73214
  -0.73209   -0.73052   -0.72944   -0.72933   -0.72912   -0.72911   -0.47050   -0.45306
  -0.44798   -0.41777   -0.27093   -0.26375   -0.26279   -0.26176   -0.26109   -0.25533
  -0.25269   -0.25115   -0.25107   -0.24928   -0.20612   -0.17966   -0.15655   -0.12205
  -0.10514   -0.10415   -0.07957   -0.05665   -0.03795   -0.03511   -0.03094   -0.00061
   0.03833    0.04475    0.11371    0.12394    0.12948    0.13934    0.14348    0.18631
   0.19042    0.20259
 kpt#   8, nband= 74, wtk=  1.00000, kpt=  0.1500  0.1500  0.3500 (reduced coord)
  -4.80726   -4.80725   -3.04394   -3.04257   -3.04245   -3.04245   -3.04226   -3.04215
  -1.75694   -1.75646   -1.75513   -1.75499   -1.75253   -1.75107   -1.74965   -1.74789
  -1.74765   -1.74690   -1.72701   -1.72661   -1.72494   -1.72389   -1.72308   -1.72240
  -1.72188   -1.71807   -1.71735   -1.71675   -0.73391   -0.73288   -0.73265   -0.73229
  -0.73227   -0.73069   -0.73007   -0.72978   -0.72917   -0.72917   -0.47461   -0.45701
  -0.45097   -0.41925   -0.27071   -0.26555   -0.26522   -0.26505   -0.26419   -0.25516
  -0.25310   -0.25281   -0.25164   -0.24790   -0.19826   -0.16849   -0.15369   -0.10815
  -0.09950   -0.09253   -0.08273   -0.04653   -0.03153   -0.02700   -0.02681   -0.01110
   0.03105    0.03498    0.10529    0.11010    0.13079    0.14028    0.16112    0.18004
   0.19398    0.21309
 kpt#   9, nband= 74, wtk=  1.00000, kpt=  0.1000  0.1000  0.4000 (reduced coord)
  -4.80726   -4.80725   -3.04420   -3.04417   -3.04230   -3.04225   -3.04186   -3.04160
  -1.75729   -1.75557   -1.75525   -1.75415   -1.75388   -1.75139   -1.75108   -1.74853
  -1.74791   -1.74683   -1.72682   -1.72560   -1.72557   -1.72369   -1.72344   -1.72282
  -1.72204   -1.72046   -1.71842   -1.71609   -0.73400   -0.73306   -0.73276   -0.73234
  -0.73208   -0.73072   -0.73025   -0.72997   -0.72930   -0.72900   -0.47781   -0.46119
  -0.45201   -0.42052   -0.26968   -0.26742   -0.26737   -0.26600   -0.26554   -0.25456
  -0.25402   -0.25332   -0.24939   -0.24707   -0.18738   -0.15948   -0.14802   -0.09428
  -0.09396   -0.08216   -0.08173   -0.04510   -0.03781   -0.02192   -0.01794   -0.01709
   0.00611    0.03248    0.08818    0.09473    0.12468    0.14074    0.17749    0.19481
   0.20420    0.22141
 kpt#  10, nband= 74, wtk=  1.00000, kpt=  0.0500  0.0500  0.4500 (reduced coord)
  -4.80726   -4.80725   -3.04396   -3.04388   -3.04197   -3.04181   -3.04169   -3.04147
  -1.75616   -1.75515   -1.75407   -1.75346   -1.75323   -1.75100   -1.75035   -1.74901
  -1.74613   -1.74508   -1.72600   -1.72480   -1.72460   -1.72427   -1.72309   -1.72262
  -1.72082   -1.71996   -1.71671   -1.71423   -0.73396   -0.73303   -0.73277   -0.73204
  -0.73185   -0.73066   -0.73017   -0.72998   -0.72903   -0.72876   -0.47984   -0.46393
  -0.45248   -0.42137   -0.26958   -0.26757   -0.26680   -0.26629   -0.26600   -0.25499
  -0.25369   -0.25319   -0.24801   -0.24528   -0.17668   -0.15593   -0.13981   -0.08899
  -0.08237   -0.07836   -0.07465   -0.06412   -0.03183   -0.02486   -0.01804   -0.01037
  -0.01002    0.03232    0.07058    0.08558    0.11844    0.13137    0.19256    0.19344
   0.21372    0.21503
 kpt#  11, nband= 74, wtk=  1.00000, kpt=  0.0000  0.0000  0.5000 (reduced coord)
  -4.80726   -4.80726   -3.04517   -3.04517   -3.04239   -3.04239   -3.04228   -3.04120
  -1.76128   -1.75780   -1.75610   -1.75474   -1.75370   -1.75370   -1.75147   -1.74961
  -1.74754   -1.74754   -1.73119   -1.72814   -1.72535   -1.72535   -1.72467   -1.72450
  -1.72334   -1.72166   -1.71602   -1.71602   -0.73411   -0.73402   -0.73306   -0.73206
  -0.73206   -0.73092   -0.73089   -0.73023   -0.72900   -0.72900   -0.48053   -0.46487
  -0.45268   -0.42167   -0.27020   -0.27015   -0.26794   -0.26794   -0.26734   -0.25404
  -0.25368   -0.25368   -0.25045   -0.24620   -0.17190   -0.15493   -0.13621   -0.08493
  -0.07790   -0.07790   -0.07177   -0.07177   -0.02969   -0.02969   -0.02484   -0.00775
  -0.00775    0.03206    0.06345    0.08188    0.11495    0.12964    0.18805    0.19347
   0.20987    0.22687
 kpt#  12, nband= 74, wtk=  1.00000, kpt=  0.0000  0.0000  0.4583 (reduced coord)
  -4.80726   -4.80726   -3.04521   -3.04521   -3.04229   -3.04229   -3.04221   -3.04103
  -1.76104   -1.75727   -1.75635   -1.75442   -1.75383   -1.75383   -1.75191   -1.74998
  -1.74676   -1.74676   -1.73099   -1.72809   -1.72495   -1.72492   -1.72492   -1.72420
  -1.72325   -1.72228   -1.71529   -1.71529   -0.73416   -0.73399   -0.73310   -0.73201
  -0.73201   -0.73087   -0.73084   -0.73030   -0.72891   -0.72891   -0.48053   -0.46487
  -0.45268   -0.42167   -0.27015   -0.27014   -0.26785   -0.26785   -0.26730   -0.25410
  -0.25334   -0.25334   -0.25025   -0.24657   -0.17191   -0.15493   -0.13621   -0.08493
  -0.07788   -0.07788   -0.07176   -0.07176   -0.02969   -0.02969   -0.02484   -0.00773
  -0.00773    0.03206    0.06346    0.08189    0.11497    0.12964    0.18806    0.19355
   0.20993    0.22679
 kpt#  13, nband= 74, wtk=  1.00000, kpt=  0.0000  0.0000  0.4167 (reduced coord)
  -4.80726   -4.80725   -3.04451   -3.04451   -3.04230   -3.04230   -3.04214   -3.04139
  -1.76061   -1.75714   -1.75498   -1.75342   -1.75342   -1.75197   -1.75156   -1.75065
  -1.74677   -1.74677   -1.72989   -1.72723   -1.72531   -1.72476   -1.72476   -1.72310
  -1.72208   -1.72081   -1.71493   -1.71493   -0.73426   -0.73379   -0.73294   -0.73198
  -0.73198   -0.73081   -0.73056   -0.73011   -0.72887   -0.72887   -0.48053   -0.46487
  -0.45265   -0.42167   -0.27015   -0.26877   -0.26796   -0.26759   -0.26759   -0.25338
  -0.25338   -0.25337   -0.25024   -0.24537   -0.17190   -0.15502   -0.13623   -0.08492
  -0.07785   -0.07785   -0.07176   -0.07176   -0.02969   -0.02969   -0.02469   -0.00770
  -0.00770    0.03208    0.06350    0.08189    0.11497    0.12965    0.18815    0.19380
   0.21010    0.22695
 kpt#  14, nband= 74, wtk=  1.00000, kpt=  0.0000  0.0000  0.3750 (reduced coord)
  -4.80726   -4.80725   -3.04449   -3.04449   -3.04202   -3.04202   -3.04155   -3.04146
  -1.75979   -1.75624   -1.75471   -1.75365   -1.75365   -1.75180   -1.75087   -1.74882
  -1.74606   -1.74606   -1.72969   -1.72685   -1.72559   -1.72456   -1.72456   -1.72149
  -1.72067   -1.72007   -1.71444   -1.71444   -0.73416   -0.73373   -0.73286   -0.73193
  -0.73193   -0.73051   -0.73048   -0.73003   -0.72882   -0.72882   -0.48053   -0.46487
  -0.45265   -0.42167   -0.26964   -0.26881   -0.26815   -0.26742   -0.26742   -0.25325
  -0.25325   -0.25171   -0.24974   -0.24538   -0.17190   -0.15504   -0.13624   -0.08492
  -0.07784   -0.07784   -0.07176   -0.07176   -0.02969   -0.02969   -0.02469   -0.00767
  -0.00767    0.03209    0.06357    0.08192    0.11497    0.12959    0.18815    0.19419
   0.21019    0.22691
 kpt#  15, nband= 74, wtk=  1.00000, kpt=  0.0000  0.0000  0.3333 (reduced coord)
  -4.80726   -4.80725   -3.04482   -3.04482   -3.04185   -3.04185   -3.04155   -3.04152
  -1.75862   -1.75627   -1.75528   -1.75362   -1.75362   -1.75255   -1.75170   -1.74893
  -1.74648   -1.74648   -1.72858   -1.72811   -1.72541   -1.72462   -1.72462   -1.72151
  -1.72103   -1.72095   -1.71470   -1.71470   -0.73417   -0.73358   -0.73308   -0.73196
  -0.73196   -0.73053   -0.73044   -0.73019   -0.72885   -0.72885   -0.48053   -0.46487
  -0.45265   -0.42167   -0.26964   -0.26882   -0.26803   -0.26769   -0.26769   -0.25314
  -0.25314   -0.25198   -0.24907   -0.24668   -0.17190   -0.15503   -0.13624   -0.08492
  -0.07786   -0.07786   -0.07176   -0.07176   -0.02969   -0.02969   -0.02470   -0.00771
  -0.00771    0.03209    0.06359    0.08196    0.11493    0.12951    0.18815    0.19471
   0.21018    0.22699
 kpt#  16, nband= 74, wtk=  1.00000, kpt=  0.0000  0.0000  0.2917 (reduced coord)
  -4.80726   -4.80725   -3.04461   -3.04461   -3.04199   -3.04188   -3.04188   -3.04180
  -1.75645   -1.75586   -1.75586   -1.75578   -1.75554   -1.75214   -1.75207   -1.75051
  -1.74599   -1.74599   -1.72776   -1.72661   -1.72566   -1.72553   -1.72553   -1.72175
  -1.72127   -1.72120   -1.71497   -1.71497   -0.73430   -0.73334   -0.73305   -0.73208
  -0.73208   -0.73056   -0.73036   -0.73020   -0.72896   -0.72896   -0.48053   -0.46487
  -0.45264   -0.42167   -0.26979   -0.26828   -0.26767   -0.26767   -0.26762   -0.25390
  -0.25390   -0.25302   -0.24855   -0.24647   -0.17191   -0.15498   -0.13622   -0.08491
  -0.07788   -0.07788   -0.07177   -0.07177   -0.02969   -0.02969   -0.02466   -0.00771
  -0.00771    0.03211    0.06361    0.08201    0.11488    0.12942    0.18817    0.19534
   0.21008    0.22690
 kpt#  17, nband= 74, wtk=  1.00000, kpt=  0.0000  0.0000  0.2500 (reduced coord)
  -4.80726   -4.80725   -3.04437   -3.04437   -3.04217   -3.04207   -3.04207   -3.04138
  -1.75653   -1.75550   -1.75550   -1.75532   -1.75513   -1.75218   -1.75172   -1.74963
  -1.74608   -1.74608   -1.72738   -1.72643   -1.72581   -1.72540   -1.72540   -1.72148
  -1.72119   -1.72000   -1.71547   -1.71547   -0.73425   -0.73332   -0.73301   -0.73207
  -0.73207   -0.73035   -0.73034   -0.73018   -0.72900   -0.72900   -0.48053   -0.46487
  -0.45264   -0.42167   -0.27004   -0.26817   -0.26762   -0.26703   -0.26703   -0.25468
  -0.25468   -0.25205   -0.24865   -0.24603   -0.17191   -0.15499   -0.13623   -0.08491
  -0.07787   -0.07787   -0.07177   -0.07177   -0.02969   -0.02969   -0.02465   -0.00763
  -0.00763    0.03211    0.06364    0.08205    0.11483    0.12933    0.18822    0.19604
   0.21019    0.22703
 kpt#  18, nband= 74, wtk=  1.00000, kpt=  0.0000  0.0000  0.2083 (reduced coord)
  -4.80726   -4.80725   -3.04437   -3.04437   -3.04228   -3.04228   -3.04172   -3.04139
  -1.75656   -1.75611   -1.75596   -1.75596   -1.75431   -1.75244   -1.75195   -1.74898
  -1.74586   -1.74586   -1.72855   -1.72664   -1.72604   -1.72604   -1.72507   -1.72167
  -1.72123   -1.71867   -1.71505   -1.71505   -0.73412   -0.73334   -0.73311   -0.73209
  -0.73209   -0.73036   -0.73028   -0.73020   -0.72900   -0.72900   -0.48053   -0.46487
  -0.45264   -0.42167   -0.27062   -0.26800   -0.26704   -0.26704   -0.26683   -0.25485
  -0.25485   -0.25208   -0.24880   -0.24605   -0.17190   -0.15488   -0.13620   -0.08490
  -0.07785   -0.07785   -0.07177   -0.07177   -0.02969   -0.02969   -0.02465   -0.00763
  -0.00763    0.03213    0.06364    0.08211    0.11480    0.12923    0.18822    0.19677
   0.21017    0.22679
 kpt#  19, nband= 74, wtk=  1.00000, kpt=  0.0000  0.0000  0.1667 (reduced coord)
  -4.80726   -4.80725   -3.04425   -3.04425   -3.04234   -3.04234   -3.04234   -3.04130
  -1.75613   -1.75602   -1.75557   -1.75557   -1.75548   -1.75248   -1.75174   -1.75063
  -1.74649   -1.74649   -1.72856   -1.72602   -1.72551   -1.72551   -1.72538   -1.72170
  -1.72126   -1.72023   -1.71556   -1.71556   -0.73421   -0.73327   -0.73311   -0.73208
  -0.73208   -0.73046   -0.73033   -0.73028   -0.72903   -0.72903   -0.48053   -0.46487
  -0.45263   -0.42167   -0.27063   -0.26810   -0.26745   -0.26679   -0.26679   -0.25522
  -0.25522   -0.25210   -0.24882   -0.24606   -0.17192   -0.15499   -0.13622   -0.08490
  -0.07786   -0.07786   -0.07177   -0.07177   -0.02969   -0.02969   -0.02462   -0.00759
  -0.00759    0.03213    0.06364    0.08214    0.11466    0.12911    0.18829    0.19748
   0.21017    0.22679
 kpt#  20, nband= 74, wtk=  1.00000, kpt=  0.0000  0.0000  0.1250 (reduced coord)
  -4.80727   -4.80725   -3.04444   -3.04444   -3.04333   -3.04259   -3.04259   -3.04163
  -1.75730   -1.75730   -1.75679   -1.75632   -1.75630   -1.75262   -1.75218   -1.75184
  -1.74840   -1.74840   -1.72876   -1.72739   -1.72739   -1.72657   -1.72638   -1.72205
  -1.72182   -1.72113   -1.71775   -1.71775   -0.73442   -0.73337   -0.73314   -0.73241
  -0.73241   -0.73056   -0.73042   -0.73030   -0.72932   -0.72932   -0.48053   -0.46487
  -0.45265   -0.42168   -0.27073   -0.26887   -0.26786   -0.26739   -0.26739   -0.25658
  -0.25658   -0.25218   -0.24907   -0.24612   -0.17192   -0.15510   -0.13624   -0.08490
  -0.07790   -0.07790   -0.07178   -0.07178   -0.02969   -0.02969   -0.02468   -0.00769
  -0.00769    0.03212    0.06361    0.08216    0.11458    0.12898    0.18826    0.19812
   0.21011    0.22565
 kpt#  21, nband= 74, wtk=  1.00000, kpt=  0.0000  0.0000  0.0833 (reduced coord)
  -4.80727   -4.80726   -3.04470   -3.04470   -3.04268   -3.04263   -3.04237   -3.04237
  -1.75753   -1.75753   -1.75672   -1.75656   -1.75625   -1.75262   -1.75226   -1.75196
  -1.74905   -1.74905   -1.72866   -1.72764   -1.72764   -1.72625   -1.72613   -1.72218
  -1.72188   -1.72165   -1.71849   -1.71849   -0.73443   -0.73334   -0.73314   -0.73247
  -0.73247   -0.73064   -0.73041   -0.73031   -0.72940   -0.72940   -0.48053   -0.46487
  -0.45264   -0.42168   -0.27056   -0.26862   -0.26862   -0.26836   -0.26779   -0.25583
  -0.25583   -0.25331   -0.24874   -0.24629   -0.17192   -0.15501   -0.13623   -0.08490
  -0.07788   -0.07788   -0.07178   -0.07178   -0.02969   -0.02969   -0.02468   -0.00783
  -0.00783    0.03213    0.06358    0.08219    0.11454    0.12893    0.18823    0.19863
   0.20993    0.22508
 kpt#  22, nband= 74, wtk=  1.00000, kpt=  0.0000  0.0000  0.0417 (reduced coord)
  -4.80727   -4.80726   -3.04470   -3.04470   -3.04268   -3.04264   -3.04237   -3.04237
  -1.75755   -1.75755   -1.75672   -1.75658   -1.75626   -1.75262   -1.75228   -1.75197
  -1.74906   -1.74906   -1.72867   -1.72766   -1.72766   -1.72627   -1.72614   -1.72219
  -1.72188   -1.72167   -1.71850   -1.71850   -0.73443   -0.73334   -0.73314   -0.73248
  -0.73248   -0.73064   -0.73041   -0.73031   -0.72940   -0.72940   -0.48053   -0.46487
  -0.45265   -0.42168   -0.27056   -0.26862   -0.26862   -0.26836   -0.26779   -0.25583
  -0.25583   -0.25332   -0.24875   -0.24629   -0.17192   -0.15502   -0.13623   -0.08490
  -0.07788   -0.07788   -0.07178   -0.07178   -0.02969   -0.02969   -0.02468   -0.00783
  -0.00783    0.03213    0.06358    0.08220    0.11452    0.12890    0.18823    0.19897
   0.20992    0.22473
 kpt#  23, nband= 74, wtk=  1.00000, kpt=  0.0000  0.0000  0.0000 (reduced coord)
  -4.80727   -4.80726   -3.04470   -3.04470   -3.04279   -3.04264   -3.04246   -3.04246
  -1.75767   -1.75767   -1.75673   -1.75655   -1.75635   -1.75286   -1.75202   -1.75197
  -1.74967   -1.74967   -1.72867   -1.72767   -1.72767   -1.72614   -1.72586   -1.72219
  -1.72217   -1.72181   -1.71917   -1.71917   -0.73438   -0.73334   -0.73316   -0.73252
  -0.73252   -0.73065   -0.73041   -0.73033   -0.72947   -0.72947   -0.48053   -0.46487
  -0.45265   -0.42168   -0.27071   -0.26863   -0.26863   -0.26831   -0.26769   -0.25621
  -0.25621   -0.25333   -0.24875   -0.24629   -0.17192   -0.15500   -0.13623   -0.08490
  -0.07789   -0.07789   -0.07179   -0.07179   -0.02969   -0.02969   -0.02468   -0.00783
  -0.00783    0.03213    0.06358    0.08221    0.11450    0.12888    0.18823    0.19908
   0.20992    0.22587
 kpt#  24, nband= 74, wtk=  1.00000, kpt=  0.0278  0.0278  0.0278 (reduced coord)
  -4.80727   -4.80725   -3.04470   -3.04421   -3.04293   -3.04265   -3.04215   -3.04210
  -1.75885   -1.75739   -1.75606   -1.75558   -1.75546   -1.75301   -1.75240   -1.75080
  -1.74906   -1.74753   -1.72862   -1.72774   -1.72690   -1.72670   -1.72503   -1.72251
  -1.72165   -1.72130   -1.71836   -1.71675   -0.73433   -0.73339   -0.73295   -0.73256
  -0.73233   -0.73061   -0.73046   -0.73015   -0.72947   -0.72922   -0.48031   -0.46458
  -0.45260   -0.42158   -0.27021   -0.26838   -0.26818   -0.26758   -0.26745   -0.25669
  -0.25577   -0.25295   -0.24911   -0.24571   -0.17348   -0.15535   -0.13738   -0.08649
  -0.07934   -0.07777   -0.07271   -0.06948   -0.03036   -0.02708   -0.02350   -0.00874
  -0.00845    0.03221    0.06582    0.08339    0.11558    0.12936    0.18956    0.19923
   0.21108    0.21906
 kpt#  25, nband= 74, wtk=  1.00000, kpt=  0.0556  0.0556  0.0556 (reduced coord)
  -4.80726   -4.80726   -3.04467   -3.04467   -3.04225   -3.04194   -3.04191   -3.04124
  -1.75738   -1.75548   -1.75517   -1.75475   -1.75408   -1.75157   -1.75142   -1.75079
  -1.74772   -1.74742   -1.72762   -1.72751   -1.72611   -1.72565   -1.72456   -1.72098
  -1.72048   -1.72003   -1.71640   -1.71535   -0.73412   -0.73313   -0.73301   -0.73236
  -0.73215   -0.73042   -0.73018   -0.73015   -0.72922   -0.72902   -0.47968   -0.46371
  -0.45246   -0.42130   -0.26969   -0.26830   -0.26775   -0.26767   -0.26668   -0.25553
  -0.25365   -0.25246   -0.24753   -0.24686   -0.17772   -0.15620   -0.14061   -0.08963
  -0.08345   -0.07865   -0.07530   -0.06237   -0.03232   -0.02463   -0.01616   -0.01097
  -0.01077    0.03235    0.07212    0.08673    0.11840    0.13136    0.19341    0.19939
   0.20952    0.21449
 kpt#  26, nband= 74, wtk=  1.00000, kpt=  0.0833  0.0833  0.0833 (reduced coord)
  -4.80726   -4.80725   -3.04486   -3.04395   -3.04224   -3.04198   -3.04181   -3.04175
  -1.75720   -1.75644   -1.75571   -1.75473   -1.75433   -1.75142   -1.75101   -1.74849
  -1.74826   -1.74658   -1.72724   -1.72661   -1.72569   -1.72440   -1.72346   -1.72213
  -1.72175   -1.72024   -1.71738   -1.71622   -0.73396   -0.73308   -0.73296   -0.73239
  -0.73214   -0.73040   -0.73021   -0.73017   -0.72929   -0.72905   -0.47863   -0.46229
  -0.45221   -0.42086   -0.27019   -0.26784   -0.26740   -0.26648   -0.26609   -0.25525
  -0.25419   -0.25211   -0.24870   -0.24713   -0.18357   -0.15785   -0.14520   -0.09267
  -0.08959   -0.08062   -0.07926   -0.05193   -0.03545   -0.02304   -0.01572   -0.01425
  -0.00251    0.03244    0.08155    0.09166    0.12179    0.13616    0.19018    0.19965
   0.20123    0.21425
 kpt#  27, nband= 74, wtk=  1.00000, kpt=  0.1111  0.1111  0.1111 (reduced coord)
  -4.80726   -4.80725   -3.04439   -3.04364   -3.04232   -3.04214   -3.04190   -3.04146
  -1.75681   -1.75603   -1.75569   -1.75488   -1.75407   -1.75101   -1.75002   -1.74754
  -1.74716   -1.74696   -1.72624   -1.72612   -1.72481   -1.72401   -1.72263   -1.72233
  -1.72180   -1.71972   -1.71734   -1.71651   -0.73380   -0.73303   -0.73291   -0.73221
  -0.73212   -0.73040   -0.73024   -0.73007   -0.72914   -0.72909   -0.47720   -0.46036
  -0.45183   -0.42026   -0.27029   -0.26665   -0.26623   -0.26564   -0.26495   -0.25497
  -0.25395   -0.25178   -0.25035   -0.24804   -0.18993   -0.16095   -0.14966   -0.09703
  -0.09537   -0.08428   -0.08235   -0.04078   -0.03956   -0.02147   -0.01896   -0.01887
   0.01206    0.03259    0.09300    0.09741    0.12513    0.14459    0.16870    0.20048
   0.20759    0.21024
 kpt#  28, nband= 74, wtk=  1.00000, kpt=  0.1389  0.1389  0.1389 (reduced coord)
  -4.80726   -4.80725   -3.04381   -3.04277   -3.04216   -3.04173   -3.04148   -3.04145
  -1.75535   -1.75477   -1.75430   -1.75296   -1.75190   -1.74957   -1.74861   -1.74711
  -1.74659   -1.74584   -1.72529   -1.72503   -1.72323   -1.72302   -1.72098   -1.72070
  -1.72031   -1.71776   -1.71721   -1.71617   -0.73361   -0.73274   -0.73260   -0.73212
  -0.73198   -0.73025   -0.72996   -0.72972   -0.72906   -0.72895   -0.47541   -0.45801
  -0.45126   -0.41955   -0.27010   -0.26543   -0.26491   -0.26489   -0.26329   -0.25457
  -0.25241   -0.25131   -0.25074   -0.24786   -0.19601   -0.16604   -0.15269   -0.10495
  -0.09820   -0.09006   -0.08290   -0.04442   -0.03298   -0.02506   -0.02433   -0.01427
   0.02640    0.03366    0.10326    0.10527    0.12887    0.14736    0.15625    0.18980
   0.19869    0.20853
 kpt#  29, nband= 74, wtk=  1.00000, kpt=  0.1667  0.1667  0.1667 (reduced coord)
  -4.80726   -4.80724   -3.04374   -3.04263   -3.04241   -3.04186   -3.04182   -3.04144
  -1.75626   -1.75539   -1.75479   -1.75386   -1.75083   -1.75012   -1.74903   -1.74700
  -1.74676   -1.74559   -1.72589   -1.72587   -1.72399   -1.72310   -1.72136   -1.72091
  -1.72005   -1.71803   -1.71683   -1.71603   -0.73359   -0.73271   -0.73246   -0.73222
  -0.73215   -0.73041   -0.72992   -0.72950   -0.72918   -0.72913   -0.47333   -0.45550
  -0.45034   -0.41876   -0.27098   -0.26501   -0.26427   -0.26427   -0.26272   -0.25493
  -0.25245   -0.25239   -0.25111   -0.24758   -0.20130   -0.17226   -0.15470   -0.11289
  -0.10141   -0.09634   -0.08204   -0.04981   -0.03068   -0.03038   -0.02955   -0.00625
   0.03532    0.03891    0.10870    0.11720    0.12854    0.13575    0.16569    0.16982
   0.19558    0.20596
 kpt#  30, nband= 74, wtk=  1.00000, kpt=  0.1944  0.1944  0.1944 (reduced coord)
  -4.80726   -4.80724   -3.04340   -3.04243   -3.04235   -3.04213   -3.04182   -3.04125
  -1.75531   -1.75486   -1.75378   -1.75197   -1.75097   -1.75052   -1.74923   -1.74794
  -1.74717   -1.74502   -1.72527   -1.72488   -1.72434   -1.72115   -1.72103   -1.72058
  -1.72051   -1.71893   -1.71729   -1.71547   -0.73359   -0.73244   -0.73241   -0.73224
  -0.73220   -0.73048   -0.72960   -0.72951   -0.72920   -0.72917   -0.47100   -0.45339
  -0.44851   -0.41794   -0.27108   -0.26424   -0.26356   -0.26314   -0.26147   -0.25496
  -0.25262   -0.25180   -0.25105   -0.24906   -0.20545   -0.17848   -0.15628   -0.12060
  -0.10457   -0.10285   -0.08007   -0.05551   -0.03674   -0.03432   -0.03075   -0.00109
   0.03931    0.04332    0.11316    0.12338    0.12764    0.13974    0.14525    0.18403
   0.19179    0.20221
 kpt#  31, nband= 74, wtk=  1.00000, kpt=  0.2222  0.2222  0.2222 (reduced coord)
  -4.80726   -4.80724   -3.04322   -3.04246   -3.04245   -3.04194   -3.04168   -3.04145
  -1.75549   -1.75470   -1.75296   -1.75148   -1.75058   -1.74957   -1.74901   -1.74874
  -1.74697   -1.74582   -1.72525   -1.72510   -1.72433   -1.72078   -1.72067   -1.72012
  -1.72006   -1.71853   -1.71721   -1.71646   -0.73348   -0.73258   -0.73234   -0.73222
  -0.73213   -0.73044   -0.72960   -0.72947   -0.72919   -0.72916   -0.46848   -0.45213
  -0.44543   -0.41710   -0.27131   -0.26354   -0.26256   -0.26187   -0.25929   -0.25575
  -0.25316   -0.25195   -0.25132   -0.25046   -0.20825   -0.18408   -0.15763   -0.12778
  -0.10937   -0.10737   -0.07753   -0.06129   -0.04307   -0.03849   -0.03258   -0.00053
   0.02932    0.05037    0.11313    0.13091    0.13306    0.13581    0.14643    0.18593
   0.19311    0.20337
 kpt#  32, nband= 74, wtk=  1.00000, kpt=  0.2500  0.2500  0.2500 (reduced coord)
  -4.80726   -4.80725   -3.04295   -3.04292   -3.04236   -3.04209   -3.04200   -3.04149
  -1.75458   -1.75420   -1.75303   -1.75237   -1.75130   -1.75037   -1.74890   -1.74858
  -1.74845   -1.74686   -1.72539   -1.72515   -1.72420   -1.72107   -1.72083   -1.72072
  -1.71987   -1.71921   -1.71859   -1.71620   -0.73347   -0.73306   -0.73224   -0.73218
  -0.73204   -0.73053   -0.72997   -0.72934   -0.72916   -0.72908   -0.46585   -0.45136
  -0.44155   -0.41632   -0.27167   -0.26247   -0.26179   -0.26160   -0.25895   -0.25774
  -0.25369   -0.25284   -0.25070   -0.24960   -0.20956   -0.18875   -0.15884   -0.13437
  -0.11571   -0.10939   -0.07509   -0.06701   -0.04942   -0.04262   -0.03536   -0.00318
   0.01224    0.05038    0.11006    0.13718    0.14148    0.14573    0.15232    0.17873
   0.19254    0.20302
 kpt#  33, nband= 74, wtk=  1.00000, kpt=  0.2778  0.2778  0.2778 (reduced coord)
  -4.80727   -4.80725   -3.04370   -3.04281   -3.04259   -3.04251   -3.04193   -3.04186
  -1.75565   -1.75523   -1.75472   -1.75347   -1.75168   -1.75145   -1.74995   -1.74878
  -1.74833   -1.74722   -1.72649   -1.72588   -1.72567   -1.72386   -1.72238   -1.72217
  -1.71992   -1.71836   -1.71798   -1.71708   -0.73366   -0.73330   -0.73237   -0.73232
  -0.73201   -0.73078   -0.73018   -0.72936   -0.72929   -0.72917   -0.46320   -0.45081
  -0.43729   -0.41560   -0.27244   -0.26174   -0.26134   -0.26024   -0.26003   -0.25842
  -0.25410   -0.25393   -0.25129   -0.25029   -0.20933   -0.19225   -0.15997   -0.14017
  -0.12170   -0.11057   -0.07359   -0.07248   -0.05541   -0.04654   -0.03905   -0.00901
  -0.00495    0.03946    0.11448    0.14483    0.14820    0.15207    0.16830    0.17194
   0.19100    0.19607
 kpt#  34, nband= 74, wtk=  1.00000, kpt=  0.3056  0.3056  0.3056 (reduced coord)
  -4.80726   -4.80725   -3.04343   -3.04318   -3.04233   -3.04230   -3.04226   -3.04212
  -1.75575   -1.75533   -1.75486   -1.75327   -1.75162   -1.75146   -1.75023   -1.74886
  -1.74885   -1.74744   -1.72670   -1.72617   -1.72512   -1.72362   -1.72282   -1.72108
  -1.72035   -1.71884   -1.71846   -1.71768   -0.73381   -0.73333   -0.73240   -0.73232
  -0.73190   -0.73091   -0.73017   -0.72939   -0.72931   -0.72910   -0.46061   -0.45033
  -0.43289   -0.41498   -0.27254   -0.26227   -0.26172   -0.26098   -0.25935   -0.25703
  -0.25394   -0.25336   -0.25163   -0.25005   -0.20755   -0.19443   -0.16090   -0.14531
  -0.12723   -0.11078   -0.07759   -0.07403   -0.06099   -0.05123   -0.04429   -0.02216
  -0.01342    0.02425    0.12199    0.14648    0.15241    0.16184    0.16846    0.18301
   0.19061    0.19588
 kpt#  35, nband= 74, wtk=  1.00000, kpt=  0.3333  0.3333  0.3333 (reduced coord)
  -4.80727   -4.80725   -3.04382   -3.04328   -3.04276   -3.04262   -3.04206   -3.04177
  -1.75562   -1.75511   -1.75424   -1.75343   -1.75312   -1.75120   -1.75018   -1.74996
  -1.74929   -1.74909   -1.72603   -1.72567   -1.72496   -1.72388   -1.72208   -1.72156
  -1.72092   -1.72053   -1.71933   -1.71915   -0.73383   -0.73323   -0.73251   -0.73238
  -0.73207   -0.73097   -0.73009   -0.72952   -0.72938   -0.72929   -0.45819   -0.44988
  -0.42854   -0.41446   -0.27275   -0.26347   -0.26174   -0.26022   -0.25898   -0.25585
  -0.25399   -0.25387   -0.25193   -0.25073   -0.20425   -0.19515   -0.16157   -0.14952
  -0.13220   -0.10999   -0.08222   -0.07759   -0.06613   -0.05995   -0.05064   -0.03006
  -0.02179    0.01050    0.12842    0.14699    0.15163    0.16227    0.17352    0.18880
   0.19139    0.21501
 kpt#  36, nband= 74, wtk=  1.00000, kpt=  0.3611  0.3611  0.3611 (reduced coord)
  -4.80726   -4.80725   -3.04377   -3.04300   -3.04245   -3.04224   -3.04209   -3.04161
  -1.75451   -1.75441   -1.75407   -1.75317   -1.75256   -1.75024   -1.74954   -1.74935
  -1.74886   -1.74875   -1.72549   -1.72492   -1.72451   -1.72237   -1.72198   -1.72148
  -1.72057   -1.71997   -1.71875   -1.71828   -0.73387   -0.73317   -0.73237   -0.73237
  -0.73191   -0.73089   -0.72995   -0.72937   -0.72937   -0.72913   -0.45602   -0.44942
  -0.42442   -0.41405   -0.27247   -0.26496   -0.26076   -0.25911   -0.25875   -0.25443
  -0.25369   -0.25330   -0.25138   -0.25069   -0.19959   -0.19428   -0.16189   -0.15303
  -0.13652   -0.10841   -0.08635   -0.08627   -0.07065   -0.06987   -0.05646   -0.03849
  -0.02629    0.00071    0.13240    0.14688    0.15138    0.15923    0.17267    0.18873
   0.20910    0.23443
 kpt#  37, nband= 74, wtk=  1.00000, kpt=  0.3889  0.3889  0.3889 (reduced coord)
  -4.80726   -4.80725   -3.04367   -3.04323   -3.04266   -3.04219   -3.04204   -3.04185
  -1.75552   -1.75494   -1.75408   -1.75296   -1.75287   -1.75056   -1.75021   -1.74978
  -1.74916   -1.74834   -1.72575   -1.72516   -1.72506   -1.72338   -1.72297   -1.72158
  -1.72067   -1.71931   -1.71923   -1.71744   -0.73407   -0.73306   -0.73250   -0.73233
  -0.73197   -0.73110   -0.72985   -0.72950   -0.72931   -0.72918   -0.45423   -0.44895
  -0.42073   -0.41374   -0.27236   -0.26766   -0.26041   -0.25900   -0.25798   -0.25359
  -0.25321   -0.25290   -0.25161   -0.25106   -0.19394   -0.19165   -0.16192   -0.15604
  -0.14013   -0.10778   -0.09829   -0.08969   -0.07635   -0.07443   -0.06316   -0.05134
  -0.02500   -0.00555    0.13427    0.14638    0.15125    0.15568    0.17362    0.18800
   0.22860    0.22942
 kpt#  38, nband= 74, wtk=  1.00000, kpt=  0.4167  0.4167  0.4167 (reduced coord)
  -4.80726   -4.80726   -3.04304   -3.04302   -3.04245   -3.04230   -3.04211   -3.04167
  -1.75465   -1.75438   -1.75355   -1.75284   -1.75252   -1.75011   -1.74987   -1.74917
  -1.74911   -1.74701   -1.72474   -1.72473   -1.72447   -1.72392   -1.72158   -1.72105
  -1.72099   -1.71927   -1.71846   -1.71598   -0.73406   -0.73304   -0.73240   -0.73218
  -0.73184   -0.73110   -0.72982   -0.72941   -0.72915   -0.72907   -0.45288   -0.44843
  -0.41765   -0.41351   -0.27185   -0.26936   -0.25977   -0.25856   -0.25686   -0.25322
  -0.25264   -0.25225   -0.25113   -0.25075   -0.18842   -0.18657   -0.16159   -0.15825
  -0.14298   -0.11776   -0.09971   -0.09240   -0.08110   -0.07746   -0.07214   -0.06235
  -0.02265   -0.00941    0.13556    0.14580    0.14966    0.15278    0.17713    0.18769
   0.22683    0.24137
 kpt#  39, nband= 74, wtk=  1.00000, kpt=  0.4444  0.4444  0.4444 (reduced coord)
  -4.80726   -4.80726   -3.04317   -3.04307   -3.04304   -3.04243   -3.04216   -3.04205
  -1.75549   -1.75415   -1.75396   -1.75377   -1.75334   -1.75102   -1.75072   -1.75050
  -1.74950   -1.74741   -1.72626   -1.72556   -1.72443   -1.72370   -1.72315   -1.72156
  -1.72090   -1.72025   -1.71971   -1.71681   -0.73414   -0.73311   -0.73261   -0.73227
  -0.73198   -0.73116   -0.72985   -0.72963   -0.72925   -0.72919   -0.45200   -0.44795
  -0.41534   -0.41333   -0.27213   -0.27048   -0.25952   -0.25947   -0.25605   -0.25324
  -0.25287   -0.25218   -0.25185   -0.25169   -0.18278   -0.18027   -0.16128   -0.15980
  -0.14505   -0.13105   -0.09615   -0.09438   -0.08612   -0.08112   -0.07969   -0.07013
  -0.02083   -0.01146    0.13717    0.14527    0.14722    0.15027    0.18113    0.18810
   0.22490    0.23203
 kpt#  40, nband= 74, wtk=  1.00000, kpt=  0.4722  0.4722  0.4722 (reduced coord)
  -4.80726   -4.80726   -3.04343   -3.04287   -3.04284   -3.04281   -3.04238   -3.04207
  -1.75561   -1.75478   -1.75393   -1.75385   -1.75301   -1.75100   -1.75097   -1.75078
  -1.74994   -1.74884   -1.72584   -1.72528   -1.72501   -1.72277   -1.72273   -1.72227
  -1.72090   -1.72029   -1.71982   -1.71945   -0.73420   -0.73306   -0.73256   -0.73255
  -0.73197   -0.73117   -0.72974   -0.72957   -0.72956   -0.72919   -0.45154   -0.44760
  -0.41402   -0.41312   -0.27199   -0.27147   -0.25946   -0.25935   -0.25466   -0.25370
  -0.25292   -0.25283   -0.25204   -0.25194   -0.17686   -0.17510   -0.16111   -0.16073
  -0.14629   -0.14194   -0.09558   -0.09337   -0.09191   -0.08398   -0.08106   -0.07650
  -0.02003   -0.01210    0.13904    0.14494    0.14537    0.14778    0.18368    0.18936
   0.22372    0.22559
 kpt#  41, nband= 74, wtk=  1.00000, kpt=  0.5000  0.5000  0.5000 (reduced coord)
  -4.80726   -4.80726   -3.04323   -3.04321   -3.04293   -3.04292   -3.04222   -3.04222
  -1.75510   -1.75510   -1.75466   -1.75407   -1.75389   -1.75138   -1.75108   -1.75108
  -1.74947   -1.74822   -1.72588   -1.72588   -1.72335   -1.72329   -1.72276   -1.72271
  -1.72109   -1.72073   -1.72015   -1.72015   -0.73429   -0.73318   -0.73262   -0.73262
  -0.73202   -0.73099   -0.72963   -0.72963   -0.72961   -0.72925   -0.45140   -0.44746
  -0.41370   -0.41293   -0.27176   -0.27176   -0.25948   -0.25948   -0.25384   -0.25362
  -0.25313   -0.25313   -0.25232   -0.25228   -0.17388   -0.17278   -0.16121   -0.16121
  -0.14671   -0.14671   -0.09598   -0.09598   -0.09073   -0.08195   -0.08152   -0.08152
  -0.01988   -0.01214    0.14016    0.14483    0.14483    0.14643    0.18442    0.19016
   0.22333    0.22333
 kpt#  42, nband= 74, wtk=  1.00000, kpt=  0.4375  0.5000  0.5000 (reduced coord)
  -4.80726   -4.80726   -3.04328   -3.04326   -3.04275   -3.04273   -3.04231   -3.04231
  -1.75531   -1.75519   -1.75426   -1.75378   -1.75341   -1.75112   -1.75063   -1.75013
  -1.74990   -1.74981   -1.72583   -1.72563   -1.72488   -1.72456   -1.72283   -1.72255
  -1.72052   -1.72051   -1.71940   -1.71929   -0.73415   -0.73311   -0.73259   -0.73249
  -0.73202   -0.73121   -0.72989   -0.72959   -0.72950   -0.72925   -0.45175   -0.44781
  -0.41434   -0.41357   -0.27139   -0.27139   -0.25959   -0.25959   -0.25467   -0.25458
  -0.25282   -0.25270   -0.25219   -0.25216   -0.18014   -0.17877   -0.16078   -0.16075
  -0.14097   -0.14042   -0.09285   -0.09226   -0.09156   -0.08630   -0.07709   -0.07420
  -0.02013   -0.01213    0.13826    0.14378    0.14793    0.14848    0.18282    0.18810
   0.22640    0.22683
 kpt#  43, nband= 74, wtk=  1.00000, kpt=  0.3750  0.5000  0.5000 (reduced coord)
  -4.80726   -4.80726   -3.04321   -3.04319   -3.04259   -3.04257   -3.04176   -3.04176
  -1.75429   -1.75427   -1.75370   -1.75361   -1.75249   -1.75069   -1.75045   -1.74890
  -1.74841   -1.74811   -1.72503   -1.72490   -1.72475   -1.72440   -1.72277   -1.72229
  -1.71954   -1.71952   -1.71770   -1.71764   -0.73405   -0.73296   -0.73238   -0.73226
  -0.73204   -0.73116   -0.72978   -0.72937   -0.72927   -0.72925   -0.45274   -0.44878
  -0.41615   -0.41540   -0.27044   -0.27044   -0.25980   -0.25979   -0.25494   -0.25485
  -0.25232   -0.25228   -0.25143   -0.25132   -0.19142   -0.18974   -0.16073   -0.16060
  -0.12909   -0.12749   -0.09315   -0.08970   -0.08128   -0.07823   -0.06786   -0.06576
  -0.02047   -0.01180    0.13662    0.14450    0.15021    0.15259    0.17959    0.18414
   0.23449    0.23556
 kpt#  44, nband= 74, wtk=  1.00000, kpt=  0.3125  0.5000  0.5000 (reduced coord)
  -4.80726   -4.80726   -3.04338   -3.04337   -3.04210   -3.04208   -3.04178   -3.04178
  -1.75481   -1.75402   -1.75355   -1.75312   -1.75221   -1.75046   -1.74934   -1.74840
  -1.74808   -1.74776   -1.72562   -1.72554   -1.72342   -1.72317   -1.72214   -1.72179
  -1.71974   -1.71965   -1.71727   -1.71707   -0.73375   -0.73294   -0.73251   -0.73216
  -0.73208   -0.73082   -0.72973   -0.72947   -0.72929   -0.72914   -0.45423   -0.45025
  -0.41877   -0.41804   -0.26878   -0.26878   -0.26023   -0.26021   -0.25574   -0.25563
  -0.25266   -0.25262   -0.25117   -0.25110   -0.20261   -0.20075   -0.16192   -0.16174
  -0.11416   -0.11138   -0.08820   -0.08535   -0.07196   -0.06406   -0.05620   -0.05319
  -0.01917   -0.01018    0.13510    0.14679    0.14925    0.15672    0.17670    0.18121
   0.22580    0.22743
 kpt#  45, nband= 74, wtk=  1.00000, kpt=  0.2500  0.5000  0.5000 (reduced coord)
  -4.80726   -4.80726   -3.04419   -3.04418   -3.04246   -3.04246   -3.04224   -3.04223
  -1.75647   -1.75605   -1.75560   -1.75530   -1.75374   -1.75120   -1.75017   -1.74998
  -1.74976   -1.74953   -1.72729   -1.72715   -1.72477   -1.72472   -1.72291   -1.72262
  -1.72254   -1.72250   -1.71874   -1.71849   -0.73381   -0.73338   -0.73269   -0.73244
  -0.73237   -0.73085   -0.73014   -0.72966   -0.72959   -0.72941   -0.45597   -0.45195
  -0.42174   -0.42104   -0.26795   -0.26791   -0.26128   -0.26127   -0.25756   -0.25743
  -0.25396   -0.25396   -0.25269   -0.25261   -0.21239   -0.21043   -0.16467   -0.16452
  -0.09688   -0.09244   -0.07754   -0.07579   -0.06630   -0.05575   -0.04452   -0.03599
  -0.01115   -0.00432    0.13116    0.14169    0.15092    0.15984    0.17401    0.18079
   0.19704    0.20010
 kpt#  46, nband= 74, wtk=  1.00000, kpt=  0.1875  0.5000  0.5000 (reduced coord)
  -4.80725   -4.80725   -3.04355   -3.04354   -3.04193   -3.04192   -3.04168   -3.04167
  -1.75480   -1.75435   -1.75357   -1.75291   -1.75200   -1.74936   -1.74888   -1.74824
  -1.74820   -1.74819   -1.72477   -1.72450   -1.72377   -1.72374   -1.72135   -1.72090
  -1.71982   -1.71940   -1.71794   -1.71781   -0.73319   -0.73310   -0.73229   -0.73227
  -0.73220   -0.73035   -0.73000   -0.72949   -0.72930   -0.72920   -0.45762   -0.45357
  -0.42459   -0.42392   -0.26532   -0.26523   -0.26018   -0.26015   -0.25716   -0.25701
  -0.25447   -0.25444   -0.25219   -0.25213   -0.22024   -0.21821   -0.16780   -0.16771
  -0.07946   -0.07140   -0.06273   -0.06213   -0.06045   -0.05136   -0.03836   -0.02544
   0.00824    0.01183    0.12317    0.13022    0.14525    0.14951    0.16985    0.17061
   0.18771    0.19030
 kpt#  47, nband= 74, wtk=  1.00000, kpt=  0.1250  0.5000  0.5000 (reduced coord)
  -4.80726   -4.80726   -3.04384   -3.04382   -3.04254   -3.04252   -3.04220   -3.04220
  -1.75598   -1.75591   -1.75505   -1.75499   -1.75356   -1.75102   -1.75039   -1.75015
  -1.74934   -1.74922   -1.72597   -1.72585   -1.72490   -1.72454   -1.72315   -1.72251
  -1.72116   -1.72079   -1.71959   -1.71948   -0.73336   -0.73334   -0.73252   -0.73249
  -0.73234   -0.73057   -0.73031   -0.72971   -0.72949   -0.72936   -0.45902   -0.45495
  -0.42692   -0.42628   -0.26514   -0.26501   -0.26081   -0.26081   -0.25840   -0.25828
  -0.25562   -0.25558   -0.25325   -0.25323   -0.22595   -0.22389   -0.17092   -0.17086
  -0.06957   -0.05402   -0.05135   -0.04739   -0.04570   -0.04244   -0.03431   -0.02174
   0.03282    0.03523    0.11058    0.11219    0.12668    0.12840    0.15830    0.16157
   0.18612    0.18920
 kpt#  48, nband= 74, wtk=  1.00000, kpt=  0.0625  0.5000  0.5000 (reduced coord)
  -4.80726   -4.80726   -3.04325   -3.04323   -3.04230   -3.04229   -3.04223   -3.04222
  -1.75702   -1.75662   -1.75406   -1.75369   -1.75190   -1.74956   -1.74917   -1.74878
  -1.74848   -1.74807   -1.72618   -1.72616   -1.72527   -1.72499   -1.72114   -1.72076
  -1.72042   -1.72022   -1.71756   -1.71749   -0.73334   -0.73305   -0.73248   -0.73240
  -0.73222   -0.73022   -0.73015   -0.72968   -0.72941   -0.72919   -0.45993   -0.45584
  -0.42843   -0.42781   -0.26386   -0.26369   -0.25949   -0.25946   -0.25816   -0.25807
  -0.25592   -0.25587   -0.25380   -0.25378   -0.22941   -0.22733   -0.17294   -0.17290
  -0.06711   -0.05101   -0.03951   -0.03847   -0.03381   -0.02410   -0.02122   -0.01931
   0.05119    0.05286    0.09859    0.10119    0.11018    0.11480    0.14777    0.14916
   0.16058    0.16522
 kpt#  49, nband= 74, wtk=  1.00000, kpt=  0.0000  0.5000  0.5000 (reduced coord)
  -4.80725   -4.80725   -3.04286   -3.04285   -3.04214   -3.04212   -3.04164   -3.04164
  -1.75586   -1.75562   -1.75195   -1.75187   -1.75154   -1.74993   -1.74786   -1.74723
  -1.74680   -1.74680   -1.72505   -1.72471   -1.72465   -1.72457   -1.72131   -1.72079
  -1.71903   -1.71859   -1.71530   -1.71525   -0.73310   -0.73268   -0.73251   -0.73235
  -0.73191   -0.73011   -0.72980   -0.72968   -0.72935   -0.72882   -0.46025   -0.45616
  -0.42896   -0.42834   -0.26247   -0.26228   -0.25963   -0.25949   -0.25652   -0.25648
  -0.25578   -0.25577   -0.25389   -0.25382   -0.23056   -0.22848   -0.17365   -0.17361
  -0.06667   -0.05072   -0.03839   -0.03277   -0.02857   -0.02134   -0.01189   -0.01160
   0.05279    0.05373    0.10024    0.10397    0.10991    0.11452    0.12953    0.13202
   0.15610    0.15905
 kpt#  50, nband= 74, wtk=  1.00000, kpt=  0.0000  0.5000  0.4375 (reduced coord)
  -4.80725   -4.80725   -3.04274   -3.04273   -3.04214   -3.04212   -3.04148   -3.04148
  -1.75533   -1.75496   -1.75193   -1.75157   -1.75152   -1.74976   -1.74729   -1.74684
  -1.74676   -1.74676   -1.72464   -1.72456   -1.72435   -1.72395   -1.72103   -1.72050
  -1.71856   -1.71821   -1.71526   -1.71520   -0.73305   -0.73268   -0.73248   -0.73221
  -0.73191   -0.73005   -0.72979   -0.72965   -0.72922   -0.72881   -0.46024   -0.45615
  -0.42896   -0.42834   -0.26245   -0.26227   -0.25947   -0.25933   -0.25651   -0.25647
  -0.25558   -0.25558   -0.25356   -0.25350   -0.23056   -0.22848   -0.17363   -0.17359
  -0.06666   -0.05070   -0.03839   -0.03277   -0.02856   -0.02133   -0.01189   -0.01160
   0.05279    0.05373    0.10026    0.10399    0.10991    0.11453    0.12953    0.13202
   0.15611    0.15907
 kpt#  51, nband= 74, wtk=  1.00000, kpt=  0.0000  0.5000  0.3750 (reduced coord)
  -4.80726   -4.80726   -3.04291   -3.04290   -3.04260   -3.04258   -3.04222   -3.04221
  -1.75665   -1.75622   -1.75403   -1.75286   -1.75233   -1.75065   -1.74915   -1.74863
  -1.74845   -1.74783   -1.72620   -1.72614   -1.72540   -1.72500   -1.72216   -1.72163
  -1.71999   -1.71977   -1.71688   -1.71674   -0.73333   -0.73276   -0.73266   -0.73235
  -0.73233   -0.73031   -0.72988   -0.72986   -0.72936   -0.72924   -0.46025   -0.45615
  -0.42896   -0.42834   -0.26338   -0.26318   -0.26001   -0.25987   -0.25721   -0.25717
  -0.25649   -0.25648   -0.25410   -0.25404   -0.23057   -0.22848   -0.17365   -0.17362
  -0.06670   -0.05075   -0.03842   -0.03287   -0.02868   -0.02136   -0.01192   -0.01161
   0.05279    0.05373    0.10024    0.10397    0.10990    0.11451    0.12952    0.13201
   0.15607    0.15903
 kpt#  52, nband= 74, wtk=  1.00000, kpt=  0.0000  0.5000  0.3125 (reduced coord)
  -4.80725   -4.80725   -3.04307   -3.04305   -3.04252   -3.04250   -3.04187   -3.04187
  -1.75620   -1.75578   -1.75321   -1.75245   -1.75242   -1.75023   -1.74910   -1.74872
  -1.74823   -1.74818   -1.72612   -1.72605   -1.72492   -1.72446   -1.72157   -1.72103
  -1.71962   -1.71913   -1.71697   -1.71691   -0.73326   -0.73290   -0.73255   -0.73229
  -0.73219   -0.73023   -0.73002   -0.72976   -0.72930   -0.72910   -0.46024   -0.45615
  -0.42896   -0.42834   -0.26334   -0.26315   -0.25973   -0.25959   -0.25737   -0.25733
  -0.25634   -0.25633   -0.25377   -0.25371   -0.23057   -0.22848   -0.17366   -0.17362
  -0.06669   -0.05075   -0.03840   -0.03282   -0.02863   -0.02135   -0.01192   -0.01161
   0.05279    0.05373    0.10025    0.10396    0.10990    0.11451    0.12949    0.13198
   0.15611    0.15903
 kpt#  53, nband= 74, wtk=  1.00000, kpt=  0.0000  0.5000  0.2500 (reduced coord)
  -4.80725   -4.80725   -3.04306   -3.04304   -3.04240   -3.04238   -3.04182   -3.04182
  -1.75631   -1.75544   -1.75253   -1.75227   -1.75195   -1.75010   -1.74870   -1.74857
  -1.74846   -1.74799   -1.72510   -1.72500   -1.72466   -1.72428   -1.72161   -1.72120
  -1.72001   -1.71960   -1.71695   -1.71690   -0.73330   -0.73286   -0.73258   -0.73226
  -0.73202   -0.73026   -0.73003   -0.72978   -0.72925   -0.72898   -0.46024   -0.45614
  -0.42896   -0.42834   -0.26304   -0.26285   -0.25975   -0.25960   -0.25714   -0.25711
  -0.25653   -0.25652   -0.25362   -0.25357   -0.23057   -0.22848   -0.17366   -0.17362
  -0.06672   -0.05076   -0.03841   -0.03279   -0.02860   -0.02135   -0.01192   -0.01161
   0.05279    0.05373    0.10025    0.10396    0.10990    0.11451    0.12949    0.13198
   0.15613    0.15904
 kpt#  54, nband= 74, wtk=  1.00000, kpt=  0.0000  0.5000  0.1875 (reduced coord)
  -4.80726   -4.80726   -3.04315   -3.04313   -3.04243   -3.04241   -3.04208   -3.04208
  -1.75641   -1.75571   -1.75297   -1.75248   -1.75215   -1.75054   -1.74919   -1.74918
  -1.74890   -1.74877   -1.72523   -1.72514   -1.72475   -1.72433   -1.72178   -1.72154
  -1.72124   -1.72071   -1.71723   -1.71718   -0.73335   -0.73289   -0.73260   -0.73242
  -0.73205   -0.73033   -0.73006   -0.72980   -0.72942   -0.72902   -0.46024   -0.45615
  -0.42896   -0.42834   -0.26314   -0.26296   -0.25986   -0.25972   -0.25725   -0.25721
  -0.25665   -0.25664   -0.25418   -0.25412   -0.23057   -0.22848   -0.17367   -0.17364
  -0.06673   -0.05077   -0.03843   -0.03281   -0.02862   -0.02137   -0.01192   -0.01161
   0.05279    0.05373    0.10024    0.10395    0.10990    0.11449    0.12949    0.13198
   0.15613    0.15903
 kpt#  55, nband= 74, wtk=  1.00000, kpt=  0.0000  0.5000  0.1250 (reduced coord)
  -4.80726   -4.80726   -3.04340   -3.04338   -3.04268   -3.04267   -3.04197   -3.04197
  -1.75638   -1.75620   -1.75337   -1.75331   -1.75273   -1.75108   -1.74980   -1.74958
  -1.74909   -1.74850   -1.72573   -1.72560   -1.72477   -1.72435   -1.72241   -1.72240
  -1.72087   -1.72059   -1.71823   -1.71821   -0.73321   -0.73304   -0.73265   -0.73261
  -0.73212   -0.73024   -0.73022   -0.72980   -0.72960   -0.72911   -0.46025   -0.45616
  -0.42896   -0.42834   -0.26352   -0.26333   -0.26006   -0.25992   -0.25766   -0.25763
  -0.25632   -0.25631   -0.25449   -0.25443   -0.23057   -0.22848   -0.17369   -0.17365
  -0.06674   -0.05077   -0.03844   -0.03284   -0.02866   -0.02138   -0.01193   -0.01162
   0.05278    0.05372    0.10022    0.10392    0.10989    0.11448    0.12946    0.13195
   0.15615    0.15904
 kpt#  56, nband= 74, wtk=  1.00000, kpt=  0.0000  0.5000  0.0625 (reduced coord)
  -4.80726   -4.80726   -3.04360   -3.04358   -3.04270   -3.04268   -3.04232   -3.04232
  -1.75736   -1.75732   -1.75358   -1.75350   -1.75346   -1.75159   -1.75039   -1.74964
  -1.74946   -1.74927   -1.72586   -1.72575   -1.72526   -1.72485   -1.72363   -1.72357
  -1.72175   -1.72171   -1.71834   -1.71833   -0.73337   -0.73305   -0.73278   -0.73275
  -0.73216   -0.73036   -0.73025   -0.72991   -0.72975   -0.72914   -0.46025   -0.45616
  -0.42896   -0.42834   -0.26359   -0.26341   -0.26033   -0.26020   -0.25773   -0.25770
  -0.25684   -0.25683   -0.25499   -0.25493   -0.23057   -0.22848   -0.17374   -0.17370
  -0.06676   -0.05078   -0.03850   -0.03285   -0.02866   -0.02144   -0.01193   -0.01162
   0.05277    0.05371    0.10020    0.10389    0.10989    0.11445    0.12946    0.13195
   0.15614    0.15904
 kpt#  57, nband= 74, wtk=  1.00000, kpt=  0.0000  0.5000  0.0000 (reduced coord)
  -4.80726   -4.80726   -3.04336   -3.04333   -3.04241   -3.04240   -3.04221   -3.04221
  -1.75717   -1.75694   -1.75288   -1.75232   -1.75231   -1.75035   -1.74957   -1.74956
  -1.74943   -1.74832   -1.72487   -1.72477   -1.72459   -1.72431   -1.72280   -1.72278
  -1.72072   -1.72070   -1.71859   -1.71856   -0.73320   -0.73293   -0.73272   -0.73257
  -0.73213   -0.73018   -0.73015   -0.72975   -0.72971   -0.72913   -0.46025   -0.45615
  -0.42896   -0.42834   -0.26344   -0.26326   -0.25969   -0.25956   -0.25751   -0.25748
  -0.25651   -0.25650   -0.25470   -0.25465   -0.23057   -0.22848   -0.17374   -0.17370
  -0.06674   -0.05075   -0.03847   -0.03281   -0.02862   -0.02141   -0.01193   -0.01162
   0.05279    0.05373    0.10024    0.10393    0.10989    0.11447    0.12947    0.13196
   0.15616    0.15908
