 Fermi (or HOMO) energy (hartree) =   0.05531   Average Vxc (hartree)=  -0.25695
 Eigenvalues (hartree) for nkpt=  10  k points:
 kpt#   1, nband= 74, wtk=  0.06250, kpt=  0.0625  0.0625  0.5000 (reduced coord)
  -4.80726   -4.80725   -3.04408   -3.04386   -3.04185   -3.04180   -3.04176   -3.04138
  -1.75607   -1.75480   -1.75400   -1.75340   -1.75302   -1.75118   -1.75006   -1.74915
  -1.74600   -1.74588   -1.72562   -1.72461   -1.72434   -1.72379   -1.72302   -1.72272
  -1.72044   -1.71995   -1.71701   -1.71506   -0.73390   -0.73302   -0.73277   -0.73196
  -0.73191   -0.73070   -0.73014   -0.72998   -0.72897   -0.72884   -0.47945   -0.46341
  -0.45239   -0.42120   -0.26932   -0.26749   -0.26689   -0.26604   -0.26583   -0.25459
  -0.25376   -0.25339   -0.24816   -0.24573   -0.17906   -0.15647   -0.14165   -0.09043
  -0.08480   -0.07908   -0.07617   -0.05998   -0.03299   -0.02415   -0.01420   -0.01131
  -0.01078    0.03237    0.07423    0.08749    0.12006    0.13269    0.19306    0.19490
   0.20750    0.21556
 kpt#   2, nband= 74, wtk=  0.12500, kpt=  0.1875  0.0625  0.5000 (reduced coord)
  -4.80726   -4.80725   -3.04451   -3.04292   -3.04264   -3.04262   -3.04261   -3.04211
  -1.75773   -1.75735   -1.75637   -1.75574   -1.75297   -1.75254   -1.75018   -1.74841
  -1.74788   -1.74773   -1.72769   -1.72679   -1.72665   -1.72452   -1.72381   -1.72247
  -1.72220   -1.71959   -1.71868   -1.71796   -0.73409   -0.73300   -0.73271   -0.73251
  -0.73234   -0.73076   -0.73019   -0.72987   -0.72945   -0.72928   -0.47540   -0.45802
  -0.45141   -0.41980   -0.26989   -0.26630   -0.26606   -0.26589   -0.26458   -0.25633
  -0.25371   -0.25282   -0.25185   -0.24829   -0.19956   -0.16880   -0.15392   -0.11966
  -0.08905   -0.07673   -0.07223   -0.03879   -0.03262   -0.03032   -0.01931   -0.01334
   0.01924    0.03084    0.09053    0.10255    0.12839    0.15591    0.16348    0.19309
   0.19779    0.20439
 kpt#   3, nband= 74, wtk=  0.12500, kpt=  0.3125  0.0625  0.5000 (reduced coord)
  -4.80725   -4.80724   -3.04312   -3.04211   -3.04192   -3.04189   -3.04172   -3.04144
  -1.75385   -1.75361   -1.75235   -1.75161   -1.75080   -1.75002   -1.74854   -1.74745
  -1.74717   -1.74453   -1.72452   -1.72374   -1.72292   -1.72269   -1.72172   -1.72007
  -1.71917   -1.71794   -1.71602   -1.71508   -0.73354   -0.73252   -0.73216   -0.73210
  -0.73206   -0.73036   -0.72963   -0.72920   -0.72912   -0.72899   -0.46860   -0.45330
  -0.44564   -0.41940   -0.26720   -0.26291   -0.26261   -0.26197   -0.26093   -0.25764
  -0.25305   -0.25270   -0.25021   -0.24841   -0.22172   -0.19766   -0.16195   -0.15351
  -0.08153   -0.06250   -0.05757   -0.04410   -0.03560   -0.02190   -0.01582   -0.00967
   0.02924    0.04834    0.09549    0.11169    0.11861    0.13256    0.14988    0.16318
   0.19353    0.20199
 kpt#   4, nband= 74, wtk=  0.12500, kpt=  0.4375  0.0625  0.5000 (reduced coord)
  -4.80725   -4.80725   -3.04344   -3.04278   -3.04257   -3.04198   -3.04176   -3.04165
  -1.75584   -1.75464   -1.75362   -1.75229   -1.75208   -1.74984   -1.74894   -1.74846
  -1.74750   -1.74684   -1.72488   -1.72483   -1.72380   -1.72333   -1.72189   -1.72165
  -1.72011   -1.71981   -1.71681   -1.71678   -0.73322   -0.73292   -0.73245   -0.73241
  -0.73199   -0.73015   -0.73004   -0.72959   -0.72941   -0.72894   -0.46164   -0.45486
  -0.43370   -0.42368   -0.26460   -0.26165   -0.26107   -0.25890   -0.25817   -0.25733
  -0.25631   -0.25553   -0.25465   -0.25087   -0.23084   -0.22146   -0.17133   -0.17082
  -0.07010   -0.04940   -0.04373   -0.04151   -0.03366   -0.02784   -0.01684   -0.01523
   0.04447    0.05531    0.09920    0.10243    0.11207    0.11899    0.14219    0.14541
   0.16876    0.17554
 kpt#   5, nband= 74, wtk=  0.06250, kpt=  0.1875  0.1875  0.5000 (reduced coord)
  -4.80726   -4.80724   -3.04349   -3.04266   -3.04239   -3.04213   -3.04173   -3.04083
  -1.75513   -1.75458   -1.75312   -1.75240   -1.75138   -1.74971   -1.74863   -1.74788
  -1.74786   -1.74494   -1.72511   -1.72497   -1.72485   -1.72199   -1.72088   -1.72030
  -1.71976   -1.71749   -1.71732   -1.71616   -0.73369   -0.73240   -0.73240   -0.73220
  -0.73209   -0.73058   -0.72961   -0.72950   -0.72918   -0.72904   -0.47160   -0.45383
  -0.44908   -0.41814   -0.27104   -0.26424   -0.26323   -0.26281   -0.26230   -0.25537
  -0.25275   -0.25161   -0.25149   -0.24838   -0.20453   -0.17697   -0.15590   -0.11872
  -0.10380   -0.10121   -0.08062   -0.05405   -0.03507   -0.03321   -0.03046   -0.00192
   0.03936    0.04209    0.11210    0.12354    0.12524    0.13920    0.14959    0.18007
   0.19114    0.20570
 kpt#   6, nband= 74, wtk=  0.12500, kpt=  0.3125  0.1875  0.5000 (reduced coord)
  -4.80726   -4.80725   -3.04311   -3.04300   -3.04240   -3.04233   -3.04195   -3.04161
  -1.75475   -1.75446   -1.75329   -1.75300   -1.75135   -1.75089   -1.74956   -1.74862
  -1.74800   -1.74713   -1.72575   -1.72504   -1.72474   -1.72258   -1.72185   -1.72086
  -1.72015   -1.71844   -1.71825   -1.71731   -0.73358   -0.73312   -0.73236   -0.73206
  -0.73206   -0.73054   -0.73016   -0.72933   -0.72926   -0.72906   -0.46530   -0.45178
  -0.44064   -0.41716   -0.27075   -0.26233   -0.26200   -0.26029   -0.25904   -0.25836
  -0.25428   -0.25356   -0.25190   -0.24974   -0.21531   -0.19514   -0.16086   -0.14691
  -0.10363   -0.09316   -0.07464   -0.05632   -0.04815   -0.03959   -0.03662   -0.00501
   0.01640    0.04943    0.10845    0.13020    0.13877    0.14007    0.14934    0.18086
   0.19026    0.20452
 kpt#   7, nband= 74, wtk=  0.12500, kpt=  0.4375  0.1875  0.5000 (reduced coord)
  -4.80726   -4.80726   -3.04364   -3.04348   -3.04237   -3.04227   -3.04166   -3.04161
  -1.75490   -1.75424   -1.75388   -1.75339   -1.75226   -1.75019   -1.74958   -1.74923
  -1.74863   -1.74819   -1.72551   -1.72523   -1.72349   -1.72321   -1.72175   -1.72149
  -1.72098   -1.72056   -1.71854   -1.71665   -0.73343   -0.73324   -0.73237   -0.73225
  -0.73216   -0.73054   -0.73005   -0.72945   -0.72935   -0.72913   -0.45905   -0.45286
  -0.42928   -0.42042   -0.26776   -0.26384   -0.26121   -0.26039   -0.25794   -0.25659
  -0.25568   -0.25436   -0.25279   -0.25000   -0.22138   -0.21351   -0.16699   -0.16524
  -0.08649   -0.07592   -0.06651   -0.05866   -0.05317   -0.04856   -0.04188   -0.02051
   0.00178    0.02386    0.11781    0.13451    0.13912    0.15733    0.16030    0.17321
   0.18667    0.19205
 kpt#   8, nband= 74, wtk=  0.06250, kpt=  0.3125  0.3125  0.5000 (reduced coord)
  -4.80726   -4.80725   -3.04334   -3.04312   -3.04257   -3.04217   -3.04189   -3.04187
  -1.75482   -1.75436   -1.75359   -1.75285   -1.75185   -1.75146   -1.74954   -1.74899
  -1.74880   -1.74832   -1.72570   -1.72495   -1.72451   -1.72260   -1.72191   -1.72146
  -1.71942   -1.71934   -1.71877   -1.71849   -0.73374   -0.73307   -0.73239   -0.73229
  -0.73196   -0.73089   -0.72995   -0.72940   -0.72929   -0.72917   -0.45998   -0.45021
  -0.43179   -0.41484   -0.27227   -0.26244   -0.26149   -0.26028   -0.25909   -0.25580
  -0.25387   -0.25380   -0.25179   -0.25015   -0.20686   -0.19475   -0.16102   -0.14638
  -0.12853   -0.11066   -0.07879   -0.07454   -0.06236   -0.05286   -0.04588   -0.02478
  -0.01541    0.02052    0.12378    0.14669    0.15229    0.16328    0.16974    0.18396
   0.19042    0.19976
 kpt#   9, nband= 74, wtk=  0.12500, kpt=  0.4375  0.3125  0.5000 (reduced coord)
  -4.80726   -4.80725   -3.04357   -3.04312   -3.04234   -3.04196   -3.04194   -3.04168
  -1.75456   -1.75405   -1.75375   -1.75318   -1.75252   -1.75036   -1.74905   -1.74869
  -1.74863   -1.74783   -1.72534   -1.72436   -1.72376   -1.72323   -1.72150   -1.72096
  -1.72050   -1.71993   -1.71822   -1.71784   -0.73383   -0.73299   -0.73235   -0.73233
  -0.73199   -0.73086   -0.72973   -0.72935   -0.72932   -0.72920   -0.45515   -0.45003
  -0.42221   -0.41586   -0.27111   -0.26641   -0.26068   -0.25958   -0.25730   -0.25452
  -0.25371   -0.25298   -0.25146   -0.24990   -0.20328   -0.19921   -0.16277   -0.15845
  -0.12448   -0.10128   -0.09292   -0.07741   -0.07550   -0.06285   -0.05853   -0.04323
  -0.02274   -0.00453    0.13369    0.14684    0.14977    0.15839    0.17437    0.18445
   0.21331    0.23110
 kpt#  10, nband= 74, wtk=  0.06250, kpt=  0.4375  0.4375  0.5000 (reduced coord)
  -4.80726   -4.80726   -3.04330   -3.04322   -3.04293   -3.04242   -3.04201   -3.04187
  -1.75472   -1.75448   -1.75421   -1.75386   -1.75321   -1.75127   -1.75092   -1.75079
  -1.74914   -1.74646   -1.72561   -1.72514   -1.72487   -1.72457   -1.72292   -1.72198
  -1.72153   -1.71960   -1.71941   -1.71565   -0.73421   -0.73307   -0.73252   -0.73223
  -0.73200   -0.73125   -0.72984   -0.72954   -0.72922   -0.72917   -0.45218   -0.44806
  -0.41584   -0.41337   -0.27232   -0.27031   -0.25980   -0.25937   -0.25642   -0.25301
  -0.25292   -0.25175   -0.25169   -0.25150   -0.18427   -0.18181   -0.16142   -0.15951
  -0.14461   -0.12785   -0.09713   -0.09395   -0.08465   -0.07933   -0.07920   -0.06837
  -0.02119   -0.01111    0.13670    0.14541    0.14781    0.15089    0.18020    0.18791
   0.22527    0.23413
