 Fermi (or HOMO) energy (hartree) =   0.05049   Average Vxc (hartree)=  -0.25695
 Eigenvalues (hartree) for nkpt=   6  k points:
 kpt#   1, nband= 67, wtk=  0.11111, kpt=  0.0833  0.0833  0.2500 (reduced coord)
  -4.80693   -4.80692   -3.04413   -3.04405   -3.04225   -3.04179   -3.04174   -3.04172
  -1.75740   -1.75607   -1.75605   -1.75527   -1.75414   -1.75149   -1.75112   -1.74948
  -1.74770   -1.74723   -1.72639   -1.72604   -1.72594   -1.72376   -1.72331   -1.72228
  -1.72178   -1.72086   -1.71745   -1.71661   -0.73394   -0.73291   -0.73278   -0.73208
  -0.73206   -0.73046   -0.73009   -0.73001   -0.72905   -0.72899   -0.47875   -0.46219
  -0.45232   -0.42074   -0.26999   -0.26758   -0.26689   -0.26686   -0.26637   -0.25476
  -0.25461   -0.25284   -0.24902   -0.24703   -0.18345   -0.15790   -0.14518   -0.09264
  -0.08974   -0.08067   -0.07917   -0.05183   -0.03536   -0.02309   -0.01578   -0.01443
  -0.00241    0.03251    0.08146
 kpt#   2, nband= 67, wtk=  0.22222, kpt=  0.2500  0.0833  0.2500 (reduced coord)
  -4.80692   -4.80691   -3.04346   -3.04238   -3.04186   -3.04169   -3.04146   -3.04115
  -1.75532   -1.75497   -1.75321   -1.75234   -1.75078   -1.75059   -1.74849   -1.74762
  -1.74692   -1.74559   -1.72522   -1.72484   -1.72373   -1.72256   -1.72187   -1.71929
  -1.71875   -1.71778   -1.71673   -1.71575   -0.73347   -0.73247   -0.73213   -0.73207
  -0.73186   -0.73032   -0.72965   -0.72920   -0.72907   -0.72885   -0.47198   -0.45430
  -0.44949   -0.41889   -0.26919   -0.26417   -0.26395   -0.26349   -0.26237   -0.25627
  -0.25259   -0.25174   -0.24944   -0.24895   -0.21118   -0.18289   -0.15778   -0.13728
  -0.08617   -0.07664   -0.07018   -0.04060   -0.03317   -0.03091   -0.01803   -0.01008
   0.03065    0.03936    0.09770
 kpt#   3, nband= 67, wtk=  0.22222, kpt=  0.4167  0.0833  0.2500 (reduced coord)
  -4.80692   -4.80692   -3.04325   -3.04268   -3.04241   -3.04201   -3.04180   -3.04163
  -1.75592   -1.75481   -1.75402   -1.75335   -1.75206   -1.75065   -1.74939   -1.74888
  -1.74841   -1.74742   -1.72545   -1.72480   -1.72374   -1.72295   -1.72257   -1.72107
  -1.72068   -1.71949   -1.71779   -1.71687   -0.73310   -0.73281   -0.73232   -0.73226
  -0.73197   -0.73014   -0.72994   -0.72944   -0.72932   -0.72897   -0.46250   -0.45435
  -0.43512   -0.42208   -0.26581   -0.26181   -0.26117   -0.25993   -0.25930   -0.25787
  -0.25578   -0.25546   -0.25382   -0.25039   -0.22953   -0.21751   -0.16934   -0.16919
  -0.07211   -0.05381   -0.04884   -0.04352   -0.03915   -0.03027   -0.01984   -0.01459
   0.04451    0.04731    0.10288
 kpt#   4, nband= 67, wtk=  0.11111, kpt=  0.2500  0.2500  0.2500 (reduced coord)
  -4.80692   -4.80691   -3.04272   -3.04269   -3.04212   -3.04183   -3.04176   -3.04123
  -1.75452   -1.75417   -1.75297   -1.75230   -1.75126   -1.75033   -1.74884   -1.74852
  -1.74842   -1.74681   -1.72502   -1.72478   -1.72383   -1.72071   -1.72046   -1.72035
  -1.71950   -1.71885   -1.71823   -1.71583   -0.73330   -0.73288   -0.73206   -0.73199
  -0.73187   -0.73037   -0.72980   -0.72918   -0.72900   -0.72891   -0.46598   -0.45148
  -0.44144   -0.41619   -0.27160   -0.26239   -0.26170   -0.26152   -0.25885   -0.25766
  -0.25360   -0.25273   -0.25060   -0.24951   -0.20945   -0.18864   -0.15892   -0.13446
  -0.11561   -0.10949   -0.07505   -0.06692   -0.04953   -0.04270   -0.03541   -0.00312
   0.01235    0.05049    0.11014
 kpt#   5, nband= 67, wtk=  0.22222, kpt=  0.4167  0.2500  0.2500 (reduced coord)
  -4.80692   -4.80691   -3.04357   -3.04293   -3.04214   -3.04197   -3.04190   -3.04160
  -1.75518   -1.75463   -1.75412   -1.75369   -1.75325   -1.75039   -1.74965   -1.74893
  -1.74843   -1.74826   -1.72513   -1.72501   -1.72330   -1.72295   -1.72206   -1.72140
  -1.72103   -1.72014   -1.71798   -1.71747   -0.73340   -0.73309   -0.73227   -0.73209
  -0.73198   -0.73049   -0.72991   -0.72928   -0.72920   -0.72909   -0.45803   -0.45137
  -0.42746   -0.41721   -0.27030   -0.26358   -0.26127   -0.26033   -0.25886   -0.25512
  -0.25493   -0.25417   -0.25217   -0.24986   -0.21315   -0.20499   -0.16428   -0.15941
  -0.11011   -0.09225   -0.07605   -0.07011   -0.06426   -0.05138   -0.04976   -0.02619
  -0.01670    0.01021    0.12651
 kpt#   6, nband= 67, wtk=  0.11111, kpt=  0.4167  0.4167  0.2500 (reduced coord)
  -4.80693   -4.80692   -3.04349   -3.04278   -3.04267   -3.04243   -3.04221   -3.04192
  -1.75563   -1.75475   -1.75468   -1.75400   -1.75383   -1.75116   -1.75094   -1.75032
  -1.74952   -1.74943   -1.72627   -1.72506   -1.72475   -1.72452   -1.72269   -1.72206
  -1.72130   -1.72054   -1.71857   -1.71820   -0.73398   -0.73306   -0.73238   -0.73225
  -0.73190   -0.73106   -0.72985   -0.72940   -0.72929   -0.72912   -0.45301   -0.44859
  -0.41752   -0.41339   -0.27226   -0.26930   -0.26014   -0.25965   -0.25671   -0.25402
  -0.25344   -0.25255   -0.25190   -0.25177   -0.18831   -0.18647   -0.16172   -0.15839
  -0.14288   -0.11767   -0.09985   -0.09234   -0.08123   -0.07764   -0.07214   -0.06240
  -0.02256   -0.00934    0.13556
