
 **** DERIVATIVE DATABASE ****    
+DDB, Version number    100401

  Note : temporary (transfer) database

    usepaw         0
     natom         6
      nkpt        10
    nsppol         1
      nsym         8
    ntypat         2
    occopt         1
     nband        46
     acell  0.77624316804222D+01  0.77624316804222D+01  0.77624316804222D+01
       amu  0.11871000000000D+03  0.78960000000000D+02
   dilatmx  0.10000000000000D+01
      ecut  0.22500000000000D+02
    ecutsm  0.00000000000000D+00
     intxc         0
      iscf         7
       ixc        11
       kpt  0.62500000000000D-01  0.62500000000000D-01  0.25000000000000D+00
            0.18750000000000D+00  0.62500000000000D-01  0.25000000000000D+00
            0.31250000000000D+00  0.62500000000000D-01  0.25000000000000D+00
            0.43750000000000D+00  0.62500000000000D-01  0.25000000000000D+00
            0.18750000000000D+00  0.18750000000000D+00  0.25000000000000D+00
            0.31250000000000D+00  0.18750000000000D+00  0.25000000000000D+00
            0.43750000000000D+00  0.18750000000000D+00  0.25000000000000D+00
            0.31250000000000D+00  0.31250000000000D+00  0.25000000000000D+00
            0.43750000000000D+00  0.31250000000000D+00  0.25000000000000D+00
            0.43750000000000D+00  0.43750000000000D+00  0.25000000000000D+00
    kptnrm  0.10000000000000D+01
     ngfft        36   36  120
    nspden         1
   nspinor         1
       occ  0.20000000000000D+01  0.20000000000000D+01  0.20000000000000D+01
            0.20000000000000D+01  0.20000000000000D+01  0.20000000000000D+01
            0.20000000000000D+01  0.20000000000000D+01  0.20000000000000D+01
            0.20000000000000D+01  0.20000000000000D+01  0.20000000000000D+01
            0.20000000000000D+01  0.20000000000000D+01  0.20000000000000D+01
            0.20000000000000D+01  0.20000000000000D+01  0.20000000000000D+01
            0.20000000000000D+01  0.20000000000000D+01  0.20000000000000D+01
            0.20000000000000D+01  0.20000000000000D+01  0.20000000000000D+01
            0.20000000000000D+01  0.20000000000000D+01  0.20000000000000D+01
            0.20000000000000D+01  0.20000000000000D+01  0.20000000000000D+01
            0.20000000000000D+01  0.20000000000000D+01  0.20000000000000D+01
            0.20000000000000D+01  0.20000000000000D+01  0.20000000000000D+01
            0.20000000000000D+01  0.20000000000000D+01  0.20000000000000D+01
            0.20000000000000D+01  0.20000000000000D+01  0.20000000000000D+01
            0.20000000000000D+01  0.20000000000000D+01  0.20000000000000D+01
            0.00000000000000D+00
     rprim  0.10000000000000D+01  0.00000000000000D+00  0.00000000000000D+00
            0.00000000000000D+00  0.10000000000000D+01  0.00000000000000D+00
            0.00000000000000D+00  0.00000000000000D+00  0.36030921912057D+01
  dfpt_sciss  0.00000000000000D+00
    spinat  0.00000000000000D+00  0.00000000000000D+00  0.00000000000000D+00
            0.00000000000000D+00  0.00000000000000D+00  0.00000000000000D+00
            0.00000000000000D+00  0.00000000000000D+00  0.00000000000000D+00
            0.00000000000000D+00  0.00000000000000D+00  0.00000000000000D+00
            0.00000000000000D+00  0.00000000000000D+00  0.00000000000000D+00
            0.00000000000000D+00  0.00000000000000D+00  0.00000000000000D+00
    symafm         1    1    1    1    1    1    1    1
    symrel         1    0    0    0    1    0    0    0    1
                   1    0    0    0   -1    0    0    0    1
                  -1    0    0    0   -1    0    0    0    1
                  -1    0    0    0    1    0    0    0    1
                   0    1    0    1    0    0    0    0    1
                   0    1    0   -1    0    0    0    0    1
                   0   -1    0   -1    0    0    0    0    1
                   0   -1    0    1    0    0    0    0    1
     tnons  0.00000000000000D+00  0.00000000000000D+00  0.00000000000000D+00
            0.00000000000000D+00  0.00000000000000D+00  0.00000000000000D+00
           -0.11102230246252D-15  0.00000000000000D+00  0.00000000000000D+00
           -0.11102230246252D-15  0.00000000000000D+00  0.00000000000000D+00
            0.50000000000000D+00  0.50000000000000D+00  0.00000000000000D+00
            0.50000000000000D+00  0.50000000000000D+00  0.00000000000000D+00
            0.50000000000000D+00  0.50000000000000D+00  0.00000000000000D+00
            0.50000000000000D+00  0.50000000000000D+00  0.00000000000000D+00
    tolwfr  0.10000000000000D+01
   tphysel  0.00000000000000D+00
    tsmear  0.10000000000000D-01
     typat         1    1    1    2    2    2
       wtk  0.62500000000000D-01  0.12500000000000D+00  0.12500000000000D+00
            0.12500000000000D+00  0.62500000000000D-01  0.12500000000000D+00
            0.12500000000000D+00  0.62500000000000D-01  0.12500000000000D+00
            0.62500000000000D-01
      xred  0.50000000000000D+00  0.00000000000000D+00  0.31529300000000D+00
            0.00000000000000D+00  0.50000000000000D+00  0.50107300000000D+00
            0.50000000000000D+00  0.00000000000000D+00  0.68256100000000D+00
            0.00000000000000D+00  0.50000000000000D+00  0.31743900000000D+00
            0.50000000000000D+00  0.00000000000000D+00  0.49892700000000D+00
            0.00000000000000D+00  0.50000000000000D+00  0.68470700000000D+00
     znucl  0.50000000000000D+02  0.34000000000000D+02
      zion  0.14000000000000D+02  0.16000000000000D+02
 
 No information on the potentials yet 
 
 **** Database of total energy derivatives ****
 Number of data blocks=    2
  
 Total energy                 - # elements :       1
 -0.59681267561401D+03  0.00000000000000D+00
  
 1st derivatives              - # elements :      24
   1   1  0.00000000000000D+00  0.00000000000000D+00
   2   1  0.00000000000000D+00  0.00000000000000D+00
   3   1  0.41393406509756D+00  0.00000000000000D+00
   1   2  0.00000000000000D+00  0.00000000000000D+00
   2   2  0.00000000000000D+00  0.00000000000000D+00
   3   2  0.38633697560797D-01  0.00000000000000D+00
   1   3  0.00000000000000D+00  0.00000000000000D+00
   2   3  0.00000000000000D+00  0.00000000000000D+00
   3   3 -0.44780152779081D+00  0.00000000000000D+00
   1   4  0.00000000000000D+00  0.00000000000000D+00
   2   4  0.00000000000000D+00  0.00000000000000D+00
   3   4  0.46824077153863D+00  0.00000000000000D+00
   1   5  0.00000000000000D+00  0.00000000000000D+00
   2   5  0.00000000000000D+00  0.00000000000000D+00
   3   5 -0.46374274077258D-01  0.00000000000000D+00
   1   6  0.00000000000000D+00  0.00000000000000D+00
   2   6  0.00000000000000D+00  0.00000000000000D+00
   3   6 -0.43170150699639D+00  0.00000000000000D+00
   1   9  0.10205030671633D-01  0.00000000000000D+00
   2   9  0.10205030671633D-01  0.00000000000000D+00
   3   9  0.10110754479473D-01  0.00000000000000D+00
   1  10  0.00000000000000D+00  0.00000000000000D+00
   2  10  0.00000000000000D+00  0.00000000000000D+00
   3  10  0.00000000000000D+00  0.00000000000000D+00
