 Fermi (or HOMO) energy (hartree) =   0.06915   Average Vxc (hartree)=  -0.25606
 Eigenvalues (hartree) for nkpt=  10  k points:
 kpt#   1, nband= 46, wtk=  0.06250, kpt=  0.0625  0.0625  0.2500 (reduced coord)
  -1.74844   -1.74717   -1.74654   -1.74568   -1.74526   -1.72322   -1.72250   -1.72241
  -1.72179   -1.72102   -1.71957   -1.71831   -1.71772   -1.71739   -1.71613   -0.73830
  -0.73797   -0.73618   -0.73607   -0.73591   -0.73579   -0.73579   -0.73566   -0.73562
  -0.73548   -0.72997   -0.72991   -0.72951   -0.72791   -0.72780   -0.48325   -0.44309
  -0.42286   -0.19156   -0.18609   -0.13006   -0.11483   -0.09409   -0.07659   -0.05592
  -0.04084   -0.03148   -0.01770    0.00074    0.00970    0.14295
 kpt#   2, nband= 46, wtk=  0.12500, kpt=  0.1875  0.0625  0.2500 (reduced coord)
  -1.74904   -1.74706   -1.74604   -1.74449   -1.74351   -1.72323   -1.72205   -1.72170
  -1.72106   -1.72061   -1.71860   -1.71841   -1.71819   -1.71648   -1.71547   -0.73820
  -0.73783   -0.73616   -0.73611   -0.73583   -0.73579   -0.73571   -0.73547   -0.73538
  -0.73517   -0.73001   -0.72975   -0.72930   -0.72793   -0.72783   -0.47749   -0.43866
  -0.42230   -0.20826   -0.20606   -0.15776   -0.11434   -0.09240   -0.05485   -0.05182
  -0.02977   -0.02735    0.00021    0.01547    0.02720    0.12851
 kpt#   3, nband= 46, wtk=  0.12500, kpt=  0.3125  0.0625  0.2500 (reduced coord)
  -1.74676   -1.74635   -1.74538   -1.74266   -1.74107   -1.72165   -1.72037   -1.71935
  -1.71882   -1.71821   -1.71785   -1.71706   -1.71630   -1.71543   -1.71521   -0.73771
  -0.73738   -0.73621   -0.73603   -0.73588   -0.73571   -0.73530   -0.73504   -0.73494
  -0.73467   -0.72969   -0.72937   -0.72866   -0.72800   -0.72778   -0.46743   -0.43164
  -0.42319   -0.23094   -0.22773   -0.19052   -0.10385   -0.07641   -0.04558   -0.03195
  -0.03023   -0.02072    0.02280    0.03567    0.05488    0.09968
 kpt#   4, nband= 46, wtk=  0.12500, kpt=  0.4375  0.0625  0.2500 (reduced coord)
  -1.74725   -1.74656   -1.74584   -1.74466   -1.74295   -1.72251   -1.72151   -1.72074
  -1.71980   -1.71938   -1.71900   -1.71790   -1.71755   -1.71719   -1.71624   -0.73769
  -0.73736   -0.73635   -0.73607   -0.73603   -0.73580   -0.73570   -0.73533   -0.73515
  -0.73491   -0.72989   -0.72948   -0.72901   -0.72817   -0.72786   -0.45752   -0.42674
  -0.42581   -0.24717   -0.23670   -0.21397   -0.08490   -0.06121   -0.05306   -0.02770
  -0.02105   -0.01073    0.04170    0.05297    0.06915    0.08773
 kpt#   5, nband= 46, wtk=  0.06250, kpt=  0.1875  0.1875  0.2500 (reduced coord)
  -1.74775   -1.74762   -1.74621   -1.74275   -1.74197   -1.72194   -1.72116   -1.72107
  -1.71979   -1.71907   -1.71889   -1.71827   -1.71793   -1.71718   -1.71453   -0.73789
  -0.73756   -0.73633   -0.73615   -0.73606   -0.73587   -0.73539   -0.73524   -0.73501
  -0.73499   -0.72997   -0.72938   -0.72892   -0.72811   -0.72793   -0.47191   -0.43432
  -0.42125   -0.21421   -0.21071   -0.16796   -0.11877   -0.10780   -0.07943   -0.05092
  -0.02796   -0.02616    0.02496    0.04081    0.04335    0.11708
 kpt#   6, nband= 46, wtk=  0.12500, kpt=  0.3125  0.1875  0.2500 (reduced coord)
  -1.74711   -1.74676   -1.74606   -1.74504   -1.74181   -1.72309   -1.72185   -1.72088
  -1.72022   -1.71920   -1.71873   -1.71835   -1.71723   -1.71637   -1.71613   -0.73768
  -0.73738   -0.73641   -0.73623   -0.73611   -0.73593   -0.73575   -0.73563   -0.73492
  -0.73462   -0.73031   -0.72926   -0.72884   -0.72809   -0.72797   -0.46240   -0.42753
  -0.42101   -0.22739   -0.22095   -0.18803   -0.11963   -0.09809   -0.08011   -0.05432
  -0.03978   -0.02590    0.02153    0.03557    0.05011    0.10991
 kpt#   7, nband= 46, wtk=  0.12500, kpt=  0.4375  0.1875  0.2500 (reduced coord)
  -1.74695   -1.74615   -1.74541   -1.74456   -1.74367   -1.72255   -1.72153   -1.72124
  -1.72034   -1.71967   -1.71871   -1.71840   -1.71752   -1.71720   -1.71487   -0.73761
  -0.73729   -0.73631   -0.73625   -0.73609   -0.73594   -0.73579   -0.73546   -0.73510
  -0.73479   -0.73038   -0.72930   -0.72892   -0.72810   -0.72775   -0.45345   -0.42301
  -0.42197   -0.23904   -0.22779   -0.20575   -0.09959   -0.08368   -0.06847   -0.06619
  -0.05911   -0.02598    0.00575    0.01073    0.04615    0.09919
 kpt#   8, nband= 46, wtk=  0.06250, kpt=  0.3125  0.3125  0.2500 (reduced coord)
  -1.74651   -1.74642   -1.74591   -1.74535   -1.74168   -1.72270   -1.72184   -1.72057
  -1.72040   -1.71994   -1.71911   -1.71832   -1.71637   -1.71593   -1.71498   -0.73755
  -0.73713   -0.73648   -0.73637   -0.73635   -0.73623   -0.73576   -0.73550   -0.73469
  -0.73442   -0.73076   -0.72894   -0.72881   -0.72804   -0.72793   -0.45423   -0.42121
  -0.41838   -0.22420   -0.21250   -0.18704   -0.14606   -0.10588   -0.08595   -0.07422
  -0.06184   -0.05186   -0.00415   -0.00130    0.03726    0.11640
 kpt#   9, nband= 46, wtk=  0.12500, kpt=  0.4375  0.3125  0.2500 (reduced coord)
  -1.74708   -1.74697   -1.74645   -1.74465   -1.74289   -1.72314   -1.72252   -1.72105
  -1.72047   -1.71988   -1.71933   -1.71863   -1.71797   -1.71691   -1.71572   -0.73757
  -0.73720   -0.73673   -0.73656   -0.73627   -0.73620   -0.73595   -0.73573   -0.73475
  -0.73449   -0.73084   -0.72895   -0.72884   -0.72818   -0.72806   -0.44725   -0.41741
  -0.41616   -0.22452   -0.21120   -0.19044   -0.13935   -0.10696   -0.10506   -0.08616
  -0.06601   -0.06255   -0.03567   -0.02922    0.03825    0.11190
 kpt#  10, nband= 46, wtk=  0.06250, kpt=  0.4375  0.4375  0.2500 (reduced coord)
  -1.74887   -1.74732   -1.74653   -1.74542   -1.74383   -1.72462   -1.72333   -1.72284
  -1.72136   -1.72097   -1.72016   -1.71963   -1.71805   -1.71576   -1.71478   -0.73798
  -0.73730   -0.73700   -0.73677   -0.73662   -0.73634   -0.73575   -0.73564   -0.73477
  -0.73446   -0.73124   -0.72915   -0.72884   -0.72817   -0.72814   -0.44247   -0.41320
  -0.41173   -0.21011   -0.19307   -0.17094   -0.16219   -0.13816   -0.12164   -0.11138
  -0.08864   -0.07398   -0.05872   -0.03904    0.03980    0.12108
