 Eigenvalues (hartree) for nkpt=  10  k points:
 kpt#   1, nband=150, wtk=  0.06250, kpt=  0.0625  0.0625  0.2500 (reduced coord)
  -1.74844   -1.74717   -1.74654   -1.74568   -1.74526   -1.72322   -1.72250   -1.72241
  -1.72179   -1.72102   -1.71957   -1.71831   -1.71772   -1.71739   -1.71613   -0.73830
  -0.73797   -0.73618   -0.73607   -0.73591   -0.73579   -0.73579   -0.73566   -0.73562
  -0.73548   -0.72997   -0.72991   -0.72951   -0.72791   -0.72780   -0.48325   -0.44309
  -0.42286   -0.19156   -0.18609   -0.13006   -0.11483   -0.09409   -0.07659   -0.05592
  -0.04084   -0.03148   -0.01770    0.00074    0.00970    0.14295    0.15008    0.17891
   0.20452    0.21146    0.21675    0.22174    0.22704    0.25703    0.25735    0.26534
   0.27946    0.28153    0.28799    0.31225    0.33014    0.36219    0.39466    0.39947
   0.40873    0.41904    0.44230    0.44410    0.46340    0.47165    0.47541    0.48480
   0.49351    0.49468    0.50645    0.51580    0.52560    0.53403    0.55902    0.56008
   0.58043    0.59064    0.59124    0.59804    0.60956    0.62065    0.62820    0.63533
   0.65532    0.67939    0.68289    0.69245    0.69469    0.70431    0.71829    0.72961
   0.74180    0.75497    0.77618    0.77757    0.78560    0.79348    0.79748    0.81251
   0.83005    0.84380    0.84938    0.85815    0.87469    0.87590    0.87848    0.88033
   0.88661    0.88853    0.90518    0.91375    0.92482    0.92569    0.92907    0.93344
   0.94517    0.95247    0.95515    0.96425    0.98481    0.99943    1.00683    1.01331
   1.02069    1.02744    1.03114    1.03395    1.03498    1.05718    1.07201    1.09121
   1.09273    1.10133    1.11076    1.12189    1.13044    1.14307    1.14366    1.14819
   1.15784    1.15918    1.16935    1.17698    1.18980    1.20085
 kpt#   2, nband=150, wtk=  0.12500, kpt=  0.1875  0.0625  0.2500 (reduced coord)
  -1.74904   -1.74706   -1.74604   -1.74449   -1.74351   -1.72323   -1.72205   -1.72170
  -1.72106   -1.72061   -1.71860   -1.71841   -1.71819   -1.71648   -1.71547   -0.73820
  -0.73783   -0.73616   -0.73611   -0.73583   -0.73579   -0.73571   -0.73547   -0.73538
  -0.73517   -0.73001   -0.72975   -0.72930   -0.72793   -0.72783   -0.47749   -0.43866
  -0.42230   -0.20826   -0.20606   -0.15776   -0.11434   -0.09240   -0.05485   -0.05182
  -0.02977   -0.02735    0.00021    0.01547    0.02720    0.12851    0.15025    0.16018
   0.16942    0.19539    0.20175    0.21260    0.21800    0.21867    0.26163    0.26939
   0.27608    0.28273    0.29823    0.31792    0.34229    0.36769    0.37744    0.40669
   0.41982    0.44461    0.45049    0.45572    0.47694    0.48158    0.48672    0.48857
   0.50374    0.51496    0.52161    0.53435    0.54150    0.54429    0.55443    0.56496
   0.57225    0.59161    0.60297    0.61112    0.62052    0.63466    0.64113    0.64855
   0.66660    0.67730    0.68951    0.69837    0.70229    0.71124    0.73326    0.73665
   0.74540    0.75074    0.75899    0.77004    0.77757    0.78203    0.79018    0.79607
   0.80452    0.81530    0.83133    0.84460    0.84897    0.85860    0.86769    0.87325
   0.88504    0.89720    0.89793    0.90868    0.92341    0.93295    0.93833    0.94409
   0.95110    0.95605    0.96433    0.97509    0.98750    1.01540    1.02236    1.02697
   1.03189    1.03430    1.04178    1.05023    1.05556    1.06105    1.06629    1.07190
   1.07996    1.08516    1.09166    1.10627    1.11120    1.12313    1.12545    1.13394
   1.14620    1.15927    1.16143    1.17083    1.17750    1.18268
 kpt#   3, nband=150, wtk=  0.12500, kpt=  0.3125  0.0625  0.2500 (reduced coord)
  -1.74676   -1.74635   -1.74538   -1.74266   -1.74107   -1.72165   -1.72037   -1.71935
  -1.71882   -1.71821   -1.71785   -1.71706   -1.71630   -1.71543   -1.71521   -0.73771
  -0.73738   -0.73621   -0.73603   -0.73588   -0.73571   -0.73530   -0.73504   -0.73494
  -0.73467   -0.72969   -0.72937   -0.72866   -0.72800   -0.72778   -0.46743   -0.43164
  -0.42319   -0.23094   -0.22773   -0.19052   -0.10385   -0.07641   -0.04558   -0.03195
  -0.03023   -0.02072    0.02280    0.03567    0.05488    0.09968    0.12070    0.12571
   0.15375    0.16330    0.16525    0.17763    0.20770    0.23421    0.24663    0.27393
   0.29885    0.30651    0.32657    0.33635    0.35716    0.36942    0.38542    0.39092
   0.40702    0.42406    0.45283    0.47393    0.47637    0.48645    0.49933    0.50880
   0.52366    0.53726    0.54111    0.55986    0.56541    0.57213    0.58373    0.58660
   0.58983    0.60348    0.61031    0.62358    0.63494    0.63891    0.65035    0.65416
   0.66128    0.67144    0.68040    0.68326    0.69874    0.70331    0.72364    0.73222
   0.73426    0.74199    0.74916    0.76472    0.77586    0.78170    0.79239    0.80280
   0.81285    0.81418    0.83471    0.85647    0.86380    0.86675    0.87479    0.88045
   0.88698    0.90090    0.90283    0.90570    0.91186    0.91739    0.92317    0.94848
   0.95507    0.96522    0.97322    0.98223    0.98752    0.99379    1.00079    1.01369
   1.01640    1.02375    1.02943    1.03913    1.05051    1.05528    1.06247    1.06574
   1.06932    1.07996    1.08482    1.09072    1.10115    1.10447    1.11788    1.12579
   1.13148    1.13666    1.14003    1.14810    1.15318    1.15763
 kpt#   4, nband=150, wtk=  0.12500, kpt=  0.4375  0.0625  0.2500 (reduced coord)
  -1.74725   -1.74656   -1.74584   -1.74466   -1.74295   -1.72251   -1.72151   -1.72074
  -1.71980   -1.71938   -1.71900   -1.71790   -1.71755   -1.71719   -1.71624   -0.73769
  -0.73736   -0.73635   -0.73607   -0.73603   -0.73580   -0.73570   -0.73533   -0.73515
  -0.73491   -0.72989   -0.72948   -0.72901   -0.72817   -0.72786   -0.45752   -0.42674
  -0.42581   -0.24717   -0.23670   -0.21397   -0.08490   -0.06121   -0.05306   -0.02770
  -0.02105   -0.01073    0.04170    0.05297    0.06915    0.08773    0.09310    0.10914
   0.11675    0.14079    0.14494    0.17180    0.18680    0.21785    0.25902    0.28767
   0.29763    0.32973    0.33469    0.36390    0.37521    0.38747    0.40273    0.41528
   0.42098    0.43610    0.44894    0.45821    0.46257    0.48121    0.49546    0.49869
   0.51920    0.52349    0.53205    0.55476    0.55669    0.56348    0.57247    0.59228
   0.60360    0.62108    0.63072    0.63326    0.63878    0.65371    0.66124    0.66968
   0.67506    0.68279    0.69150    0.70192    0.71622    0.72689    0.73823    0.74059
   0.75076    0.75522    0.75759    0.76890    0.77149    0.78370    0.79362    0.79688
   0.81078    0.82675    0.83437    0.83861    0.84613    0.85073    0.85409    0.87624
   0.87984    0.88988    0.89319    0.90841    0.91158    0.92072    0.94228    0.95298
   0.96047    0.96335    0.96826    0.97254    0.97491    0.98617    0.98942    0.99427
   0.99791    1.00572    1.01300    1.02981    1.03571    1.04732    1.05575    1.05844
   1.06898    1.07560    1.07859    1.08467    1.08969    1.09445    1.09964    1.11164
   1.12042    1.12725    1.13418    1.13650    1.15185    1.15376
 kpt#   5, nband=150, wtk=  0.06250, kpt=  0.1875  0.1875  0.2500 (reduced coord)
  -1.74775   -1.74762   -1.74621   -1.74275   -1.74197   -1.72194   -1.72116   -1.72107
  -1.71979   -1.71907   -1.71889   -1.71827   -1.71793   -1.71718   -1.71453   -0.73789
  -0.73756   -0.73633   -0.73615   -0.73606   -0.73587   -0.73539   -0.73524   -0.73501
  -0.73499   -0.72997   -0.72938   -0.72892   -0.72811   -0.72793   -0.47191   -0.43432
  -0.42125   -0.21421   -0.21071   -0.16796   -0.11877   -0.10780   -0.07943   -0.05092
  -0.02796   -0.02616    0.02496    0.04081    0.04335    0.11708    0.12102    0.13494
   0.15591    0.16015    0.21550    0.22653    0.22721    0.23296    0.25500    0.26852
   0.28089    0.31569    0.31935    0.34125    0.36153    0.36549    0.39382    0.40092
   0.41244    0.41438    0.42267    0.45124    0.46416    0.46771    0.48396    0.48778
   0.49721    0.50989    0.51722    0.53338    0.54892    0.57313    0.59239    0.59320
   0.59928    0.60877    0.61935    0.62407    0.64130    0.64383    0.64733    0.66486
   0.66769    0.67619    0.70236    0.71108    0.71216    0.71654    0.71778    0.73213
   0.73853    0.74944    0.75495    0.77976    0.78027    0.79092    0.79217    0.79908
   0.80066    0.81817    0.83100    0.83279    0.83634    0.84358    0.84955    0.86994
   0.87904    0.88652    0.89208    0.89878    0.90169    0.91104    0.93453    0.93700
   0.95522    0.95763    0.95897    0.96549    0.99022    1.00532    1.00547    1.01457
   1.01903    1.02387    1.03702    1.04092    1.04846    1.05411    1.05975    1.06810
   1.07236    1.08470    1.08713    1.09491    1.09815    1.11307    1.12788    1.13087
   1.13710    1.14941    1.14998    1.16107    1.16598    1.16797
 kpt#   6, nband=150, wtk=  0.12500, kpt=  0.3125  0.1875  0.2500 (reduced coord)
  -1.74711   -1.74676   -1.74606   -1.74504   -1.74181   -1.72309   -1.72185   -1.72088
  -1.72022   -1.71920   -1.71873   -1.71835   -1.71723   -1.71637   -1.71613   -0.73768
  -0.73738   -0.73641   -0.73623   -0.73611   -0.73593   -0.73575   -0.73563   -0.73492
  -0.73462   -0.73031   -0.72926   -0.72884   -0.72809   -0.72797   -0.46240   -0.42753
  -0.42101   -0.22739   -0.22095   -0.18803   -0.11963   -0.09809   -0.08011   -0.05432
  -0.03978   -0.02590    0.02153    0.03557    0.05011    0.10991    0.11595    0.12549
   0.14556    0.17568    0.21268    0.21910    0.23799    0.24438    0.24804    0.26186
   0.29709    0.32351    0.33753    0.34056    0.36189    0.37264    0.38746    0.40330
   0.41006    0.42823    0.43653    0.44416    0.45769    0.47261    0.50033    0.50691
   0.51319    0.51913    0.53401    0.53738    0.56241    0.57558    0.57781    0.58211
   0.60509    0.61759    0.62827    0.63441    0.64648    0.65401    0.65564    0.66841
   0.67188    0.67873    0.69619    0.71387    0.72040    0.73050    0.73394    0.74095
   0.74889    0.75293    0.76205    0.77197    0.77780    0.78588    0.79095    0.79467
   0.81136    0.81329    0.82471    0.83157    0.83906    0.85096    0.86106    0.86682
   0.87893    0.88183    0.88811    0.89980    0.90920    0.91804    0.92786    0.93666
   0.94754    0.95615    0.96131    0.96445    0.97203    0.97742    0.98221    0.98384
   0.99399    1.00016    1.02133    1.03041    1.03827    1.04527    1.05247    1.05813
   1.06268    1.06849    1.07331    1.07978    1.08414    1.09234    1.10921    1.11484
   1.12304    1.13487    1.14402    1.15060    1.16469    1.17380
 kpt#   7, nband=150, wtk=  0.12500, kpt=  0.4375  0.1875  0.2500 (reduced coord)
  -1.74695   -1.74615   -1.74541   -1.74456   -1.74367   -1.72255   -1.72153   -1.72124
  -1.72034   -1.71967   -1.71871   -1.71840   -1.71752   -1.71720   -1.71487   -0.73761
  -0.73729   -0.73631   -0.73625   -0.73609   -0.73594   -0.73579   -0.73546   -0.73510
  -0.73479   -0.73038   -0.72930   -0.72892   -0.72810   -0.72775   -0.45345   -0.42301
  -0.42197   -0.23904   -0.22779   -0.20575   -0.09959   -0.08368   -0.06847   -0.06619
  -0.05911   -0.02598    0.00575    0.01073    0.04615    0.09919    0.13388    0.14162
   0.16063    0.18204    0.20548    0.20845    0.22770    0.23308    0.25524    0.27530
   0.29362    0.30377    0.32780    0.34395    0.37655    0.38139    0.40546    0.41405
   0.42583    0.45373    0.45676    0.47052    0.47224    0.48267    0.49325    0.50040
   0.51376    0.52903    0.53529    0.54276    0.54685    0.55736    0.56803    0.58752
   0.59488    0.60227    0.61586    0.62392    0.64229    0.65217    0.66365    0.66905
   0.68312    0.69591    0.70104    0.70907    0.72006    0.72242    0.73729    0.74920
   0.75745    0.76356    0.77580    0.77723    0.78427    0.78746    0.80764    0.81681
   0.82244    0.83083    0.83266    0.84132    0.84509    0.85883    0.86083    0.86760
   0.87552    0.87914    0.88874    0.90629    0.90831    0.91278    0.92278    0.92743
   0.93376    0.94265    0.95196    0.95393    0.95642    0.96903    0.97228    0.98020
   0.99054    1.00112    1.00452    1.01189    1.02099    1.02436    1.03763    1.04461
   1.05302    1.05603    1.07185    1.07867    1.09445    1.09600    1.09761    1.10924
   1.12321    1.13144    1.13516    1.14078    1.14850    1.15438
 kpt#   8, nband=150, wtk=  0.06250, kpt=  0.3125  0.3125  0.2500 (reduced coord)
  -1.74651   -1.74642   -1.74591   -1.74535   -1.74168   -1.72270   -1.72184   -1.72057
  -1.72040   -1.71994   -1.71911   -1.71832   -1.71637   -1.71593   -1.71498   -0.73755
  -0.73713   -0.73648   -0.73637   -0.73635   -0.73623   -0.73576   -0.73550   -0.73469
  -0.73442   -0.73076   -0.72894   -0.72881   -0.72804   -0.72793   -0.45423   -0.42121
  -0.41838   -0.22420   -0.21250   -0.18704   -0.14606   -0.10588   -0.08595   -0.07422
  -0.06184   -0.05186   -0.00415   -0.00130    0.03726    0.11640    0.15154    0.15778
   0.19753    0.20083    0.21686    0.22964    0.23482    0.26337    0.26600    0.27604
   0.29283    0.31429    0.31568    0.36874    0.37891    0.38295    0.39281    0.41156
   0.41856    0.41968    0.42921    0.45497    0.46564    0.46991    0.49109    0.49941
   0.50324    0.51058    0.52194    0.54183    0.56135    0.57047    0.58392    0.59566
   0.61643    0.62312    0.64560    0.64852    0.65090    0.65238    0.65672    0.65716
   0.67380    0.68933    0.69346    0.70635    0.70907    0.72810    0.72886    0.73837
   0.74985    0.76729    0.77074    0.77700    0.78371    0.78776    0.79072    0.80616
   0.81706    0.82136    0.83266    0.84339    0.84567    0.84896    0.84905    0.85894
   0.87923    0.88134    0.89262    0.89571    0.90166    0.90756    0.91819    0.92291
   0.92497    0.92742    0.94281    0.94906    0.95252    0.96970    0.97105    0.97796
   0.99790    0.99951    1.01369    1.02270    1.02789    1.02921    1.04156    1.05671
   1.06701    1.07435    1.07681    1.08520    1.09434    1.10071    1.10233    1.10688
   1.11466    1.13459    1.14327    1.14414    1.15032    1.15788
 kpt#   9, nband=150, wtk=  0.12500, kpt=  0.4375  0.3125  0.2500 (reduced coord)
  -1.74708   -1.74697   -1.74645   -1.74465   -1.74289   -1.72314   -1.72252   -1.72105
  -1.72047   -1.71988   -1.71933   -1.71863   -1.71797   -1.71691   -1.71572   -0.73757
  -0.73720   -0.73673   -0.73656   -0.73627   -0.73620   -0.73595   -0.73573   -0.73475
  -0.73449   -0.73084   -0.72895   -0.72884   -0.72818   -0.72806   -0.44725   -0.41741
  -0.41616   -0.22452   -0.21120   -0.19044   -0.13935   -0.10696   -0.10506   -0.08616
  -0.06601   -0.06255   -0.03567   -0.02922    0.03825    0.11190    0.18724    0.19523
   0.20333    0.21889    0.22358    0.23791    0.24930    0.25266    0.27842    0.27974
   0.28625    0.30461    0.32582    0.34169    0.36029    0.37647    0.40927    0.42254
   0.42853    0.44105    0.44744    0.47722    0.48196    0.48725    0.49172    0.50766
   0.52524    0.52556    0.53754    0.54291    0.55466    0.56839    0.57531    0.58380
   0.59323    0.59678    0.60503    0.62463    0.62655    0.63759    0.66603    0.67381
   0.68569    0.68602    0.69315    0.70588    0.71410    0.71597    0.72693    0.73749
   0.74613    0.75612    0.76260    0.77551    0.78316    0.79657    0.81141    0.81573
   0.81664    0.82364    0.82678    0.83256    0.84168    0.85308    0.85620    0.86735
   0.86888    0.87715    0.88993    0.89976    0.90366    0.92107    0.92407    0.93149
   0.94083    0.94703    0.95239    0.96209    0.96743    0.97990    0.98556    0.98843
   0.99170    0.99844    1.00107    1.02039    1.02333    1.03067    1.04119    1.04369
   1.05140    1.06276    1.07072    1.07831    1.08596    1.09321    1.09369    1.09822
   1.10556    1.11203    1.12490    1.13540    1.13762    1.14996
 kpt#  10, nband=150, wtk=  0.06250, kpt=  0.4375  0.4375  0.2500 (reduced coord)
  -1.74887   -1.74732   -1.74653   -1.74542   -1.74383   -1.72462   -1.72333   -1.72284
  -1.72136   -1.72097   -1.72016   -1.71963   -1.71805   -1.71576   -1.71478   -0.73798
  -0.73730   -0.73700   -0.73677   -0.73662   -0.73634   -0.73575   -0.73564   -0.73477
  -0.73446   -0.73124   -0.72915   -0.72884   -0.72817   -0.72814   -0.44247   -0.41320
  -0.41173   -0.21011   -0.19307   -0.17094   -0.16219   -0.13816   -0.12164   -0.11138
  -0.08864   -0.07398   -0.05872   -0.03904    0.03980    0.12108    0.20200    0.20228
   0.21584    0.23649    0.23794    0.24427    0.27543    0.28056    0.28980    0.29874
   0.30345    0.30931    0.33353    0.35587    0.36545    0.36835    0.39546    0.40599
   0.41269    0.42359    0.47192    0.48260    0.49141    0.49336    0.50638    0.51123
   0.53069    0.53470    0.54015    0.56461    0.56535    0.56977    0.57222    0.58239
   0.59274    0.59464    0.61274    0.62346    0.62897    0.63500    0.64086    0.65294
   0.66419    0.66703    0.67723    0.68954    0.69587    0.70984    0.71156    0.71846
   0.72207    0.75186    0.75620    0.75786    0.75834    0.77628    0.79066    0.79921
   0.81205    0.82760    0.82976    0.83949    0.84223    0.86021    0.86700    0.88589
   0.89271    0.89597    0.91713    0.92387    0.92558    0.92640    0.92790    0.93513
   0.95090    0.95402    0.96731    0.97018    0.97748    0.97811    0.98630    1.00404
   1.00669    1.01068    1.01517    1.02729    1.03561    1.03735    1.04166    1.04609
   1.06104    1.06194    1.06894    1.07733    1.08163    1.08235    1.08880    1.09314
   1.10238    1.10592    1.12394    1.12908    1.13200    1.13304
