 Eigenvalues (hartree) for nkpt=  57  k points:
 kpt#   1, nband= 85, wtk=  1.00000, kpt=  0.5000  0.5000  0.0000 (reduced coord)
  -1.69693   -1.69679   -1.69679   -1.69631   -1.69631   -1.69622   -1.69534   -1.69475
  -1.69427   -1.69347   -1.69118   -1.69010   -1.68935   -1.68702   -1.68702   -1.67528
  -1.67421   -1.67306   -1.67251   -1.67251   -1.67129   -1.67108   -1.66543   -1.66543
  -1.66261   -0.69080   -0.69074   -0.68905   -0.68905   -0.68816   -0.68732   -0.68638
  -0.68555   -0.68464   -0.68462   -0.68443   -0.68420   -0.68420   -0.68410   -0.68395
  -0.68357   -0.68357   -0.68342   -0.68342   -0.68314   -0.68251   -0.68242   -0.68220
  -0.68220   -0.68154   -0.39119   -0.39017   -0.38754   -0.36155   -0.36011   -0.16497
  -0.15712   -0.13558   -0.12642   -0.12642   -0.12135   -0.10731   -0.10731   -0.10390
  -0.08029   -0.08029   -0.05363   -0.05363   -0.03777   -0.03777   -0.03202   -0.02169
   0.03613    0.04852    0.09669    0.18026    0.23079    0.23079    0.23568    0.24624
   0.26507    0.26507    0.29639    0.29639    0.32182
 kpt#   2, nband= 85, wtk=  1.00000, kpt=  0.4500  0.4500  0.0500 (reduced coord)
  -1.69732   -1.69704   -1.69605   -1.69587   -1.69549   -1.69505   -1.69496   -1.69380
  -1.69331   -1.69244   -1.68895   -1.68834   -1.68805   -1.68638   -1.68598   -1.67254
  -1.67230   -1.67107   -1.67075   -1.67047   -1.66939   -1.66903   -1.66686   -1.66543
  -1.66430   -0.69067   -0.69041   -0.68900   -0.68892   -0.68787   -0.68694   -0.68614
  -0.68525   -0.68452   -0.68436   -0.68434   -0.68421   -0.68408   -0.68406   -0.68367
  -0.68341   -0.68335   -0.68328   -0.68315   -0.68308   -0.68279   -0.68232   -0.68219
  -0.68209   -0.68125   -0.39221   -0.39102   -0.38816   -0.36238   -0.36094   -0.16924
  -0.16218   -0.14077   -0.13586   -0.12505   -0.11854   -0.10597   -0.09854   -0.09646
  -0.07897   -0.07077   -0.05235   -0.04767   -0.03657   -0.03211   -0.02665   -0.01917
   0.03560    0.04860    0.09627    0.17808    0.23187    0.23214    0.23521    0.24312
   0.26569    0.26848    0.29265    0.29577    0.31310
 kpt#   3, nband= 85, wtk=  1.00000, kpt=  0.4000  0.4000  0.1000 (reduced coord)
  -1.69852   -1.69744   -1.69730   -1.69687   -1.69595   -1.69551   -1.69450   -1.69422
  -1.69381   -1.69267   -1.69002   -1.68860   -1.68838   -1.68686   -1.68619   -1.67253
  -1.67200   -1.67171   -1.67055   -1.67030   -1.66953   -1.66950   -1.66788   -1.66651
  -1.66642   -0.69081   -0.69028   -0.68910   -0.68899   -0.68805   -0.68676   -0.68608
  -0.68535   -0.68460   -0.68452   -0.68433   -0.68420   -0.68416   -0.68401   -0.68382
  -0.68348   -0.68344   -0.68335   -0.68318   -0.68315   -0.68305   -0.68245   -0.68234
  -0.68225   -0.68141   -0.39645   -0.39364   -0.38876   -0.36463   -0.36318   -0.17723
  -0.17112   -0.14957   -0.14445   -0.12891   -0.12102   -0.10198   -0.07551   -0.07506
  -0.07337   -0.04868   -0.04859   -0.04504   -0.03303   -0.02657   -0.00577   -0.00201
   0.03339    0.05136    0.09475    0.17373    0.22067    0.23603    0.23988    0.24461
   0.25812    0.26710    0.27528    0.29040    0.29330
 kpt#   4, nband= 85, wtk=  1.00000, kpt=  0.3500  0.3500  0.1500 (reduced coord)
  -1.69702   -1.69690   -1.69627   -1.69539   -1.69425   -1.69384   -1.69322   -1.69267
  -1.69265   -1.69143   -1.68836   -1.68739   -1.68649   -1.68554   -1.68512   -1.67108
  -1.67027   -1.67004   -1.66923   -1.66876   -1.66832   -1.66816   -1.66625   -1.66499
  -1.66497   -0.69058   -0.68994   -0.68882   -0.68880   -0.68795   -0.68637   -0.68570
  -0.68510   -0.68445   -0.68439   -0.68412   -0.68406   -0.68391   -0.68374   -0.68364
  -0.68323   -0.68319   -0.68310   -0.68295   -0.68280   -0.68269   -0.68225   -0.68212
  -0.68202   -0.68131   -0.40360   -0.39792   -0.38925   -0.36765   -0.36616   -0.18351
  -0.17842   -0.15570   -0.15103   -0.13636   -0.11446   -0.09552   -0.06872   -0.05332
  -0.04690   -0.04558   -0.04253   -0.02734   -0.02344   -0.01469    0.01898    0.02131
   0.04027    0.05949    0.09230    0.17132    0.20396    0.22045    0.23065    0.24227
   0.24246    0.25999    0.26145    0.26814    0.27061
 kpt#   5, nband= 85, wtk=  1.00000, kpt=  0.3000  0.3000  0.2000 (reduced coord)
  -1.69820   -1.69748   -1.69678   -1.69592   -1.69562   -1.69510   -1.69382   -1.69322
  -1.69119   -1.69022   -1.68933   -1.68800   -1.68663   -1.68521   -1.68467   -1.67307
  -1.67152   -1.66966   -1.66921   -1.66887   -1.66835   -1.66684   -1.66658   -1.66581
  -1.66577   -0.69072   -0.68993   -0.68888   -0.68881   -0.68786   -0.68642   -0.68567
  -0.68529   -0.68451   -0.68435   -0.68425   -0.68402   -0.68400   -0.68377   -0.68366
  -0.68333   -0.68323   -0.68317   -0.68308   -0.68288   -0.68286   -0.68223   -0.68222
  -0.68191   -0.68118   -0.41216   -0.40363   -0.39045   -0.37073   -0.36919   -0.18612
  -0.18254   -0.15713   -0.15626   -0.13599   -0.10567   -0.08687   -0.06336   -0.06027
  -0.03448   -0.02658   -0.01987   -0.01348   -0.01050    0.00433    0.03257    0.05228
   0.06502    0.07615    0.09218    0.17266    0.18255    0.18398    0.19371    0.22289
   0.22725    0.24168    0.24977    0.25050    0.26741
 kpt#   6, nband= 85, wtk=  1.00000, kpt=  0.2500  0.2500  0.2500 (reduced coord)
  -1.69847   -1.69748   -1.69706   -1.69586   -1.69529   -1.69484   -1.69402   -1.69281
  -1.69209   -1.69035   -1.68946   -1.68773   -1.68647   -1.68614   -1.68557   -1.67227
  -1.67052   -1.66969   -1.66927   -1.66880   -1.66866   -1.66792   -1.66740   -1.66678
  -1.66620   -0.69096   -0.68953   -0.68886   -0.68883   -0.68814   -0.68613   -0.68549
  -0.68533   -0.68470   -0.68464   -0.68425   -0.68403   -0.68402   -0.68384   -0.68348
  -0.68345   -0.68329   -0.68312   -0.68306   -0.68298   -0.68248   -0.68234   -0.68218
  -0.68213   -0.68145   -0.42092   -0.41005   -0.39279   -0.37346   -0.37165   -0.18481
  -0.18272   -0.15865   -0.15292   -0.12946   -0.09512   -0.07651   -0.07354   -0.05017
  -0.02493   -0.01490   -0.01290   -0.01110    0.01503    0.02285    0.05765    0.07638
   0.07934    0.09648    0.10170    0.15853    0.16124    0.16851    0.18214    0.18781
   0.20211    0.20515    0.25663    0.25884    0.26458
 kpt#   7, nband= 85, wtk=  1.00000, kpt=  0.2000  0.2000  0.3000 (reduced coord)
  -1.69748   -1.69729   -1.69558   -1.69472   -1.69472   -1.69426   -1.69249   -1.69160
  -1.69072   -1.68960   -1.68897   -1.68580   -1.68567   -1.68465   -1.68277   -1.67131
  -1.66986   -1.66884   -1.66832   -1.66803   -1.66681   -1.66635   -1.66622   -1.66549
  -1.66392   -0.69094   -0.68874   -0.68873   -0.68869   -0.68823   -0.68597   -0.68518
  -0.68495   -0.68473   -0.68426   -0.68409   -0.68401   -0.68381   -0.68379   -0.68330
  -0.68324   -0.68321   -0.68286   -0.68280   -0.68268   -0.68241   -0.68202   -0.68198
  -0.68184   -0.68151   -0.42897   -0.41636   -0.39606   -0.37602   -0.37307   -0.18026
  -0.17856   -0.15573   -0.14502   -0.11848   -0.08347   -0.08207   -0.06510   -0.03913
  -0.02257   -0.01461   -0.00207   -0.00176    0.02446    0.03091    0.05913    0.08141
   0.08736    0.09954    0.10772    0.15431    0.15675    0.17529    0.17718    0.18680
   0.19448    0.19781    0.25650    0.25812    0.26152
 kpt#   8, nband= 85, wtk=  1.00000, kpt=  0.1500  0.1500  0.3500 (reduced coord)
  -1.69862   -1.69778   -1.69598   -1.69593   -1.69541   -1.69516   -1.69482   -1.69352
  -1.69329   -1.69167   -1.69007   -1.68836   -1.68677   -1.68597   -1.68566   -1.67199
  -1.67196   -1.67051   -1.67020   -1.66951   -1.66904   -1.66814   -1.66708   -1.66650
  -1.66600   -0.69126   -0.68893   -0.68890   -0.68885   -0.68865   -0.68606   -0.68537
  -0.68534   -0.68523   -0.68470   -0.68451   -0.68433   -0.68400   -0.68381   -0.68353
  -0.68344   -0.68315   -0.68310   -0.68295   -0.68290   -0.68277   -0.68225   -0.68211
  -0.68211   -0.68196   -0.43571   -0.42186   -0.39951   -0.37836   -0.37372   -0.17311
  -0.17078   -0.14796   -0.13457   -0.10419   -0.08745   -0.07175   -0.05368   -0.02982
  -0.02816   -0.00448    0.00723    0.00730    0.01223    0.02504    0.03180    0.06699
   0.07781    0.08818    0.09918    0.17035    0.17464    0.18357    0.19315    0.20117
   0.22192    0.23672    0.24645    0.24696    0.25383
 kpt#   9, nband= 85, wtk=  1.00000, kpt=  0.1000  0.1000  0.4000 (reduced coord)
  -1.70010   -1.69927   -1.69812   -1.69700   -1.69560   -1.69551   -1.69483   -1.69481
  -1.69417   -1.69355   -1.69039   -1.68965   -1.68762   -1.68523   -1.68507   -1.67303
  -1.67279   -1.67092   -1.67077   -1.67000   -1.66966   -1.66897   -1.66828   -1.66662
  -1.66648   -0.69153   -0.68913   -0.68906   -0.68885   -0.68879   -0.68636   -0.68562
  -0.68549   -0.68541   -0.68490   -0.68479   -0.68449   -0.68406   -0.68397   -0.68354
  -0.68334   -0.68325   -0.68324   -0.68313   -0.68296   -0.68288   -0.68238   -0.68224
  -0.68202   -0.68200   -0.44073   -0.42607   -0.40242   -0.38024   -0.37402   -0.16451
  -0.16118   -0.13668   -0.12404   -0.08908   -0.08687   -0.06136   -0.04360   -0.03584
  -0.01854   -0.00716   -0.00376    0.00428    0.01407    0.01484    0.01656    0.04674
   0.05535    0.06911    0.09192    0.17675    0.19181    0.21579    0.22753    0.22774
   0.23324    0.24175    0.24320    0.25781    0.26303
 kpt#  10, nband= 85, wtk=  1.00000, kpt=  0.0500  0.0500  0.4500 (reduced coord)
  -1.69962   -1.69884   -1.69871   -1.69746   -1.69703   -1.69625   -1.69607   -1.69438
  -1.69420   -1.69322   -1.69053   -1.68866   -1.68788   -1.68467   -1.68429   -1.67367
  -1.67264   -1.67211   -1.67079   -1.67000   -1.66864   -1.66849   -1.66822   -1.66640
  -1.66567   -0.69169   -0.68925   -0.68921   -0.68871   -0.68869   -0.68649   -0.68570
  -0.68560   -0.68553   -0.68501   -0.68490   -0.68472   -0.68388   -0.68384   -0.68345
  -0.68332   -0.68324   -0.68314   -0.68310   -0.68285   -0.68276   -0.68240   -0.68228
  -0.68198   -0.68183   -0.44381   -0.42869   -0.40433   -0.38145   -0.37417   -0.15720
  -0.15247   -0.12488   -0.11640   -0.08355   -0.07271   -0.05401   -0.04407   -0.03651
  -0.02570   -0.02016   -0.01184   -0.00088    0.01030    0.01537    0.01998    0.03216
   0.03328    0.05816    0.08984    0.17680    0.20174    0.21424    0.23317    0.23617
   0.25389    0.25800    0.26221    0.26999    0.27167
 kpt#  11, nband= 85, wtk=  1.00000, kpt=  0.0000  0.0000  0.5000 (reduced coord)
  -1.69914   -1.69890   -1.69884   -1.69716   -1.69716   -1.69598   -1.69514   -1.69419
  -1.69345   -1.69345   -1.69141   -1.68829   -1.68821   -1.68553   -1.68553   -1.67398
  -1.67323   -1.67083   -1.67063   -1.67051   -1.66987   -1.66987   -1.66890   -1.66552
  -1.66552   -0.69176   -0.68948   -0.68917   -0.68862   -0.68862   -0.68642   -0.68572
  -0.68571   -0.68559   -0.68517   -0.68497   -0.68461   -0.68372   -0.68372   -0.68355
  -0.68329   -0.68324   -0.68307   -0.68307   -0.68297   -0.68297   -0.68241   -0.68222
  -0.68194   -0.68194   -0.44485   -0.42958   -0.40499   -0.38186   -0.37422   -0.15433
  -0.14875   -0.11904   -0.11349   -0.07987   -0.06547   -0.05133   -0.05133   -0.03394
  -0.03394   -0.02132   -0.00943   -0.00943    0.01245    0.01245    0.02180    0.02180
   0.03016    0.05503    0.08951    0.17709    0.20434    0.20936    0.22914    0.23631
   0.25874    0.27190    0.27190    0.27661    0.27661
 kpt#  12, nband= 85, wtk=  1.00000, kpt=  0.0000  0.0000  0.4583 (reduced coord)
  -1.69903   -1.69881   -1.69781   -1.69708   -1.69708   -1.69590   -1.69502   -1.69396
  -1.69320   -1.69320   -1.69009   -1.68782   -1.68736   -1.68471   -1.68471   -1.67345
  -1.67198   -1.67059   -1.67032   -1.67018   -1.66880   -1.66880   -1.66797   -1.66540
  -1.66540   -0.69168   -0.68944   -0.68914   -0.68856   -0.68856   -0.68636   -0.68566
  -0.68558   -0.68556   -0.68510   -0.68494   -0.68441   -0.68368   -0.68368   -0.68331
  -0.68317   -0.68316   -0.68306   -0.68306   -0.68279   -0.68279   -0.68230   -0.68220
  -0.68188   -0.68188   -0.44485   -0.42958   -0.40499   -0.38186   -0.37422   -0.15433
  -0.14875   -0.11904   -0.11349   -0.07986   -0.06547   -0.05133   -0.05133   -0.03394
  -0.03394   -0.02132   -0.00943   -0.00943    0.01245    0.01245    0.02181    0.02181
   0.03017    0.05503    0.08951    0.17705    0.20440    0.20936    0.22914    0.23643
   0.25877    0.27191    0.27191    0.27662    0.27662
 kpt#  13, nband= 85, wtk=  1.00000, kpt=  0.0000  0.0000  0.4167 (reduced coord)
  -1.69916   -1.69899   -1.69777   -1.69744   -1.69694   -1.69694   -1.69656   -1.69592
  -1.69313   -1.69313   -1.68974   -1.68838   -1.68823   -1.68343   -1.68343   -1.67420
  -1.67414   -1.67153   -1.67095   -1.67012   -1.66798   -1.66718   -1.66718   -1.66538
  -1.66538   -0.69171   -0.68959   -0.68928   -0.68848   -0.68848   -0.68644   -0.68594
  -0.68574   -0.68563   -0.68522   -0.68501   -0.68443   -0.68361   -0.68361   -0.68345
  -0.68330   -0.68319   -0.68301   -0.68301   -0.68261   -0.68261   -0.68244   -0.68236
  -0.68177   -0.68177   -0.44485   -0.42958   -0.40499   -0.38186   -0.37422   -0.15433
  -0.14876   -0.11904   -0.11349   -0.07986   -0.06547   -0.05132   -0.05132   -0.03394
  -0.03394   -0.02132   -0.00942   -0.00942    0.01245    0.01245    0.02181    0.02181
   0.03017    0.05504    0.08952    0.17691    0.20456    0.20935    0.22900    0.23677
   0.25838    0.27193    0.27193    0.27664    0.27664
 kpt#  14, nband= 85, wtk=  1.00000, kpt=  0.0000  0.0000  0.3750 (reduced coord)
  -1.70006   -1.69948   -1.69899   -1.69899   -1.69846   -1.69749   -1.69667   -1.69583
  -1.69434   -1.69434   -1.69057   -1.68843   -1.68832   -1.68408   -1.68408   -1.67473
  -1.67438   -1.67162   -1.67104   -1.67085   -1.66876   -1.66828   -1.66828   -1.66621
  -1.66621   -0.69174   -0.68968   -0.68931   -0.68869   -0.68869   -0.68637   -0.68597
  -0.68575   -0.68574   -0.68529   -0.68504   -0.68459   -0.68384   -0.68384   -0.68351
  -0.68340   -0.68334   -0.68323   -0.68323   -0.68277   -0.68277   -0.68246   -0.68237
  -0.68187   -0.68187   -0.44485   -0.42958   -0.40499   -0.38186   -0.37422   -0.15434
  -0.14876   -0.11905   -0.11349   -0.07986   -0.06547   -0.05133   -0.05133   -0.03394
  -0.03394   -0.02131   -0.00943   -0.00943    0.01245    0.01245    0.02181    0.02181
   0.03017    0.05505    0.08951    0.17670    0.20479    0.20935    0.22898    0.23730
   0.25835    0.27192    0.27192    0.27663    0.27663
 kpt#  15, nband= 85, wtk=  1.00000, kpt=  0.0000  0.0000  0.3333 (reduced coord)
  -1.69966   -1.69966   -1.69879   -1.69858   -1.69846   -1.69631   -1.69631   -1.69523
  -1.69447   -1.69447   -1.69080   -1.68832   -1.68821   -1.68406   -1.68406   -1.67437
  -1.67409   -1.67081   -1.67076   -1.67016   -1.66920   -1.66849   -1.66849   -1.66625
  -1.66625   -0.69179   -0.68953   -0.68913   -0.68873   -0.68873   -0.68651   -0.68592
  -0.68572   -0.68556   -0.68516   -0.68485   -0.68458   -0.68395   -0.68395   -0.68344
  -0.68344   -0.68328   -0.68325   -0.68325   -0.68274   -0.68274   -0.68242   -0.68219
  -0.68190   -0.68190   -0.44485   -0.42958   -0.40499   -0.38186   -0.37422   -0.15433
  -0.14876   -0.11905   -0.11349   -0.07986   -0.06547   -0.05132   -0.05132   -0.03394
  -0.03394   -0.02132   -0.00943   -0.00943    0.01245    0.01245    0.02181    0.02181
   0.03017    0.05505    0.08950    0.17645    0.20511    0.20936    0.22899    0.23809
   0.25835    0.27192    0.27192    0.27663    0.27663
 kpt#  16, nband= 85, wtk=  1.00000, kpt=  0.0000  0.0000  0.2917 (reduced coord)
  -1.70016   -1.69977   -1.69977   -1.69893   -1.69877   -1.69679   -1.69679   -1.69542
  -1.69514   -1.69514   -1.69266   -1.68931   -1.68901   -1.68592   -1.68592   -1.67479
  -1.67434   -1.67325   -1.67194   -1.67054   -1.66970   -1.66970   -1.66967   -1.66690
  -1.66690   -0.69196   -0.68960   -0.68918   -0.68885   -0.68885   -0.68676   -0.68604
  -0.68602   -0.68564   -0.68521   -0.68488   -0.68462   -0.68409   -0.68409   -0.68381
  -0.68351   -0.68346   -0.68346   -0.68335   -0.68285   -0.68285   -0.68261   -0.68225
  -0.68205   -0.68205   -0.44485   -0.42958   -0.40500   -0.38186   -0.37423   -0.15434
  -0.14877   -0.11906   -0.11350   -0.07986   -0.06547   -0.05132   -0.05132   -0.03394
  -0.03394   -0.02132   -0.00943   -0.00943    0.01245    0.01245    0.02180    0.02180
   0.03017    0.05506    0.08949    0.17614    0.20543    0.20936    0.22898    0.23910
   0.25834    0.27191    0.27191    0.27535    0.27662
 kpt#  17, nband= 85, wtk=  1.00000, kpt=  0.0000  0.0000  0.2500 (reduced coord)
  -1.69968   -1.69968   -1.69924   -1.69890   -1.69872   -1.69638   -1.69606   -1.69537
  -1.69425   -1.69425   -1.69087   -1.68902   -1.68893   -1.68423   -1.68423   -1.67472
  -1.67382   -1.67249   -1.67180   -1.67051   -1.66890   -1.66890   -1.66805   -1.66568
  -1.66568   -0.69187   -0.68955   -0.68917   -0.68872   -0.68872   -0.68674   -0.68596
  -0.68595   -0.68563   -0.68518   -0.68488   -0.68422   -0.68402   -0.68402   -0.68359
  -0.68344   -0.68334   -0.68322   -0.68322   -0.68274   -0.68274   -0.68258   -0.68224
  -0.68185   -0.68185   -0.44485   -0.42958   -0.40499   -0.38186   -0.37422   -0.15434
  -0.14877   -0.11906   -0.11350   -0.07985   -0.06547   -0.05132   -0.05132   -0.03393
  -0.03393   -0.02132   -0.00942   -0.00942    0.01245    0.01245    0.02180    0.02180
   0.03017    0.05508    0.08950    0.17584    0.20580    0.20936    0.22900    0.24037
   0.25843    0.27192    0.27192    0.27225    0.27663
 kpt#  18, nband= 85, wtk=  1.00000, kpt=  0.0000  0.0000  0.2083 (reduced coord)
  -1.70004   -1.69883   -1.69870   -1.69866   -1.69866   -1.69603   -1.69531   -1.69476
  -1.69350   -1.69350   -1.69059   -1.68898   -1.68892   -1.68398   -1.68398   -1.67465
  -1.67378   -1.67175   -1.67103   -1.67050   -1.66838   -1.66838   -1.66828   -1.66528
  -1.66528   -0.69184   -0.68954   -0.68917   -0.68862   -0.68862   -0.68676   -0.68596
  -0.68569   -0.68562   -0.68518   -0.68487   -0.68423   -0.68384   -0.68384   -0.68353
  -0.68343   -0.68333   -0.68312   -0.68312   -0.68269   -0.68269   -0.68257   -0.68224
  -0.68180   -0.68180   -0.44485   -0.42958   -0.40499   -0.38186   -0.37422   -0.15434
  -0.14877   -0.11905   -0.11350   -0.07986   -0.06547   -0.05132   -0.05132   -0.03393
  -0.03393   -0.02133   -0.00942   -0.00942    0.01245    0.01245    0.02180    0.02180
   0.03017    0.05509    0.08950    0.17557    0.20615    0.20936    0.22900    0.24187
   0.25842    0.26910    0.27192    0.27192    0.27663
 kpt#  19, nband= 85, wtk=  1.00000, kpt=  0.0000  0.0000  0.1667 (reduced coord)
  -1.70089   -1.69970   -1.69970   -1.69900   -1.69887   -1.69618   -1.69534   -1.69446
  -1.69446   -1.69446   -1.69082   -1.68907   -1.68892   -1.68417   -1.68417   -1.67468
  -1.67394   -1.67185   -1.67085   -1.67050   -1.66917   -1.66917   -1.66846   -1.66534
  -1.66534   -0.69187   -0.68958   -0.68917   -0.68875   -0.68875   -0.68684   -0.68600
  -0.68566   -0.68562   -0.68520   -0.68487   -0.68426   -0.68397   -0.68397   -0.68354
  -0.68345   -0.68333   -0.68329   -0.68329   -0.68275   -0.68275   -0.68258   -0.68224
  -0.68181   -0.68181   -0.44485   -0.42958   -0.40499   -0.38186   -0.37421   -0.15434
  -0.14877   -0.11904   -0.11350   -0.07986   -0.06547   -0.05132   -0.05132   -0.03393
  -0.03393   -0.02134   -0.00942   -0.00942    0.01245    0.01245    0.02180    0.02180
   0.03017    0.05508    0.08949    0.17530    0.20647    0.20936    0.22899    0.24353
   0.25841    0.26601    0.27192    0.27192    0.27663
 kpt#  20, nband= 85, wtk=  1.00000, kpt=  0.0000  0.0000  0.1250 (reduced coord)
  -1.70093   -1.69930   -1.69930   -1.69880   -1.69873   -1.69577   -1.69534   -1.69449
  -1.69416   -1.69416   -1.69076   -1.68926   -1.68866   -1.68437   -1.68437   -1.67442
  -1.67387   -1.67166   -1.67075   -1.67038   -1.66899   -1.66899   -1.66846   -1.66479
  -1.66479   -0.69187   -0.68953   -0.68915   -0.68872   -0.68872   -0.68686   -0.68603
  -0.68566   -0.68560   -0.68511   -0.68485   -0.68425   -0.68392   -0.68392   -0.68353
  -0.68345   -0.68330   -0.68325   -0.68325   -0.68273   -0.68273   -0.68258   -0.68222
  -0.68173   -0.68173   -0.44484   -0.42958   -0.40499   -0.38187   -0.37421   -0.15434
  -0.14877   -0.11904   -0.11350   -0.07986   -0.06547   -0.05132   -0.05132   -0.03393
  -0.03393   -0.02135   -0.00942   -0.00942    0.01245    0.01245    0.02181    0.02181
   0.03017    0.05509    0.08949    0.17507    0.20673    0.20947    0.22903    0.24535
   0.25841    0.26306    0.27192    0.27192    0.27662
 kpt#  21, nband= 85, wtk=  1.00000, kpt=  0.0000  0.0000  0.0833 (reduced coord)
  -1.70107   -1.69938   -1.69938   -1.69900   -1.69884   -1.69727   -1.69642   -1.69555
  -1.69555   -1.69460   -1.69100   -1.68997   -1.68980   -1.68534   -1.68534   -1.67487
  -1.67438   -1.67240   -1.67211   -1.67085   -1.66942   -1.66942   -1.66871   -1.66592
  -1.66592   -0.69188   -0.68960   -0.68931   -0.68884   -0.68884   -0.68688   -0.68609
  -0.68578   -0.68569   -0.68522   -0.68500   -0.68428   -0.68406   -0.68406   -0.68357
  -0.68355   -0.68341   -0.68335   -0.68335   -0.68285   -0.68285   -0.68270   -0.68244
  -0.68191   -0.68191   -0.44485   -0.42958   -0.40499   -0.38187   -0.37421   -0.15434
  -0.14877   -0.11904   -0.11350   -0.07986   -0.06547   -0.05132   -0.05132   -0.03394
  -0.03394   -0.02135   -0.00942   -0.00942    0.01245    0.01245    0.02180    0.02180
   0.03017    0.05510    0.08949    0.17490    0.20693    0.20948    0.22902    0.24722
   0.25840    0.26037    0.27191    0.27191    0.27661
 kpt#  22, nband= 85, wtk=  1.00000, kpt=  0.0000  0.0000  0.0417 (reduced coord)
  -1.70178   -1.70059   -1.69941   -1.69941   -1.69931   -1.69789   -1.69786   -1.69738
  -1.69637   -1.69637   -1.69131   -1.68995   -1.68921   -1.68508   -1.68508   -1.67532
  -1.67414   -1.67320   -1.67205   -1.67203   -1.67003   -1.66886   -1.66886   -1.66499
  -1.66499   -0.69212   -0.68985   -0.68931   -0.68886   -0.68886   -0.68722   -0.68620
  -0.68596   -0.68579   -0.68546   -0.68498   -0.68431   -0.68414   -0.68414   -0.68368
  -0.68366   -0.68338   -0.68338   -0.68330   -0.68280   -0.68274   -0.68274   -0.68241
  -0.68175   -0.68175   -0.44485   -0.42958   -0.40500   -0.38187   -0.37422   -0.15435
  -0.14878   -0.11905   -0.11350   -0.07987   -0.06547   -0.05132   -0.05132   -0.03394
  -0.03394   -0.02136   -0.00942   -0.00942    0.01245    0.01245    0.02181    0.02181
   0.03017    0.05509    0.08948    0.17478    0.20704    0.20946    0.22902    0.24889
   0.25819    0.25839    0.27191    0.27191    0.27662
 kpt#  23, nband= 85, wtk=  1.00000, kpt=  0.0000  0.0000  0.0000 (reduced coord)
  -1.70224   -1.70062   -1.69909   -1.69907   -1.69907   -1.69779   -1.69775   -1.69759
  -1.69714   -1.69714   -1.69159   -1.68999   -1.68935   -1.68586   -1.68586   -1.67515
  -1.67403   -1.67338   -1.67241   -1.67223   -1.67048   -1.67036   -1.67036   -1.66557
  -1.66557   -0.69218   -0.68984   -0.68929   -0.68892   -0.68892   -0.68732   -0.68618
  -0.68597   -0.68574   -0.68546   -0.68500   -0.68435   -0.68418   -0.68418   -0.68374
  -0.68366   -0.68345   -0.68345   -0.68329   -0.68293   -0.68293   -0.68281   -0.68244
  -0.68194   -0.68194   -0.44485   -0.42958   -0.40500   -0.38187   -0.37422   -0.15435
  -0.14878   -0.11905   -0.11350   -0.07987   -0.06548   -0.05132   -0.05132   -0.03394
  -0.03394   -0.02136   -0.00942   -0.00942    0.01245    0.01245    0.02180    0.02180
   0.03017    0.05509    0.08948    0.17474    0.20707    0.20945    0.22903    0.24966
   0.25725    0.25843    0.27191    0.27191    0.27662
 kpt#  24, nband= 85, wtk=  1.00000, kpt=  0.0278  0.0278  0.0278 (reduced coord)
  -1.70045   -1.69929   -1.69895   -1.69817   -1.69810   -1.69674   -1.69634   -1.69609
  -1.69450   -1.69441   -1.69101   -1.68900   -1.68844   -1.68470   -1.68432   -1.67360
  -1.67311   -1.67233   -1.67161   -1.67040   -1.66903   -1.66812   -1.66758   -1.66661
  -1.66527   -0.69182   -0.68941   -0.68919   -0.68881   -0.68879   -0.68681   -0.68578
  -0.68571   -0.68563   -0.68509   -0.68492   -0.68431   -0.68412   -0.68397   -0.68368
  -0.68354   -0.68337   -0.68320   -0.68314   -0.68279   -0.68267   -0.68240   -0.68231
  -0.68196   -0.68175   -0.44452   -0.42931   -0.40479   -0.38174   -0.37420   -0.15525
  -0.14997   -0.12101   -0.11443   -0.08118   -0.06798   -0.05216   -0.04860   -0.03475
  -0.03123   -0.02154   -0.01018   -0.00645    0.01178    0.01369    0.02124    0.02531
   0.03085    0.05605    0.08957    0.17473    0.20606    0.21086    0.23049    0.24928
   0.25787    0.25833    0.26597    0.27188    0.27227
 kpt#  25, nband= 85, wtk=  1.00000, kpt=  0.0556  0.0556  0.0556 (reduced coord)
  -1.69912   -1.69859   -1.69780   -1.69667   -1.69661   -1.69548   -1.69465   -1.69410
  -1.69387   -1.69364   -1.69007   -1.68739   -1.68670   -1.68395   -1.68360   -1.67225
  -1.67134   -1.67096   -1.66980   -1.66929   -1.66804   -1.66729   -1.66718   -1.66578
  -1.66546   -0.69166   -0.68918   -0.68894   -0.68869   -0.68859   -0.68665   -0.68555
  -0.68552   -0.68538   -0.68487   -0.68471   -0.68415   -0.68391   -0.68375   -0.68353
  -0.68333   -0.68316   -0.68297   -0.68297   -0.68261   -0.68253   -0.68215   -0.68213
  -0.68181   -0.68175   -0.44356   -0.42848   -0.40418   -0.38135   -0.37415   -0.15785
  -0.15327   -0.12605   -0.11704   -0.08420   -0.07415   -0.05462   -0.04289   -0.03711
  -0.02398   -0.01933   -0.01240    0.00078    0.00980    0.01566    0.01957    0.03371
   0.03485    0.05903    0.08991    0.17474    0.20289    0.21523    0.23396    0.24804
   0.25014    0.25785    0.25840    0.26045    0.26876
 kpt#  26, nband= 85, wtk=  1.00000, kpt=  0.0833  0.0833  0.0833 (reduced coord)
  -1.69912   -1.69739   -1.69726   -1.69618   -1.69594   -1.69528   -1.69475   -1.69474
  -1.69348   -1.69310   -1.69129   -1.68853   -1.68816   -1.68636   -1.68432   -1.67248
  -1.67205   -1.67050   -1.67047   -1.67020   -1.66892   -1.66852   -1.66716   -1.66712
  -1.66526   -0.69157   -0.68909   -0.68897   -0.68881   -0.68866   -0.68644   -0.68555
  -0.68552   -0.68538   -0.68482   -0.68472   -0.68437   -0.68394   -0.68388   -0.68367
  -0.68336   -0.68333   -0.68310   -0.68306   -0.68284   -0.68255   -0.68224   -0.68218
  -0.68212   -0.68174   -0.44197   -0.42713   -0.40319   -0.38072   -0.37408   -0.16175
  -0.15799   -0.13257   -0.12106   -0.08721   -0.08224   -0.05848   -0.04083   -0.03801
  -0.01592   -0.01390   -0.01131    0.00665    0.01024    0.01554    0.01688    0.04103
   0.04717    0.06449    0.09081    0.17492    0.19727    0.22248    0.22917    0.23938
   0.23950    0.24583    0.25110    0.25768    0.26425
 kpt#  27, nband= 85, wtk=  1.00000, kpt=  0.1111  0.1111  0.1111 (reduced coord)
  -1.69805   -1.69722   -1.69688   -1.69619   -1.69577   -1.69527   -1.69459   -1.69407
  -1.69401   -1.69321   -1.69035   -1.68946   -1.68860   -1.68584   -1.68500   -1.67295
  -1.67264   -1.67146   -1.67100   -1.66999   -1.66911   -1.66785   -1.66766   -1.66639
  -1.66569   -0.69142   -0.68915   -0.68902   -0.68868   -0.68868   -0.68623   -0.68563
  -0.68545   -0.68535   -0.68490   -0.68472   -0.68440   -0.68390   -0.68390   -0.68368
  -0.68336   -0.68324   -0.68322   -0.68309   -0.68283   -0.68265   -0.68234   -0.68227
  -0.68199   -0.68188   -0.43977   -0.42526   -0.40185   -0.37987   -0.37397   -0.16642
  -0.16336   -0.13938   -0.12622   -0.09189   -0.08809   -0.06346   -0.04565   -0.03453
  -0.02049   -0.00262    0.00207    0.00252    0.01301    0.01333    0.02039    0.05091
   0.06081    0.07292    0.09297    0.17551    0.18850    0.20688    0.22227    0.22422
   0.23169    0.24579    0.25040    0.25384    0.25790
 kpt#  28, nband= 85, wtk=  1.00000, kpt=  0.1389  0.1389  0.1389 (reduced coord)
  -1.69860   -1.69751   -1.69708   -1.69554   -1.69509   -1.69456   -1.69431   -1.69338
  -1.69318   -1.69172   -1.68984   -1.68844   -1.68523   -1.68476   -1.68474   -1.67205
  -1.67203   -1.67063   -1.67036   -1.66809   -1.66781   -1.66769   -1.66589   -1.66576
  -1.66533   -0.69131   -0.68895   -0.68882   -0.68866   -0.68859   -0.68622   -0.68538
  -0.68536   -0.68515   -0.68469   -0.68448   -0.68430   -0.68388   -0.68381   -0.68354
  -0.68322   -0.68314   -0.68308   -0.68286   -0.68267   -0.68266   -0.68223   -0.68195
  -0.68192   -0.68181   -0.43698   -0.42292   -0.40022   -0.37883   -0.37380   -0.17125
  -0.16874   -0.14569   -0.13213   -0.10070   -0.08803   -0.06927   -0.05128   -0.03124
  -0.02585   -0.00236    0.00823    0.00908    0.00914    0.01847    0.02894    0.06218
   0.07352    0.08376    0.09708    0.17523    0.17665    0.18756    0.20161    0.20700
   0.23073    0.24242    0.24633    0.25186    0.25199
 kpt#  29, nband= 85, wtk=  1.00000, kpt=  0.1667  0.1667  0.1667 (reduced coord)
  -1.69832   -1.69706   -1.69610   -1.69552   -1.69500   -1.69484   -1.69361   -1.69265
  -1.69218   -1.69118   -1.68979   -1.68730   -1.68652   -1.68526   -1.68413   -1.67225
  -1.67082   -1.67016   -1.66925   -1.66886   -1.66787   -1.66727   -1.66631   -1.66584
  -1.66491   -0.69120   -0.68876   -0.68872   -0.68871   -0.68865   -0.68614   -0.68532
  -0.68512   -0.68504   -0.68443   -0.68438   -0.68421   -0.68389   -0.68388   -0.68351
  -0.68328   -0.68323   -0.68291   -0.68283   -0.68270   -0.68268   -0.68209   -0.68204
  -0.68186   -0.68184   -0.43364   -0.42015   -0.39839   -0.37762   -0.37356   -0.17575
  -0.17368   -0.15103   -0.13821   -0.10925   -0.08611   -0.07559   -0.05742   -0.03174
  -0.02756   -0.00776    0.00433    0.00439    0.01742    0.03143    0.03841    0.07449
   0.08264    0.09420    0.10239    0.16297    0.16816    0.17994    0.18416    0.19353
   0.21042    0.22243    0.25362    0.25469    0.25641
 kpt#  30, nband= 85, wtk=  1.00000, kpt=  0.1944  0.1944  0.1944 (reduced coord)
  -1.69805   -1.69708   -1.69621   -1.69577   -1.69504   -1.69427   -1.69265   -1.69210
  -1.69113   -1.69028   -1.68972   -1.68726   -1.68648   -1.68592   -1.68314   -1.67215
  -1.67047   -1.66960   -1.66886   -1.66879   -1.66745   -1.66681   -1.66681   -1.66652
  -1.66427   -0.69111   -0.68882   -0.68880   -0.68872   -0.68837   -0.68608   -0.68527
  -0.68503   -0.68485   -0.68434   -0.68429   -0.68415   -0.68391   -0.68390   -0.68346
  -0.68332   -0.68329   -0.68288   -0.68288   -0.68272   -0.68251   -0.68214   -0.68211
  -0.68183   -0.68163   -0.42980   -0.41702   -0.39645   -0.37630   -0.37317   -0.17959
  -0.17784   -0.15509   -0.14395   -0.11703   -0.08285   -0.08216   -0.06382   -0.03789
  -0.02344   -0.01345   -0.00095   -0.00073    0.02366    0.03162    0.05570    0.08281
   0.08591    0.09921    0.10712    0.15636    0.15681    0.17450    0.17946    0.18602
   0.19666    0.20097    0.25781    0.25857    0.26121
 kpt#  31, nband= 85, wtk=  1.00000, kpt=  0.2222  0.2222  0.2222 (reduced coord)
  -1.69850   -1.69748   -1.69608   -1.69541   -1.69541   -1.69430   -1.69348   -1.69170
  -1.69157   -1.69054   -1.68917   -1.68652   -1.68644   -1.68550   -1.68454   -1.67199
  -1.67005   -1.66989   -1.66861   -1.66849   -1.66748   -1.66740   -1.66672   -1.66625
  -1.66536   -0.69102   -0.68902   -0.68884   -0.68875   -0.68825   -0.68607   -0.68531
  -0.68508   -0.68474   -0.68445   -0.68424   -0.68405   -0.68395   -0.68389   -0.68346
  -0.68332   -0.68328   -0.68300   -0.68293   -0.68280   -0.68242   -0.68212   -0.68212
  -0.68205   -0.68153   -0.42552   -0.41362   -0.39454   -0.37490   -0.37256   -0.18263
  -0.18094   -0.15766   -0.14895   -0.12383   -0.08873   -0.07857   -0.07025   -0.04410
  -0.01924   -0.01904   -0.00676   -0.00592    0.02507    0.02671    0.07054    0.07317
   0.08624    0.10200    0.10647    0.15122    0.15719    0.17486    0.17640    0.18711
   0.18798    0.19576    0.25834    0.26256    0.26275
 kpt#  32, nband= 85, wtk=  1.00000, kpt=  0.2500  0.2500  0.2500 (reduced coord)
  -1.69847   -1.69748   -1.69706   -1.69586   -1.69529   -1.69484   -1.69402   -1.69281
  -1.69209   -1.69035   -1.68946   -1.68773   -1.68647   -1.68614   -1.68557   -1.67227
  -1.67052   -1.66969   -1.66927   -1.66880   -1.66866   -1.66792   -1.66740   -1.66678
  -1.66620   -0.69096   -0.68953   -0.68886   -0.68883   -0.68814   -0.68613   -0.68549
  -0.68533   -0.68470   -0.68464   -0.68425   -0.68403   -0.68402   -0.68384   -0.68348
  -0.68345   -0.68329   -0.68312   -0.68306   -0.68298   -0.68248   -0.68234   -0.68218
  -0.68213   -0.68145   -0.42092   -0.41005   -0.39279   -0.37346   -0.37165   -0.18481
  -0.18272   -0.15865   -0.15292   -0.12946   -0.09512   -0.07651   -0.07354   -0.05017
  -0.02493   -0.01490   -0.01290   -0.01110    0.01503    0.02285    0.05765    0.07638
   0.07934    0.09648    0.10170    0.15853    0.16124    0.16851    0.18214    0.18781
   0.20211    0.20515    0.25663    0.25884    0.26458
 kpt#  33, nband= 85, wtk=  1.00000, kpt=  0.2778  0.2778  0.2778 (reduced coord)
  -1.69876   -1.69775   -1.69755   -1.69676   -1.69596   -1.69556   -1.69467   -1.69347
  -1.69253   -1.69063   -1.69036   -1.68820   -1.68725   -1.68606   -1.68454   -1.67310
  -1.67162   -1.67065   -1.66973   -1.66952   -1.66858   -1.66822   -1.66708   -1.66668
  -1.66613   -0.69091   -0.68983   -0.68899   -0.68891   -0.68801   -0.68636   -0.68560
  -0.68547   -0.68469   -0.68449   -0.68438   -0.68415   -0.68405   -0.68381   -0.68376
  -0.68351   -0.68334   -0.68326   -0.68316   -0.68303   -0.68279   -0.68231   -0.68230
  -0.68204   -0.68127   -0.41609   -0.40645   -0.39134   -0.37199   -0.37039   -0.18599
  -0.18314   -0.15812   -0.15560   -0.13372   -0.10116   -0.08244   -0.06800   -0.05596
  -0.03038   -0.02006   -0.01609   -0.01142    0.00037    0.01385    0.04299    0.06427
   0.07404    0.08582    0.09533    0.16963    0.17190    0.17476    0.18125    0.20661
   0.21534    0.22439    0.25312    0.25381    0.26629
 kpt#  34, nband= 85, wtk=  1.00000, kpt=  0.3056  0.3056  0.3056 (reduced coord)
  -1.69876   -1.69744   -1.69725   -1.69648   -1.69578   -1.69531   -1.69419   -1.69309
  -1.69185   -1.69063   -1.68965   -1.68821   -1.68687   -1.68621   -1.68583   -1.67368
  -1.67215   -1.67026   -1.67006   -1.66901   -1.66892   -1.66740   -1.66697   -1.66630
  -1.66574   -0.69076   -0.69005   -0.68894   -0.68888   -0.68793   -0.68653   -0.68579
  -0.68535   -0.68457   -0.68442   -0.68419   -0.68416   -0.68407   -0.68388   -0.68374
  -0.68343   -0.68325   -0.68322   -0.68308   -0.68299   -0.68293   -0.68234   -0.68221
  -0.68204   -0.68126   -0.41117   -0.40295   -0.39027   -0.37041   -0.36887   -0.18603
  -0.18226   -0.15712   -0.15593   -0.13638   -0.10675   -0.08793   -0.06219   -0.06131
  -0.03546   -0.02842   -0.02077   -0.01692   -0.01093    0.00190    0.03034    0.04897
   0.06245    0.07375    0.09179    0.17236    0.18607    0.18669    0.19769    0.22679
   0.23063    0.24618    0.24889    0.24990    0.26758
 kpt#  35, nband= 85, wtk=  1.00000, kpt=  0.3333  0.3333  0.3333 (reduced coord)
  -1.69912   -1.69764   -1.69762   -1.69633   -1.69620   -1.69561   -1.69426   -1.69408
  -1.69252   -1.69159   -1.68907   -1.68790   -1.68726   -1.68688   -1.68663   -1.67380
  -1.67090   -1.67068   -1.66993   -1.66989   -1.66956   -1.66850   -1.66774   -1.66657
  -1.66641   -0.69070   -0.69009   -0.68904   -0.68902   -0.68799   -0.68658   -0.68590
  -0.68526   -0.68453   -0.68449   -0.68427   -0.68422   -0.68410   -0.68390   -0.68380
  -0.68345   -0.68344   -0.68329   -0.68312   -0.68311   -0.68305   -0.68239   -0.68238
  -0.68215   -0.68132   -0.40636   -0.39970   -0.38955   -0.36871   -0.36720   -0.18483
  -0.18019   -0.15668   -0.15308   -0.13708   -0.11176   -0.09286   -0.06613   -0.05644
  -0.04004   -0.03924   -0.03488   -0.02503   -0.01680   -0.00926    0.02232    0.03168
   0.04829    0.06380    0.09161    0.17131    0.19788    0.20718    0.21854    0.24185
   0.24452    0.24820    0.25205    0.26754    0.26817
 kpt#  36, nband= 85, wtk=  1.00000, kpt=  0.3611  0.3611  0.3611 (reduced coord)
  -1.69866   -1.69776   -1.69770   -1.69653   -1.69635   -1.69544   -1.69459   -1.69402
  -1.69350   -1.69244   -1.68939   -1.68841   -1.68808   -1.68669   -1.68644   -1.67245
  -1.67149   -1.67099   -1.67075   -1.67032   -1.66939   -1.66906   -1.66761   -1.66719
  -1.66675   -0.69080   -0.69019   -0.68905   -0.68904   -0.68807   -0.68662   -0.68596
  -0.68533   -0.68460   -0.68455   -0.68426   -0.68426   -0.68414   -0.68388   -0.68386
  -0.68356   -0.68353   -0.68337   -0.68312   -0.68312   -0.68296   -0.68247   -0.68238
  -0.68216   -0.68142   -0.40185   -0.39684   -0.38911   -0.36696   -0.36547   -0.18241
  -0.17705   -0.15473   -0.14963   -0.13537   -0.11612   -0.09716   -0.07033   -0.05365
  -0.05255   -0.05014   -0.04406   -0.02878   -0.02870   -0.01780    0.01444    0.01621
   0.03635    0.05713    0.09284    0.17144    0.20837    0.22894    0.23764    0.24053
   0.24244    0.26646    0.26806    0.26812    0.26901
 kpt#  37, nband= 85, wtk=  1.00000, kpt=  0.3889  0.3889  0.3889 (reduced coord)
  -1.69865   -1.69813   -1.69760   -1.69701   -1.69676   -1.69545   -1.69486   -1.69413
  -1.69402   -1.69254   -1.69023   -1.68861   -1.68785   -1.68713   -1.68570   -1.67226
  -1.67156   -1.67085   -1.67060   -1.67045   -1.66936   -1.66903   -1.66767   -1.66739
  -1.66656   -0.69082   -0.69032   -0.68915   -0.68896   -0.68806   -0.68678   -0.68610
  -0.68536   -0.68466   -0.68454   -0.68442   -0.68424   -0.68407   -0.68388   -0.68388
  -0.68362   -0.68344   -0.68335   -0.68312   -0.68305   -0.68302   -0.68249   -0.68226
  -0.68224   -0.68142   -0.39785   -0.39445   -0.38885   -0.36527   -0.36380   -0.17889
  -0.17298   -0.15130   -0.14600   -0.13115   -0.11977   -0.10076   -0.07385   -0.06930
  -0.06756   -0.04744   -0.04635   -0.04292   -0.03194   -0.02431   -0.00067    0.00392
   0.03317    0.05266    0.09424    0.17281    0.21771    0.23715    0.23957    0.24571
   0.25169    0.26748    0.27054    0.28416    0.28555
 kpt#  38, nband= 85, wtk=  1.00000, kpt=  0.4167  0.4167  0.4167 (reduced coord)
  -1.69869   -1.69863   -1.69686   -1.69626   -1.69626   -1.69567   -1.69455   -1.69454
  -1.69367   -1.69242   -1.68978   -1.68877   -1.68790   -1.68655   -1.68637   -1.67213
  -1.67182   -1.67086   -1.67044   -1.67004   -1.66940   -1.66889   -1.66733   -1.66714
  -1.66687   -0.69079   -0.69031   -0.68911   -0.68901   -0.68804   -0.68687   -0.68605
  -0.68534   -0.68457   -0.68454   -0.68439   -0.68425   -0.68405   -0.68397   -0.68380
  -0.68353   -0.68342   -0.68337   -0.68317   -0.68304   -0.68301   -0.68242   -0.68235
  -0.68224   -0.68138   -0.39463   -0.39258   -0.38861   -0.36376   -0.36231   -0.17458
  -0.16818   -0.14673   -0.14191   -0.12523   -0.12265   -0.10360   -0.08425   -0.08176
  -0.07664   -0.05686   -0.05011   -0.04418   -0.03446   -0.02952   -0.01201   -0.01091
   0.03419    0.04992    0.09537    0.17506    0.22561    0.23454    0.24060    0.24135
   0.26538    0.26675    0.28232    0.29419    0.29843
 kpt#  39, nband= 85, wtk=  1.00000, kpt=  0.4444  0.4444  0.4444 (reduced coord)
  -1.69829   -1.69828   -1.69748   -1.69677   -1.69623   -1.69523   -1.69508   -1.69452
  -1.69425   -1.69334   -1.68926   -1.68875   -1.68834   -1.68733   -1.68670   -1.67216
  -1.67214   -1.67073   -1.67052   -1.67021   -1.66988   -1.66964   -1.66822   -1.66768
  -1.66699   -0.69070   -0.69037   -0.68916   -0.68911   -0.68806   -0.68687   -0.68617
  -0.68524   -0.68462   -0.68453   -0.68435   -0.68427   -0.68413   -0.68402   -0.68385
  -0.68360   -0.68358   -0.68332   -0.68328   -0.68313   -0.68308   -0.68252   -0.68240
  -0.68230   -0.68143   -0.39249   -0.39122   -0.38825   -0.36257   -0.36113   -0.17008
  -0.16314   -0.14172   -0.13696   -0.12473   -0.11940   -0.10566   -0.09658   -0.09428
  -0.07866   -0.06876   -0.05205   -0.04670   -0.03629   -0.03200   -0.02434   -0.01840
   0.03543    0.04869    0.09613    0.17752    0.23136    0.23264    0.23583    0.24266
   0.26607    0.26880    0.29106    0.29512    0.31092
 kpt#  40, nband= 85, wtk=  1.00000, kpt=  0.4722  0.4722  0.4722 (reduced coord)
  -1.69707   -1.69679   -1.69577   -1.69560   -1.69532   -1.69466   -1.69393   -1.69237
  -1.69210   -1.69150   -1.68845   -1.68735   -1.68726   -1.68551   -1.68491   -1.67189
  -1.67038   -1.66977   -1.66966   -1.66846   -1.66833   -1.66764   -1.66666   -1.66551
  -1.66541   -0.69058   -0.69023   -0.68891   -0.68889   -0.68773   -0.68676   -0.68602
  -0.68510   -0.68441   -0.68423   -0.68416   -0.68410   -0.68403   -0.68371   -0.68352
  -0.68342   -0.68328   -0.68315   -0.68296   -0.68296   -0.68281   -0.68221   -0.68214
  -0.68197   -0.68110   -0.39145   -0.39040   -0.38776   -0.36180   -0.36036   -0.16641
  -0.15886   -0.13741   -0.13113   -0.12599   -0.11782   -0.10690   -0.10366   -0.10329
  -0.07988   -0.07715   -0.05322   -0.05148   -0.03740   -0.03412   -0.03207   -0.02103
   0.03603    0.04847    0.09655    0.17946    0.23151    0.23240    0.23483    0.24519
   0.26568    0.26688    0.29491    0.29565    0.31988
 kpt#  41, nband= 85, wtk=  1.00000, kpt=  0.5000  0.5000  0.5000 (reduced coord)
  -1.69613   -1.69613   -1.69500   -1.69500   -1.69462   -1.69356   -1.69340   -1.69279
  -1.69270   -1.69133   -1.68840   -1.68817   -1.68776   -1.68473   -1.68473   -1.67248
  -1.67089   -1.66913   -1.66913   -1.66856   -1.66845   -1.66813   -1.66636   -1.66469
  -1.66469   -0.69060   -0.69042   -0.68882   -0.68882   -0.68777   -0.68680   -0.68608
  -0.68523   -0.68452   -0.68425   -0.68404   -0.68404   -0.68362   -0.68360   -0.68353
  -0.68335   -0.68335   -0.68290   -0.68290   -0.68282   -0.68275   -0.68207   -0.68207
  -0.68205   -0.68112   -0.39119   -0.39016   -0.38754   -0.36154   -0.36010   -0.16495
  -0.15709   -0.13555   -0.12642   -0.12642   -0.12133   -0.10731   -0.10731   -0.10389
  -0.08028   -0.08028   -0.05362   -0.05362   -0.03777   -0.03777   -0.03202   -0.02167
   0.03616    0.04852    0.09669    0.18020    0.23116    0.23116    0.23597    0.24634
   0.26554    0.26554    0.29582    0.29582    0.32239
 kpt#  42, nband= 85, wtk=  1.00000, kpt=  0.4375  0.5000  0.5000 (reduced coord)
  -1.69861   -1.69692   -1.69678   -1.69630   -1.69606   -1.69489   -1.69476   -1.69398
  -1.69394   -1.69308   -1.68901   -1.68802   -1.68788   -1.68610   -1.68526   -1.67198
  -1.67171   -1.67053   -1.67044   -1.66940   -1.66919   -1.66807   -1.66734   -1.66723
  -1.66500   -0.69063   -0.69034   -0.68915   -0.68887   -0.68798   -0.68681   -0.68611
  -0.68520   -0.68462   -0.68442   -0.68428   -0.68413   -0.68402   -0.68400   -0.68377
  -0.68334   -0.68333   -0.68329   -0.68320   -0.68306   -0.68296   -0.68244   -0.68220
  -0.68211   -0.68135   -0.39183   -0.39078   -0.38818   -0.36220   -0.36076   -0.16852
  -0.16136   -0.14000   -0.13490   -0.12756   -0.11259   -0.10352   -0.10290   -0.10174
  -0.07721   -0.07471   -0.05057   -0.05036   -0.03358   -0.03208   -0.03186   -0.02001
   0.03589    0.04835    0.09636    0.17834    0.23283    0.23313    0.23351    0.24346
   0.26698    0.26734    0.29340    0.29520    0.31788
 kpt#  43, nband= 85, wtk=  1.00000, kpt=  0.3750  0.5000  0.5000 (reduced coord)
  -1.69762   -1.69672   -1.69610   -1.69605   -1.69587   -1.69513   -1.69432   -1.69393
  -1.69293   -1.69112   -1.68898   -1.68858   -1.68772   -1.68587   -1.68586   -1.67241
  -1.67080   -1.67052   -1.66966   -1.66924   -1.66884   -1.66770   -1.66753   -1.66753
  -1.66560   -0.69074   -0.69030   -0.68897   -0.68880   -0.68789   -0.68680   -0.68608
  -0.68529   -0.68466   -0.68430   -0.68414   -0.68414   -0.68408   -0.68395   -0.68359
  -0.68336   -0.68331   -0.68324   -0.68320   -0.68300   -0.68287   -0.68237   -0.68212
  -0.68209   -0.68123   -0.39367   -0.39255   -0.39003   -0.36406   -0.36261   -0.17674
  -0.17059   -0.14924   -0.14549   -0.13357   -0.10014   -0.09707   -0.09270   -0.08852
  -0.06842   -0.06127   -0.04494   -0.04235   -0.03128   -0.02179   -0.01640   -0.01276
   0.03551    0.04820    0.09567    0.17341    0.22682    0.23640    0.23867    0.23884
   0.26680    0.26806    0.28298    0.29114    0.30325
 kpt#  44, nband= 85, wtk=  1.00000, kpt=  0.3125  0.5000  0.5000 (reduced coord)
  -1.69737   -1.69694   -1.69624   -1.69565   -1.69511   -1.69430   -1.69396   -1.69337
  -1.69190   -1.69108   -1.68943   -1.68832   -1.68727   -1.68591   -1.68488   -1.67151
  -1.67069   -1.66999   -1.66983   -1.66935   -1.66844   -1.66798   -1.66646   -1.66632
  -1.66600   -0.69073   -0.69004   -0.68889   -0.68879   -0.68794   -0.68651   -0.68584
  -0.68526   -0.68454   -0.68440   -0.68419   -0.68404   -0.68395   -0.68384   -0.68351
  -0.68337   -0.68320   -0.68319   -0.68313   -0.68292   -0.68284   -0.68223   -0.68221
  -0.68211   -0.68126   -0.39634   -0.39511   -0.39270   -0.36674   -0.36529   -0.18610
  -0.18058   -0.15918   -0.15561   -0.14251   -0.08472   -0.08395   -0.07882   -0.07166
  -0.05475   -0.04397   -0.04192   -0.03849   -0.02099   -0.00627    0.00316    0.00501
   0.03663    0.04913    0.09522    0.16668    0.21888    0.22613    0.24244    0.24456
   0.25209    0.25240    0.26559    0.27873    0.28100
 kpt#  45, nband= 85, wtk=  1.00000, kpt=  0.2500  0.5000  0.5000 (reduced coord)
  -1.69663   -1.69606   -1.69527   -1.69403   -1.69364   -1.69345   -1.69299   -1.69260
  -1.69250   -1.69194   -1.68822   -1.68756   -1.68718   -1.68477   -1.68445   -1.67152
  -1.67062   -1.67016   -1.66941   -1.66916   -1.66775   -1.66735   -1.66615   -1.66513
  -1.66418   -0.69057   -0.68972   -0.68869   -0.68864   -0.68818   -0.68619   -0.68549
  -0.68515   -0.68463   -0.68431   -0.68398   -0.68398   -0.68376   -0.68375   -0.68344
  -0.68321   -0.68308   -0.68305   -0.68290   -0.68287   -0.68260   -0.68240   -0.68203
  -0.68189   -0.68153   -0.39937   -0.39802   -0.39573   -0.36978   -0.36833   -0.19480
  -0.18960   -0.16820   -0.16452   -0.15129   -0.06622   -0.06605   -0.06284   -0.05465
  -0.04035   -0.03709   -0.03650   -0.02601   -0.00320    0.00716    0.02589    0.02998
   0.04377    0.05315    0.09613    0.15907    0.20883    0.20937    0.22237    0.22405
   0.22530    0.23260    0.25607    0.26495    0.27129
 kpt#  46, nband= 85, wtk=  1.00000, kpt=  0.1875  0.5000  0.5000 (reduced coord)
  -1.69697   -1.69601   -1.69587   -1.69528   -1.69485   -1.69449   -1.69410   -1.69383
  -1.69318   -1.69207   -1.68919   -1.68821   -1.68798   -1.68615   -1.68531   -1.67132
  -1.67116   -1.67022   -1.66968   -1.66955   -1.66948   -1.66816   -1.66706   -1.66681
  -1.66550   -0.69080   -0.68959   -0.68903   -0.68856   -0.68827   -0.68605   -0.68538
  -0.68537   -0.68468   -0.68464   -0.68431   -0.68412   -0.68399   -0.68373   -0.68350
  -0.68346   -0.68337   -0.68328   -0.68289   -0.68275   -0.68255   -0.68249   -0.68237
  -0.68193   -0.68162   -0.40227   -0.40082   -0.39864   -0.37270   -0.37124   -0.20202
  -0.19697   -0.17561   -0.17177   -0.15867   -0.05181   -0.04793   -0.04527   -0.04461
  -0.03193   -0.02289   -0.01617   -0.01129    0.01233    0.01624    0.05251    0.05659
   0.06098    0.06329    0.10035    0.15033    0.18201    0.18535    0.19338    0.19736
   0.20298    0.20544    0.23810    0.24895    0.25458
 kpt#  47, nband= 85, wtk=  1.00000, kpt=  0.1250  0.5000  0.5000 (reduced coord)
  -1.69811   -1.69638   -1.69609   -1.69591   -1.69541   -1.69528   -1.69505   -1.69422
  -1.69381   -1.69321   -1.69059   -1.68930   -1.68867   -1.68696   -1.68607   -1.67321
  -1.67160   -1.67099   -1.67060   -1.66984   -1.66932   -1.66895   -1.66831   -1.66750
  -1.66626   -0.69101   -0.68939   -0.68909   -0.68867   -0.68851   -0.68590   -0.68558
  -0.68514   -0.68492   -0.68487   -0.68460   -0.68430   -0.68422   -0.68380   -0.68373
  -0.68347   -0.68341   -0.68333   -0.68297   -0.68291   -0.68278   -0.68249   -0.68242
  -0.68204   -0.68179   -0.40466   -0.40311   -0.40102   -0.37508   -0.37362   -0.20734
  -0.20237   -0.18105   -0.17709   -0.16413   -0.05012   -0.04816   -0.02297   -0.02198
  -0.01267   -0.00201   -0.00103    0.00507    0.01546    0.03106    0.07966    0.08058
   0.08205    0.08241    0.11084    0.13799    0.15264    0.15876    0.17014    0.17054
   0.17205    0.19222    0.21955    0.22545    0.22735
 kpt#  48, nband= 85, wtk=  1.00000, kpt=  0.0625  0.5000  0.5000 (reduced coord)
  -1.69975   -1.69841   -1.69811   -1.69672   -1.69660   -1.69573   -1.69498   -1.69469
  -1.69357   -1.69223   -1.69114   -1.68971   -1.68885   -1.68606   -1.68600   -1.67322
  -1.67175   -1.67154   -1.67111   -1.66994   -1.66972   -1.66906   -1.66872   -1.66831
  -1.66707   -0.69104   -0.68934   -0.68926   -0.68875   -0.68865   -0.68581   -0.68568
  -0.68514   -0.68509   -0.68477   -0.68452   -0.68438   -0.68438   -0.68380   -0.68369
  -0.68363   -0.68351   -0.68330   -0.68316   -0.68299   -0.68284   -0.68263   -0.68239
  -0.68214   -0.68195   -0.40620   -0.40461   -0.40257   -0.37664   -0.37517   -0.21060
  -0.20567   -0.18437   -0.18033   -0.16746   -0.05043   -0.04896   -0.00495   -0.00216
   0.00492    0.00715    0.01275    0.01994    0.02995    0.03883    0.09041    0.09317
   0.09945    0.10480    0.12849    0.12898    0.13026    0.14793    0.15216    0.15677
   0.16040    0.17336    0.18869    0.19754    0.20211
 kpt#  49, nband= 85, wtk=  1.00000, kpt=  0.0000  0.5000  0.5000 (reduced coord)
  -1.70013   -1.69827   -1.69680   -1.69660   -1.69575   -1.69508   -1.69478   -1.69308
  -1.69295   -1.69217   -1.69135   -1.68947   -1.68943   -1.68498   -1.68448   -1.67332
  -1.67141   -1.67101   -1.67043   -1.67002   -1.66939   -1.66811   -1.66806   -1.66780
  -1.66584   -0.69108   -0.68917   -0.68900   -0.68866   -0.68864   -0.68575   -0.68543
  -0.68511   -0.68483   -0.68479   -0.68476   -0.68430   -0.68427   -0.68382   -0.68377
  -0.68357   -0.68344   -0.68311   -0.68299   -0.68296   -0.68285   -0.68250   -0.68213
  -0.68198   -0.68191   -0.40674   -0.40512   -0.40311   -0.37717   -0.37571   -0.21169
  -0.20677   -0.18549   -0.18141   -0.16858   -0.05064   -0.04929   -0.00068    0.00536
   0.01173    0.01525    0.01674    0.03119    0.03883    0.04039    0.08721    0.09096
   0.09755    0.11977    0.12019    0.13257    0.13842    0.15562    0.15883    0.15901
   0.16236    0.16528    0.16732    0.17853    0.17969
 kpt#  50, nband= 85, wtk=  1.00000, kpt=  0.0000  0.5000  0.4375 (reduced coord)
  -1.69970   -1.69862   -1.69689   -1.69621   -1.69582   -1.69550   -1.69466   -1.69353
  -1.69296   -1.69219   -1.69154   -1.68930   -1.68915   -1.68509   -1.68489   -1.67339
  -1.67132   -1.67132   -1.67078   -1.67003   -1.66939   -1.66812   -1.66809   -1.66729
  -1.66676   -0.69110   -0.68912   -0.68900   -0.68874   -0.68865   -0.68570   -0.68543
  -0.68516   -0.68488   -0.68479   -0.68477   -0.68430   -0.68426   -0.68390   -0.68380
  -0.68353   -0.68342   -0.68316   -0.68300   -0.68300   -0.68285   -0.68242   -0.68214
  -0.68210   -0.68191   -0.40674   -0.40512   -0.40311   -0.37717   -0.37571   -0.21169
  -0.20677   -0.18549   -0.18142   -0.16859   -0.05064   -0.04929   -0.00068    0.00536
   0.01173    0.01525    0.01674    0.03119    0.03883    0.04039    0.08721    0.09095
   0.09755    0.11977    0.12020    0.13257    0.13842    0.15562    0.15885    0.15901
   0.16236    0.16527    0.16731    0.17853    0.17969
 kpt#  51, nband= 85, wtk=  1.00000, kpt=  0.0000  0.5000  0.3750 (reduced coord)
  -1.69896   -1.69741   -1.69626   -1.69565   -1.69519   -1.69507   -1.69435   -1.69289
  -1.69270   -1.69218   -1.68977   -1.68884   -1.68800   -1.68466   -1.68397   -1.67267
  -1.67105   -1.67015   -1.66976   -1.66964   -1.66803   -1.66767   -1.66764   -1.66675
  -1.66611   -0.69098   -0.68898   -0.68897   -0.68859   -0.68855   -0.68558   -0.68540
  -0.68503   -0.68482   -0.68476   -0.68468   -0.68425   -0.68414   -0.68369   -0.68365
  -0.68332   -0.68322   -0.68305   -0.68293   -0.68280   -0.68278   -0.68231   -0.68209
  -0.68194   -0.68189   -0.40674   -0.40512   -0.40311   -0.37717   -0.37571   -0.21169
  -0.20677   -0.18549   -0.18142   -0.16859   -0.05064   -0.04929   -0.00067    0.00536
   0.01173    0.01525    0.01674    0.03121    0.03883    0.04039    0.08721    0.09096
   0.09756    0.11977    0.12021    0.13257    0.13844    0.15564    0.15890    0.15903
   0.16238    0.16527    0.16731    0.17853    0.17969
 kpt#  52, nband= 85, wtk=  1.00000, kpt=  0.0000  0.5000  0.3125 (reduced coord)
  -1.69841   -1.69763   -1.69743   -1.69607   -1.69559   -1.69489   -1.69465   -1.69384
  -1.69250   -1.69161   -1.68942   -1.68874   -1.68832   -1.68477   -1.68455   -1.67289
  -1.67059   -1.67034   -1.67018   -1.66884   -1.66876   -1.66807   -1.66739   -1.66725
  -1.66672   -0.69080   -0.68906   -0.68902   -0.68869   -0.68863   -0.68548   -0.68545
  -0.68501   -0.68479   -0.68461   -0.68446   -0.68430   -0.68418   -0.68384   -0.68360
  -0.68338   -0.68330   -0.68312   -0.68303   -0.68293   -0.68282   -0.68242   -0.68213
  -0.68207   -0.68194   -0.40674   -0.40512   -0.40311   -0.37717   -0.37571   -0.21169
  -0.20677   -0.18549   -0.18142   -0.16859   -0.05064   -0.04929   -0.00068    0.00536
   0.01174    0.01525    0.01674    0.03121    0.03882    0.04039    0.08725    0.09099
   0.09759    0.11975    0.12023    0.13257    0.13845    0.15564    0.15893    0.15900
   0.16235    0.16527    0.16731    0.17851    0.17971
 kpt#  53, nband= 85, wtk=  1.00000, kpt=  0.0000  0.5000  0.2500 (reduced coord)
  -1.69764   -1.69733   -1.69701   -1.69631   -1.69575   -1.69515   -1.69421   -1.69339
  -1.69302   -1.69141   -1.68989   -1.68881   -1.68878   -1.68444   -1.68428   -1.67318
  -1.67040   -1.67028   -1.67026   -1.66890   -1.66828   -1.66781   -1.66768   -1.66733
  -1.66606   -0.69081   -0.68909   -0.68905   -0.68864   -0.68858   -0.68548   -0.68547
  -0.68504   -0.68483   -0.68462   -0.68445   -0.68432   -0.68427   -0.68375   -0.68359
  -0.68339   -0.68329   -0.68306   -0.68298   -0.68284   -0.68279   -0.68245   -0.68215
  -0.68195   -0.68193   -0.40674   -0.40512   -0.40311   -0.37717   -0.37571   -0.21169
  -0.20677   -0.18549   -0.18142   -0.16859   -0.05064   -0.04929   -0.00068    0.00536
   0.01174    0.01525    0.01674    0.03121    0.03882    0.04039    0.08726    0.09100
   0.09760    0.11974    0.12022    0.13257    0.13845    0.15566    0.15897    0.15901
   0.16236    0.16527    0.16731    0.17852    0.17970
 kpt#  54, nband= 85, wtk=  1.00000, kpt=  0.0000  0.5000  0.1875 (reduced coord)
  -1.69763   -1.69728   -1.69700   -1.69622   -1.69564   -1.69481   -1.69421   -1.69340
  -1.69302   -1.69113   -1.68980   -1.68876   -1.68864   -1.68444   -1.68427   -1.67318
  -1.67034   -1.67027   -1.67024   -1.66864   -1.66828   -1.66781   -1.66767   -1.66680
  -1.66607   -0.69075   -0.68908   -0.68905   -0.68864   -0.68857   -0.68547   -0.68546
  -0.68501   -0.68483   -0.68455   -0.68440   -0.68432   -0.68424   -0.68375   -0.68355
  -0.68336   -0.68328   -0.68306   -0.68298   -0.68284   -0.68279   -0.68244   -0.68215
  -0.68195   -0.68194   -0.40674   -0.40512   -0.40311   -0.37717   -0.37571   -0.21169
  -0.20677   -0.18549   -0.18141   -0.16858   -0.05064   -0.04929   -0.00068    0.00536
   0.01174    0.01525    0.01674    0.03122    0.03882    0.04039    0.08726    0.09100
   0.09761    0.11973    0.12022    0.13257    0.13845    0.15567    0.15901    0.15901
   0.16236    0.16527    0.16731    0.17852    0.17970
 kpt#  55, nband= 85, wtk=  1.00000, kpt=  0.0000  0.5000  0.1250 (reduced coord)
  -1.69820   -1.69776   -1.69756   -1.69599   -1.69554   -1.69476   -1.69460   -1.69319
  -1.69313   -1.69128   -1.69070   -1.68862   -1.68825   -1.68446   -1.68424   -1.67338
  -1.67119   -1.67004   -1.66920   -1.66862   -1.66839   -1.66816   -1.66761   -1.66657
  -1.66634   -0.69070   -0.68908   -0.68903   -0.68871   -0.68869   -0.68550   -0.68541
  -0.68510   -0.68484   -0.68449   -0.68446   -0.68439   -0.68416   -0.68384   -0.68341
  -0.68329   -0.68319   -0.68319   -0.68299   -0.68291   -0.68289   -0.68236   -0.68214
  -0.68204   -0.68201   -0.40674   -0.40512   -0.40311   -0.37717   -0.37571   -0.21169
  -0.20677   -0.18549   -0.18141   -0.16858   -0.05064   -0.04929   -0.00067    0.00536
   0.01174    0.01525    0.01674    0.03122    0.03882    0.04039    0.08726    0.09100
   0.09762    0.11972    0.12023    0.13259    0.13845    0.15568    0.15902    0.15906
   0.16237    0.16527    0.16730    0.17852    0.17970
 kpt#  56, nband= 85, wtk=  1.00000, kpt=  0.0000  0.5000  0.0625 (reduced coord)
  -1.69698   -1.69646   -1.69616   -1.69459   -1.69396   -1.69359   -1.69341   -1.69248
  -1.69168   -1.69022   -1.68946   -1.68652   -1.68640   -1.68358   -1.68352   -1.67298
  -1.67082   -1.66902   -1.66775   -1.66720   -1.66705   -1.66656   -1.66569   -1.66501
  -1.66475   -0.69039   -0.68888   -0.68866   -0.68865   -0.68856   -0.68532   -0.68525
  -0.68488   -0.68464   -0.68437   -0.68420   -0.68415   -0.68384   -0.68369   -0.68311
  -0.68306   -0.68294   -0.68286   -0.68283   -0.68281   -0.68278   -0.68198   -0.68197
  -0.68196   -0.68192   -0.40674   -0.40512   -0.40311   -0.37717   -0.37571   -0.21169
  -0.20676   -0.18548   -0.18140   -0.16858   -0.05063   -0.04928   -0.00065    0.00536
   0.01174    0.01526    0.01675    0.03125    0.03884    0.04039    0.08727    0.09101
   0.09764    0.11972    0.12024    0.13261    0.13847    0.15570    0.15906    0.15913
   0.16241    0.16528    0.16731    0.17856    0.17971
 kpt#  57, nband= 85, wtk=  1.00000, kpt=  0.0000  0.5000  0.0000 (reduced coord)
  -1.69775   -1.69670   -1.69652   -1.69453   -1.69447   -1.69426   -1.69343   -1.69338
  -1.69230   -1.69056   -1.69004   -1.68732   -1.68658   -1.68461   -1.68448   -1.67316
  -1.67119   -1.66982   -1.66860   -1.66836   -1.66798   -1.66699   -1.66654   -1.66578
  -1.66495   -0.69038   -0.68900   -0.68879   -0.68872   -0.68869   -0.68544   -0.68532
  -0.68483   -0.68476   -0.68445   -0.68417   -0.68412   -0.68392   -0.68381   -0.68317
  -0.68316   -0.68308   -0.68303   -0.68301   -0.68293   -0.68288   -0.68211   -0.68211
  -0.68209   -0.68204   -0.40674   -0.40512   -0.40311   -0.37717   -0.37571   -0.21169
  -0.20676   -0.18548   -0.18140   -0.16858   -0.05063   -0.04928   -0.00065    0.00536
   0.01174    0.01525    0.01673    0.03125    0.03883    0.04038    0.08726    0.09100
   0.09763    0.11972    0.12024    0.13260    0.13847    0.15570    0.15904    0.15913
   0.16238    0.16528    0.16731    0.17854    0.17969
