
 **** DERIVATIVE DATABASE ****    
+DDB, Version number    100401

  Note : temporary (transfer) database

    usepaw         0
     natom        10
      nkpt        42
    nsppol         1
      nsym         8
    ntypat         2
    occopt         1
     nband        85
     acell  0.77624316804222D+01  0.77624316804222D+01  0.77624316804222D+01
       amu  0.11871000000000D+03  0.78960000000000D+02
   dilatmx  0.10000000000000D+01
      ecut  0.22500000000000D+02
    ecutsm  0.00000000000000D+00
     intxc         0
      iscf        17
       ixc   -101130
       kpt  0.41666666666667D-01  0.41666666666667D-01  0.12500000000000D+00
            0.12500000000000D+00  0.41666666666667D-01  0.12500000000000D+00
            0.20833333333333D+00  0.41666666666667D-01  0.12500000000000D+00
            0.29166666666667D+00  0.41666666666667D-01  0.12500000000000D+00
            0.37500000000000D+00  0.41666666666667D-01  0.12500000000000D+00
            0.45833333333333D+00  0.41666666666667D-01  0.12500000000000D+00
            0.12500000000000D+00  0.12500000000000D+00  0.12500000000000D+00
            0.20833333333333D+00  0.12500000000000D+00  0.12500000000000D+00
            0.29166666666667D+00  0.12500000000000D+00  0.12500000000000D+00
            0.37500000000000D+00  0.12500000000000D+00  0.12500000000000D+00
            0.45833333333333D+00  0.12500000000000D+00  0.12500000000000D+00
            0.20833333333333D+00  0.20833333333333D+00  0.12500000000000D+00
            0.29166666666667D+00  0.20833333333333D+00  0.12500000000000D+00
            0.37500000000000D+00  0.20833333333333D+00  0.12500000000000D+00
            0.45833333333333D+00  0.20833333333333D+00  0.12500000000000D+00
            0.29166666666667D+00  0.29166666666667D+00  0.12500000000000D+00
            0.37500000000000D+00  0.29166666666667D+00  0.12500000000000D+00
            0.45833333333333D+00  0.29166666666667D+00  0.12500000000000D+00
            0.37500000000000D+00  0.37500000000000D+00  0.12500000000000D+00
            0.45833333333333D+00  0.37500000000000D+00  0.12500000000000D+00
            0.45833333333333D+00  0.45833333333333D+00  0.12500000000000D+00
            0.41666666666667D-01  0.41666666666667D-01  0.37500000000000D+00
            0.12500000000000D+00  0.41666666666667D-01  0.37500000000000D+00
            0.20833333333333D+00  0.41666666666667D-01  0.37500000000000D+00
            0.29166666666667D+00  0.41666666666667D-01  0.37500000000000D+00
            0.37500000000000D+00  0.41666666666667D-01  0.37500000000000D+00
            0.45833333333333D+00  0.41666666666667D-01  0.37500000000000D+00
            0.12500000000000D+00  0.12500000000000D+00  0.37500000000000D+00
            0.20833333333333D+00  0.12500000000000D+00  0.37500000000000D+00
            0.29166666666667D+00  0.12500000000000D+00  0.37500000000000D+00
            0.37500000000000D+00  0.12500000000000D+00  0.37500000000000D+00
            0.45833333333333D+00  0.12500000000000D+00  0.37500000000000D+00
            0.20833333333333D+00  0.20833333333333D+00  0.37500000000000D+00
            0.29166666666667D+00  0.20833333333333D+00  0.37500000000000D+00
            0.37500000000000D+00  0.20833333333333D+00  0.37500000000000D+00
            0.45833333333333D+00  0.20833333333333D+00  0.37500000000000D+00
            0.29166666666667D+00  0.29166666666667D+00  0.37500000000000D+00
            0.37500000000000D+00  0.29166666666667D+00  0.37500000000000D+00
            0.45833333333333D+00  0.29166666666667D+00  0.37500000000000D+00
            0.37500000000000D+00  0.37500000000000D+00  0.37500000000000D+00
            0.45833333333333D+00  0.37500000000000D+00  0.37500000000000D+00
            0.45833333333333D+00  0.45833333333333D+00  0.37500000000000D+00
    kptnrm  0.10000000000000D+01
     ngfft        36   36  180
    nspden         1
   nspinor         1
       occ  0.20000000000000D+01  0.20000000000000D+01  0.20000000000000D+01
            0.20000000000000D+01  0.20000000000000D+01  0.20000000000000D+01
            0.20000000000000D+01  0.20000000000000D+01  0.20000000000000D+01
            0.20000000000000D+01  0.20000000000000D+01  0.20000000000000D+01
            0.20000000000000D+01  0.20000000000000D+01  0.20000000000000D+01
            0.20000000000000D+01  0.20000000000000D+01  0.20000000000000D+01
            0.20000000000000D+01  0.20000000000000D+01  0.20000000000000D+01
            0.20000000000000D+01  0.20000000000000D+01  0.20000000000000D+01
            0.20000000000000D+01  0.20000000000000D+01  0.20000000000000D+01
            0.20000000000000D+01  0.20000000000000D+01  0.20000000000000D+01
            0.20000000000000D+01  0.20000000000000D+01  0.20000000000000D+01
            0.20000000000000D+01  0.20000000000000D+01  0.20000000000000D+01
            0.20000000000000D+01  0.20000000000000D+01  0.20000000000000D+01
            0.20000000000000D+01  0.20000000000000D+01  0.20000000000000D+01
            0.20000000000000D+01  0.20000000000000D+01  0.20000000000000D+01
            0.20000000000000D+01  0.20000000000000D+01  0.20000000000000D+01
            0.20000000000000D+01  0.20000000000000D+01  0.20000000000000D+01
            0.20000000000000D+01  0.20000000000000D+01  0.20000000000000D+01
            0.20000000000000D+01  0.20000000000000D+01  0.20000000000000D+01
            0.20000000000000D+01  0.20000000000000D+01  0.20000000000000D+01
            0.20000000000000D+01  0.20000000000000D+01  0.20000000000000D+01
            0.20000000000000D+01  0.20000000000000D+01  0.20000000000000D+01
            0.20000000000000D+01  0.20000000000000D+01  0.20000000000000D+01
            0.20000000000000D+01  0.20000000000000D+01  0.20000000000000D+01
            0.20000000000000D+01  0.20000000000000D+01  0.20000000000000D+01
            0.00000000000000D+00  0.00000000000000D+00  0.00000000000000D+00
            0.00000000000000D+00  0.00000000000000D+00  0.00000000000000D+00
            0.00000000000000D+00  0.00000000000000D+00  0.00000000000000D+00
            0.00000000000000D+00
     rprim  0.10000000000000D+01  0.00000000000000D+00  0.00000000000000D+00
            0.00000000000000D+00  0.10000000000000D+01  0.00000000000000D+00
            0.00000000000000D+00  0.00000000000000D+00  0.49263938815425D+01
  dfpt_sciss  0.00000000000000D+00
    spinat  0.00000000000000D+00  0.00000000000000D+00  0.00000000000000D+00
            0.00000000000000D+00  0.00000000000000D+00  0.00000000000000D+00
            0.00000000000000D+00  0.00000000000000D+00  0.00000000000000D+00
            0.00000000000000D+00  0.00000000000000D+00  0.00000000000000D+00
            0.00000000000000D+00  0.00000000000000D+00  0.00000000000000D+00
            0.00000000000000D+00  0.00000000000000D+00  0.00000000000000D+00
            0.00000000000000D+00  0.00000000000000D+00  0.00000000000000D+00
            0.00000000000000D+00  0.00000000000000D+00  0.00000000000000D+00
            0.00000000000000D+00  0.00000000000000D+00  0.00000000000000D+00
            0.00000000000000D+00  0.00000000000000D+00  0.00000000000000D+00
    symafm         1    1    1    1    1    1    1    1
    symrel         1    0    0    0    1    0    0    0    1
                   1    0    0    0   -1    0    0    0    1
                  -1    0    0    0   -1    0    0    0    1
                  -1    0    0    0    1    0    0    0    1
                   0    1    0    1    0    0    0    0    1
                   0    1    0   -1    0    0    0    0    1
                   0   -1    0   -1    0    0    0    0    1
                   0   -1    0    1    0    0    0    0    1
     tnons  0.00000000000000D+00  0.00000000000000D+00  0.00000000000000D+00
            0.00000000000000D+00  0.00000000000000D+00  0.00000000000000D+00
            0.22204460492503D-15  0.00000000000000D+00  0.00000000000000D+00
            0.22204460492503D-15  0.00000000000000D+00  0.00000000000000D+00
            0.50000000000000D+00  0.50000000000000D+00  0.00000000000000D+00
            0.50000000000000D+00  0.50000000000000D+00  0.00000000000000D+00
            0.50000000000000D+00  0.50000000000000D+00  0.00000000000000D+00
            0.50000000000000D+00  0.50000000000000D+00  0.00000000000000D+00
    tolwfr  0.10000000000000D+01
   tphysel  0.00000000000000D+00
    tsmear  0.10000000000000D-01
     typat         1    1    1    1    1    2    2    2    2    2
       wtk  0.13888888888889D-01  0.27777777777778D-01  0.27777777777778D-01
            0.27777777777778D-01  0.27777777777778D-01  0.27777777777778D-01
            0.13888888888889D-01  0.27777777777778D-01  0.27777777777778D-01
            0.27777777777778D-01  0.27777777777778D-01  0.13888888888889D-01
            0.27777777777778D-01  0.27777777777778D-01  0.27777777777778D-01
            0.13888888888889D-01  0.27777777777778D-01  0.27777777777778D-01
            0.13888888888889D-01  0.27777777777778D-01  0.13888888888889D-01
            0.13888888888889D-01  0.27777777777778D-01  0.27777777777778D-01
            0.27777777777778D-01  0.27777777777778D-01  0.27777777777778D-01
            0.13888888888889D-01  0.27777777777778D-01  0.27777777777778D-01
            0.27777777777778D-01  0.27777777777778D-01  0.13888888888889D-01
            0.27777777777778D-01  0.27777777777778D-01  0.27777777777778D-01
            0.13888888888889D-01  0.27777777777778D-01  0.27777777777778D-01
            0.13888888888889D-01  0.27777777777778D-01  0.13888888888889D-01
      xred  0.50000000000000D+00  0.00000000000000D+00  0.23060100000000D+00
            0.00000000000000D+00  0.50000000000000D+00  0.36647800000000D+00
            0.50000000000000D+00  0.00000000000000D+00  0.49921500000000D+00
            0.00000000000000D+00  0.50000000000000D+00  0.63509200000000D+00
            0.50000000000000D+00  0.00000000000000D+00  0.76783000000000D+00
            0.00000000000000D+00  0.50000000000000D+00  0.23217000000000D+00
            0.50000000000000D+00  0.00000000000000D+00  0.36490800000000D+00
            0.00000000000000D+00  0.50000000000000D+00  0.50078500000000D+00
            0.50000000000000D+00  0.00000000000000D+00  0.63352200000000D+00
            0.00000000000000D+00  0.50000000000000D+00  0.76940000000000D+00
     znucl  0.50000000000000D+02  0.34000000000000D+02
      zion  0.14000000000000D+02  0.16000000000000D+02
 
 No information on the potentials yet 
 
 **** Database of total energy derivatives ****
 Number of data blocks=    2
  
 Total energy                 - # elements :       1
 -0.99469642060614D+03  0.00000000000000D+00
  
 1st derivatives              - # elements :      36
   1   1  0.00000000000000D+00  0.00000000000000D+00
   2   1  0.00000000000000D+00  0.00000000000000D+00
   3   1  0.51390434486498D+00  0.00000000000000D+00
   1   2  0.00000000000000D+00  0.00000000000000D+00
   2   2  0.00000000000000D+00  0.00000000000000D+00
   3   2  0.44690233318188D+00  0.00000000000000D+00
   1   3  0.00000000000000D+00  0.00000000000000D+00
   2   3  0.00000000000000D+00  0.00000000000000D+00
   3   3 -0.27229098089311D-01  0.00000000000000D+00
   1   4  0.00000000000000D+00  0.00000000000000D+00
   2   4  0.00000000000000D+00  0.00000000000000D+00
   3   4 -0.33713691956184D+00  0.00000000000000D+00
   1   5  0.00000000000000D+00  0.00000000000000D+00
   2   5  0.00000000000000D+00  0.00000000000000D+00
   3   5 -0.55608203074660D+00  0.00000000000000D+00
   1   6  0.00000000000000D+00  0.00000000000000D+00
   2   6  0.00000000000000D+00  0.00000000000000D+00
   3   6  0.51762141647018D+00  0.00000000000000D+00
   1   7  0.00000000000000D+00  0.00000000000000D+00
   2   7  0.00000000000000D+00  0.00000000000000D+00
   3   7  0.34098468518871D+00  0.00000000000000D+00
   1   8  0.00000000000000D+00  0.00000000000000D+00
   2   8  0.00000000000000D+00  0.00000000000000D+00
   3   8  0.40585738361948D-01  0.00000000000000D+00
   1   9  0.00000000000000D+00  0.00000000000000D+00
   2   9  0.00000000000000D+00  0.00000000000000D+00
   3   9 -0.47146626529201D+00  0.00000000000000D+00
   1  10  0.00000000000000D+00  0.00000000000000D+00
   2  10  0.00000000000000D+00  0.00000000000000D+00
   3  10 -0.47761968562204D+00  0.00000000000000D+00
   1  13  0.12428534104104D-01  0.00000000000000D+00
   2  13  0.12428534104104D-01  0.00000000000000D+00
   3  13  0.12221535032210D-01  0.00000000000000D+00
   1  14  0.00000000000000D+00  0.00000000000000D+00
   2  14  0.00000000000000D+00  0.00000000000000D+00
   3  14  0.00000000000000D+00  0.00000000000000D+00
