 Fermi (or HOMO) energy (hartree) =   0.12920   Average Vxc (hartree)=  -0.29505
 Eigenvalues (hartree) for nkpt=  42  k points:
 kpt#   1, nband= 85, wtk=  0.01389, kpt=  0.0417  0.0417  0.1250 (reduced coord)
  -1.69972   -1.69906   -1.69870   -1.69778   -1.69713   -1.69553   -1.69531   -1.69508
  -1.69441   -1.69420   -1.69051   -1.68823   -1.68761   -1.68426   -1.68411   -1.67293
  -1.67276   -1.67160   -1.67050   -1.67001   -1.66876   -1.66822   -1.66774   -1.66607
  -1.66568   -0.69180   -0.68931   -0.68905   -0.68871   -0.68871   -0.68674   -0.68573
  -0.68569   -0.68546   -0.68500   -0.68480   -0.68424   -0.68393   -0.68389   -0.68357
  -0.68342   -0.68327   -0.68314   -0.68306   -0.68270   -0.68266   -0.68235   -0.68220
  -0.68187   -0.68182   -0.44412   -0.42896   -0.40453   -0.38157   -0.37418   -0.15635
  -0.15139   -0.12325   -0.11555   -0.08259   -0.07072   -0.05320   -0.04585   -0.03574
  -0.02807   -0.02101   -0.01112   -0.00322    0.01095    0.01480    0.02053    0.02933
   0.03202    0.05725    0.08970    0.17499    0.20449    0.21268    0.23195    0.24537
   0.25806    0.25885    0.26315    0.26659    0.27231
 kpt#   2, nband= 85, wtk=  0.02778, kpt=  0.1250  0.0417  0.1250 (reduced coord)
  -1.69916   -1.69855   -1.69738   -1.69690   -1.69541   -1.69502   -1.69465   -1.69444
  -1.69389   -1.69354   -1.69098   -1.68948   -1.68819   -1.68571   -1.68432   -1.67318
  -1.67242   -1.67172   -1.67078   -1.67026   -1.66887   -1.66859   -1.66763   -1.66662
  -1.66603   -0.69158   -0.68918   -0.68903   -0.68873   -0.68865   -0.68645   -0.68567
  -0.68549   -0.68541   -0.68489   -0.68481   -0.68442   -0.68387   -0.68384   -0.68372
  -0.68334   -0.68325   -0.68313   -0.68307   -0.68287   -0.68273   -0.68241   -0.68225
  -0.68205   -0.68189   -0.44127   -0.42654   -0.40278   -0.38049   -0.37411   -0.16404
  -0.16063   -0.13624   -0.12338   -0.08901   -0.08626   -0.05313   -0.03921   -0.03544
  -0.01517   -0.01299   -0.00891    0.00902    0.00952    0.01560    0.02132    0.04115
   0.04794    0.06580    0.09050    0.17510    0.19468    0.22461    0.22854    0.23789
   0.24207    0.24384    0.24928    0.25348    0.26106
 kpt#   3, nband= 85, wtk=  0.02778, kpt=  0.2083  0.0417  0.1250 (reduced coord)
  -1.69842   -1.69731   -1.69644   -1.69583   -1.69510   -1.69452   -1.69345   -1.69278
  -1.69194   -1.69160   -1.68931   -1.68774   -1.68615   -1.68515   -1.68456   -1.67165
  -1.67035   -1.67004   -1.66934   -1.66855   -1.66840   -1.66786   -1.66675   -1.66630
  -1.66588   -0.69118   -0.68886   -0.68879   -0.68869   -0.68863   -0.68601   -0.68530
  -0.68519   -0.68507   -0.68452   -0.68450   -0.68421   -0.68393   -0.68378   -0.68352
  -0.68321   -0.68313   -0.68304   -0.68283   -0.68276   -0.68273   -0.68217   -0.68199
  -0.68190   -0.68189   -0.43576   -0.42199   -0.39979   -0.37876   -0.37430   -0.17728
  -0.17519   -0.15390   -0.13864   -0.10957   -0.08969   -0.04717   -0.03350   -0.02881
  -0.00506   -0.00101    0.00301    0.00867    0.01870    0.02184    0.02600    0.05603
   0.06923    0.08081    0.09227    0.17468    0.17767    0.19534    0.20935    0.21159
   0.22830    0.23565    0.23851    0.23909    0.24848
 kpt#   4, nband= 85, wtk=  0.02778, kpt=  0.2917  0.0417  0.1250 (reduced coord)
  -1.69726   -1.69696   -1.69627   -1.69544   -1.69485   -1.69420   -1.69266   -1.69187
  -1.69001   -1.68968   -1.68863   -1.68684   -1.68473   -1.68426   -1.68315   -1.67138
  -1.67006   -1.66917   -1.66846   -1.66805   -1.66737   -1.66652   -1.66625   -1.66535
  -1.66392   -0.69097   -0.68890   -0.68865   -0.68861   -0.68813   -0.68588   -0.68514
  -0.68499   -0.68457   -0.68440   -0.68417   -0.68393   -0.68389   -0.68373   -0.68359
  -0.68327   -0.68309   -0.68286   -0.68281   -0.68267   -0.68231   -0.68215   -0.68195
  -0.68181   -0.68138   -0.42801   -0.41599   -0.39686   -0.37725   -0.37495   -0.19144
  -0.19007   -0.16960   -0.15717   -0.13264   -0.08358   -0.03684   -0.02398   -0.01769
  -0.00919    0.00483    0.01258    0.02391    0.02611    0.03152    0.03416    0.07271
   0.08458    0.09893    0.10047    0.15217    0.16539    0.17786    0.18458    0.18590
   0.20084    0.20428    0.21607    0.21735    0.22260
 kpt#   5, nband= 85, wtk=  0.02778, kpt=  0.3750  0.0417  0.1250 (reduced coord)
  -1.69730   -1.69700   -1.69647   -1.69600   -1.69444   -1.69418   -1.69374   -1.69353
  -1.69262   -1.69180   -1.68833   -1.68782   -1.68738   -1.68479   -1.68419   -1.67169
  -1.67026   -1.66961   -1.66917   -1.66875   -1.66832   -1.66749   -1.66707   -1.66625
  -1.66606   -0.69081   -0.68903   -0.68888   -0.68867   -0.68847   -0.68566   -0.68527
  -0.68493   -0.68480   -0.68459   -0.68426   -0.68420   -0.68406   -0.68376   -0.68360
  -0.68333   -0.68310   -0.68305   -0.68292   -0.68284   -0.68264   -0.68230   -0.68206
  -0.68196   -0.68176   -0.41877   -0.40982   -0.39642   -0.37690   -0.37535   -0.20329
  -0.20085   -0.17907   -0.17358   -0.15251   -0.07238   -0.02474   -0.02334   -0.01092
  -0.00377    0.01434    0.02082    0.02379    0.03286    0.03461    0.05592    0.08882
   0.09535    0.11070    0.11755    0.13426    0.14622    0.15144    0.16606    0.17538
   0.18030    0.19068    0.19330    0.19340    0.19936
 kpt#   6, nband= 85, wtk=  0.02778, kpt=  0.4583  0.0417  0.1250 (reduced coord)
  -1.69769   -1.69694   -1.69647   -1.69567   -1.69474   -1.69402   -1.69339   -1.69326
  -1.69297   -1.69144   -1.68973   -1.68803   -1.68747   -1.68498   -1.68441   -1.67257
  -1.67112   -1.67020   -1.66910   -1.66848   -1.66803   -1.66749   -1.66701   -1.66634
  -1.66602   -0.69064   -0.68908   -0.68891   -0.68866   -0.68860   -0.68553   -0.68532
  -0.68497   -0.68486   -0.68456   -0.68430   -0.68422   -0.68405   -0.68371   -0.68337
  -0.68329   -0.68309   -0.68305   -0.68300   -0.68285   -0.68282   -0.68227   -0.68216
  -0.68200   -0.68193   -0.40942   -0.40557   -0.40052   -0.37693   -0.37545   -0.21027
  -0.20573   -0.18361   -0.18115   -0.16590   -0.05790   -0.04148   -0.00812    0.00304
   0.00839    0.00941    0.01627    0.02636    0.03472    0.03867    0.07944    0.09858
   0.10132    0.10849    0.12920    0.13000    0.13169    0.14972    0.15049    0.16103
   0.16705    0.16947    0.17893    0.18822    0.19368
 kpt#   7, nband= 85, wtk=  0.01389, kpt=  0.1250  0.1250  0.1250 (reduced coord)
  -1.69835   -1.69652   -1.69650   -1.69539   -1.69518   -1.69447   -1.69410   -1.69277
  -1.69249   -1.69211   -1.68972   -1.68745   -1.68697   -1.68476   -1.68474   -1.67205
  -1.67117   -1.67026   -1.66972   -1.66872   -1.66800   -1.66760   -1.66697   -1.66558
  -1.66547   -0.69132   -0.68887   -0.68883   -0.68861   -0.68858   -0.68616   -0.68536
  -0.68534   -0.68517   -0.68459   -0.68452   -0.68441   -0.68381   -0.68379   -0.68358
  -0.68330   -0.68313   -0.68297   -0.68282   -0.68273   -0.68256   -0.68213   -0.68202
  -0.68191   -0.68183   -0.43845   -0.42415   -0.40107   -0.37937   -0.37389   -0.16884
  -0.16607   -0.14262   -0.12912   -0.09627   -0.08835   -0.06628   -0.04838   -0.03291
  -0.02309    0.00016    0.00297    0.00968    0.01128    0.01158    0.02495    0.05640
   0.06742    0.07814    0.09477    0.17584    0.18272    0.19645    0.21278    0.21433
   0.23703    0.24213    0.24908    0.25105    0.25823
 kpt#   8, nband= 85, wtk=  0.02778, kpt=  0.2083  0.1250  0.1250 (reduced coord)
  -1.69815   -1.69717   -1.69627   -1.69567   -1.69515   -1.69468   -1.69396   -1.69264
  -1.69199   -1.69118   -1.68965   -1.68757   -1.68702   -1.68511   -1.68384   -1.67155
  -1.67076   -1.67016   -1.66931   -1.66885   -1.66839   -1.66753   -1.66697   -1.66597
  -1.66516   -0.69118   -0.68888   -0.68883   -0.68867   -0.68852   -0.68610   -0.68527
  -0.68524   -0.68490   -0.68454   -0.68436   -0.68412   -0.68396   -0.68378   -0.68350
  -0.68333   -0.68325   -0.68301   -0.68289   -0.68276   -0.68259   -0.68222   -0.68205
  -0.68196   -0.68173   -0.43300   -0.41967   -0.39817   -0.37757   -0.37375   -0.17818
  -0.17626   -0.15429   -0.14094   -0.11283   -0.08657   -0.06954   -0.05150   -0.03032
  -0.02357   -0.00438    0.00443    0.00893    0.01692    0.03062    0.03744    0.07390
   0.08297    0.09447    0.10123    0.16155    0.16787    0.17947    0.18358    0.19243
   0.20938    0.22143    0.25146    0.25384    0.25639
 kpt#   9, nband= 85, wtk=  0.02778, kpt=  0.2917  0.1250  0.1250 (reduced coord)
  -1.69761   -1.69668   -1.69613   -1.69531   -1.69483   -1.69416   -1.69340   -1.69167
  -1.69073   -1.68975   -1.68884   -1.68712   -1.68535   -1.68513   -1.68398   -1.67099
  -1.66996   -1.66892   -1.66859   -1.66816   -1.66767   -1.66698   -1.66664   -1.66595
  -1.66505   -0.69091   -0.68897   -0.68884   -0.68868   -0.68812   -0.68583   -0.68520
  -0.68501   -0.68449   -0.68439   -0.68415   -0.68406   -0.68385   -0.68379   -0.68358
  -0.68333   -0.68309   -0.68303   -0.68288   -0.68280   -0.68237   -0.68221   -0.68203
  -0.68196   -0.68142   -0.42538   -0.41380   -0.39539   -0.37593   -0.37387   -0.18965
  -0.18815   -0.16678   -0.15635   -0.13225   -0.08063   -0.06320   -0.04525   -0.02639
  -0.01479   -0.01157    0.00355    0.01116    0.02517    0.02875    0.06015    0.08476
   0.08765    0.10267    0.10521    0.14931    0.14944    0.16983    0.17141    0.18441
   0.18602    0.19356    0.23547    0.24195    0.24476
 kpt#  10, nband= 85, wtk=  0.02778, kpt=  0.3750  0.1250  0.1250 (reduced coord)
  -1.69778   -1.69692   -1.69615   -1.69481   -1.69449   -1.69404   -1.69378   -1.69280
  -1.69181   -1.69088   -1.68885   -1.68752   -1.68641   -1.68483   -1.68448   -1.67164
  -1.67018   -1.66951   -1.66873   -1.66843   -1.66770   -1.66741   -1.66694   -1.66622
  -1.66559   -0.69079   -0.68913   -0.68891   -0.68865   -0.68826   -0.68567   -0.68534
  -0.68498   -0.68473   -0.68454   -0.68414   -0.68404   -0.68398   -0.68374   -0.68344
  -0.68329   -0.68319   -0.68308   -0.68299   -0.68283   -0.68246   -0.68225   -0.68218
  -0.68196   -0.68157   -0.41638   -0.40782   -0.39502   -0.37531   -0.37377   -0.20016
  -0.19740   -0.17507   -0.17079   -0.15004   -0.07033   -0.04999   -0.03278   -0.02538
  -0.01694   -0.00434    0.00610    0.00820    0.02265    0.02765    0.07684    0.07787
   0.08614    0.09675    0.11090    0.14295    0.14449    0.16285    0.16542    0.17220
   0.17839    0.20007    0.22071    0.22278    0.22727
 kpt#  11, nband= 85, wtk=  0.02778, kpt=  0.4583  0.1250  0.1250 (reduced coord)
  -1.69800   -1.69713   -1.69691   -1.69648   -1.69558   -1.69510   -1.69449   -1.69384
  -1.69322   -1.69265   -1.68987   -1.68889   -1.68740   -1.68655   -1.68537   -1.67323
  -1.67186   -1.67137   -1.66986   -1.66963   -1.66896   -1.66808   -1.66731   -1.66684
  -1.66594   -0.69078   -0.68945   -0.68902   -0.68870   -0.68854   -0.68594   -0.68540
  -0.68522   -0.68491   -0.68470   -0.68435   -0.68426   -0.68416   -0.68380   -0.68358
  -0.68344   -0.68335   -0.68320   -0.68302   -0.68295   -0.68277   -0.68250   -0.68230
  -0.68202   -0.68184   -0.40738   -0.40376   -0.39886   -0.37511   -0.37364   -0.20649
  -0.20186   -0.17981   -0.17719   -0.16218   -0.05678   -0.04124   -0.03226   -0.01724
  -0.01276   -0.00471    0.00266    0.00436    0.01715    0.03015    0.07780    0.08106
   0.08186    0.08607    0.11098    0.13912    0.15055    0.15854    0.16597    0.17236
   0.17532    0.19466    0.21798    0.22195    0.22991
 kpt#  12, nband= 85, wtk=  0.01389, kpt=  0.2083  0.2083  0.1250 (reduced coord)
  -1.69829   -1.69645   -1.69613   -1.69471   -1.69468   -1.69436   -1.69349   -1.69118
  -1.69084   -1.68968   -1.68926   -1.68692   -1.68574   -1.68492   -1.68355   -1.67181
  -1.67016   -1.66855   -1.66836   -1.66801   -1.66686   -1.66685   -1.66656   -1.66554
  -1.66461   -0.69100   -0.68890   -0.68876   -0.68869   -0.68819   -0.68606   -0.68518
  -0.68512   -0.68465   -0.68428   -0.68422   -0.68401   -0.68384   -0.68380   -0.68345
  -0.68327   -0.68319   -0.68291   -0.68284   -0.68269   -0.68232   -0.68211   -0.68199
  -0.68196   -0.68146   -0.42771   -0.41535   -0.39548   -0.37561   -0.37290   -0.18121
  -0.17954   -0.15657   -0.14656   -0.12056   -0.08545   -0.08081   -0.06704   -0.04100
  -0.02125   -0.01634   -0.00380   -0.00332    0.02530    0.02947    0.06400    0.07857
   0.08825    0.10029    0.10802    0.15200    0.15698    0.17466    0.17721    0.18598
   0.19170    0.19485    0.25839    0.26198    0.26337
 kpt#  13, nband= 85, wtk=  0.02778, kpt=  0.2917  0.2083  0.1250 (reduced coord)
  -1.69800   -1.69685   -1.69650   -1.69609   -1.69588   -1.69494   -1.69402   -1.69293
  -1.69182   -1.69022   -1.68927   -1.68820   -1.68756   -1.68592   -1.68503   -1.67265
  -1.67109   -1.66999   -1.66927   -1.66863   -1.66840   -1.66743   -1.66722   -1.66672
  -1.66618   -0.69093   -0.68949   -0.68894   -0.68877   -0.68813   -0.68611   -0.68548
  -0.68536   -0.68467   -0.68454   -0.68428   -0.68410   -0.68393   -0.68382   -0.68351
  -0.68343   -0.68332   -0.68313   -0.68302   -0.68298   -0.68254   -0.68231   -0.68223
  -0.68210   -0.68143   -0.42040   -0.40977   -0.39298   -0.37369   -0.37196   -0.18725
  -0.18516   -0.16186   -0.15564   -0.13263   -0.08843   -0.07628   -0.06768   -0.04531
  -0.02092   -0.01438   -0.01321   -0.00773    0.01606    0.02329    0.05926    0.07732
   0.07922    0.09627    0.10267    0.15654    0.15883    0.16739    0.18009    0.18539
   0.19986    0.20364    0.25318    0.25682    0.26052
 kpt#  14, nband= 85, wtk=  0.02778, kpt=  0.3750  0.2083  0.1250 (reduced coord)
  -1.69786   -1.69670   -1.69619   -1.69609   -1.69483   -1.69432   -1.69387   -1.69328
  -1.69231   -1.69120   -1.68958   -1.68844   -1.68658   -1.68608   -1.68537   -1.67274
  -1.67090   -1.67030   -1.66954   -1.66892   -1.66824   -1.66801   -1.66665   -1.66641
  -1.66596   -0.69076   -0.68969   -0.68882   -0.68882   -0.68820   -0.68615   -0.68547
  -0.68534   -0.68473   -0.68452   -0.68410   -0.68403   -0.68395   -0.68388   -0.68354
  -0.68334   -0.68322   -0.68311   -0.68302   -0.68295   -0.68264   -0.68240   -0.68216
  -0.68211   -0.68150   -0.41191   -0.40421   -0.39267   -0.37250   -0.37097   -0.19441
  -0.19093   -0.16732   -0.16564   -0.14570   -0.07949   -0.07060   -0.05634   -0.04031
  -0.02835   -0.01836   -0.01744   -0.00758    0.00709    0.01245    0.04417    0.06180
   0.07071    0.08006    0.09738    0.16240    0.16898    0.17486    0.18044    0.20520
   0.21552    0.21894    0.23853    0.25513    0.25579
 kpt#  15, nband= 85, wtk=  0.02778, kpt=  0.4583  0.2083  0.1250 (reduced coord)
  -1.69805   -1.69757   -1.69703   -1.69550   -1.69476   -1.69443   -1.69373   -1.69322
  -1.69280   -1.69242   -1.68897   -1.68853   -1.68728   -1.68677   -1.68505   -1.67221
  -1.67099   -1.67039   -1.67004   -1.66957   -1.66870   -1.66827   -1.66714   -1.66686
  -1.66523   -0.69074   -0.68958   -0.68905   -0.68878   -0.68830   -0.68605   -0.68540
  -0.68527   -0.68476   -0.68454   -0.68427   -0.68416   -0.68406   -0.68391   -0.68350
  -0.68343   -0.68328   -0.68318   -0.68313   -0.68296   -0.68257   -0.68252   -0.68231
  -0.68201   -0.68161   -0.40368   -0.40052   -0.39594   -0.37185   -0.37039   -0.19915
  -0.19430   -0.17240   -0.16945   -0.15498   -0.06260   -0.05915   -0.04413   -0.04152
  -0.04065   -0.02728   -0.02441   -0.01194    0.00822    0.01122    0.04427    0.04628
   0.05830    0.06249    0.09801    0.15488    0.18682    0.19002    0.19839    0.21170
   0.21302    0.21435    0.24047    0.25586    0.26368
 kpt#  16, nband= 85, wtk=  0.01389, kpt=  0.2917  0.2917  0.1250 (reduced coord)
  -1.69842   -1.69775   -1.69670   -1.69670   -1.69647   -1.69579   -1.69379   -1.69320
  -1.69101   -1.68995   -1.68993   -1.68816   -1.68705   -1.68565   -1.68476   -1.67343
  -1.67201   -1.66950   -1.66933   -1.66910   -1.66827   -1.66718   -1.66677   -1.66631
  -1.66606   -0.69074   -0.68997   -0.68895   -0.68890   -0.68785   -0.68647   -0.68568
  -0.68535   -0.68456   -0.68437   -0.68423   -0.68413   -0.68404   -0.68380   -0.68367
  -0.68335   -0.68334   -0.68323   -0.68306   -0.68301   -0.68290   -0.68229   -0.68226
  -0.68193   -0.68115   -0.41363   -0.40467   -0.39076   -0.37121   -0.36966   -0.18616
  -0.18286   -0.15742   -0.15631   -0.13527   -0.10402   -0.08525   -0.06511   -0.05869
  -0.03297   -0.02400   -0.01848   -0.01085   -0.00785    0.00799    0.03624    0.05703
   0.06864    0.07983    0.09304    0.17287    0.17743    0.18032    0.18808    0.21685
   0.22240    0.23505    0.25108    0.25159    0.26704
 kpt#  17, nband= 85, wtk=  0.02778, kpt=  0.3750  0.2917  0.1250 (reduced coord)
  -1.69742   -1.69709   -1.69680   -1.69602   -1.69511   -1.69398   -1.69368   -1.69321
  -1.69181   -1.69077   -1.68929   -1.68731   -1.68652   -1.68614   -1.68535   -1.67222
  -1.67084   -1.67000   -1.66948   -1.66909   -1.66844   -1.66774   -1.66642   -1.66567
  -1.66552   -0.69066   -0.68989   -0.68895   -0.68877   -0.68791   -0.68636   -0.68569
  -0.68522   -0.68449   -0.68441   -0.68416   -0.68412   -0.68392   -0.68377   -0.68366
  -0.68336   -0.68324   -0.68314   -0.68305   -0.68293   -0.68279   -0.68225   -0.68211
  -0.68206   -0.68126   -0.40602   -0.39974   -0.39027   -0.36912   -0.36762   -0.18724
  -0.18267   -0.15928   -0.15671   -0.14033   -0.10371   -0.08738   -0.06103   -0.05542
  -0.04042   -0.03871   -0.03531   -0.01892   -0.01314   -0.00837    0.02384    0.03298
   0.04935    0.06312    0.09238    0.16906    0.19677    0.20462    0.21597    0.23763
   0.24033    0.24990    0.25307    0.25925    0.27184
 kpt#  18, nband= 85, wtk=  0.02778, kpt=  0.4583  0.2917  0.1250 (reduced coord)
  -1.69762   -1.69710   -1.69672   -1.69637   -1.69432   -1.69393   -1.69362   -1.69309
  -1.69209   -1.69115   -1.68946   -1.68835   -1.68692   -1.68653   -1.68538   -1.67192
  -1.67085   -1.67005   -1.66989   -1.66911   -1.66899   -1.66791   -1.66710   -1.66637
  -1.66578   -0.69071   -0.69003   -0.68904   -0.68878   -0.68792   -0.68647   -0.68582
  -0.68524   -0.68452   -0.68437   -0.68424   -0.68410   -0.68393   -0.68376   -0.68363
  -0.68346   -0.68324   -0.68317   -0.68305   -0.68301   -0.68279   -0.68237   -0.68222
  -0.68200   -0.68124   -0.39907   -0.39658   -0.39250   -0.36790   -0.36645   -0.18886
  -0.18356   -0.16192   -0.15844   -0.14486   -0.08919   -0.07844   -0.06686   -0.05950
  -0.05248   -0.04507   -0.03601   -0.03322   -0.01555   -0.00467    0.01355    0.01664
   0.03809    0.05203    0.09485    0.16498    0.21103    0.22429    0.23427    0.23607
   0.24285    0.25130    0.26429    0.26915    0.27396
 kpt#  19, nband= 85, wtk=  0.01389, kpt=  0.3750  0.3750  0.1250 (reduced coord)
  -1.69825   -1.69701   -1.69646   -1.69578   -1.69532   -1.69493   -1.69397   -1.69355
  -1.69354   -1.69212   -1.68938   -1.68790   -1.68774   -1.68630   -1.68589   -1.67191
  -1.67152   -1.67103   -1.67009   -1.66971   -1.66887   -1.66870   -1.66702   -1.66651
  -1.66576   -0.69072   -0.69016   -0.68894   -0.68892   -0.68800   -0.68659   -0.68592
  -0.68525   -0.68450   -0.68447   -0.68430   -0.68410   -0.68403   -0.68386   -0.68379
  -0.68342   -0.68336   -0.68322   -0.68306   -0.68303   -0.68295   -0.68234   -0.68226
  -0.68216   -0.68136   -0.39976   -0.39558   -0.38897   -0.36609   -0.36462   -0.18076
  -0.17511   -0.15318   -0.14784   -0.13354   -0.11804   -0.09905   -0.07218   -0.06116
  -0.06025   -0.04831   -0.04583   -0.03573   -0.03044   -0.02123    0.00655    0.01078
   0.03376    0.05466    0.09357    0.17208    0.21279    0.23734    0.23880    0.24394
   0.24420    0.26735    0.26775    0.27640    0.27789
 kpt#  20, nband= 85, wtk=  0.02778, kpt=  0.4583  0.3750  0.1250 (reduced coord)
  -1.69822   -1.69750   -1.69694   -1.69652   -1.69563   -1.69539   -1.69411   -1.69387
  -1.69321   -1.69234   -1.68929   -1.68856   -1.68832   -1.68640   -1.68584   -1.67204
  -1.67170   -1.67136   -1.67055   -1.66992   -1.66938   -1.66878   -1.66714   -1.66610
  -1.66516   -0.69068   -0.69030   -0.68904   -0.68894   -0.68804   -0.68685   -0.68599
  -0.68529   -0.68459   -0.68445   -0.68428   -0.68416   -0.68414   -0.68396   -0.68378
  -0.68340   -0.68331   -0.68324   -0.68309   -0.68304   -0.68293   -0.68238   -0.68228
  -0.68218   -0.68138   -0.39466   -0.39298   -0.38957   -0.36430   -0.36285   -0.17719
  -0.17107   -0.14966   -0.14554   -0.13304   -0.10917   -0.09714   -0.08664   -0.08156
  -0.07112   -0.05602   -0.04621   -0.04274   -0.02965   -0.02640   -0.01034   -0.00962
   0.03477    0.04920    0.09541    0.17338    0.22428    0.23708    0.23747    0.24195
   0.26380    0.26763    0.28002    0.29197    0.29652
 kpt#  21, nband= 85, wtk=  0.01389, kpt=  0.4583  0.4583  0.1250 (reduced coord)
  -1.69692   -1.69682   -1.69669   -1.69587   -1.69507   -1.69477   -1.69444   -1.69353
  -1.69305   -1.69243   -1.68844   -1.68834   -1.68754   -1.68615   -1.68565   -1.67201
  -1.67148   -1.67094   -1.67047   -1.67021   -1.66945   -1.66851   -1.66657   -1.66562
  -1.66405   -0.69058   -0.69030   -0.68898   -0.68892   -0.68789   -0.68683   -0.68609
  -0.68515   -0.68441   -0.68438   -0.68417   -0.68416   -0.68413   -0.68393   -0.68370
  -0.68346   -0.68333   -0.68320   -0.68313   -0.68306   -0.68278   -0.68222   -0.68219
  -0.68211   -0.68127   -0.39185   -0.39074   -0.38801   -0.36213   -0.36068   -0.16806
  -0.16081   -0.13939   -0.13413   -0.12547   -0.11767   -0.10638   -0.10097   -0.09946
  -0.07937   -0.07350   -0.05274   -0.04918   -0.03694   -0.03219   -0.02978   -0.02006
   0.03581    0.04851    0.09640    0.17869    0.23178    0.23297    0.23404    0.24390
   0.26553    0.26788    0.29394    0.29587    0.31598
 kpt#  22, nband= 85, wtk=  0.01389, kpt=  0.0417  0.0417  0.3750 (reduced coord)
  -1.69830   -1.69813   -1.69766   -1.69721   -1.69643   -1.69560   -1.69513   -1.69470
  -1.69363   -1.69337   -1.69026   -1.68820   -1.68787   -1.68469   -1.68464   -1.67307
  -1.67236   -1.67140   -1.67057   -1.67025   -1.66837   -1.66832   -1.66801   -1.66610
  -1.66533   -0.69159   -0.68926   -0.68909   -0.68865   -0.68861   -0.68631   -0.68566
  -0.68557   -0.68549   -0.68495   -0.68486   -0.68454   -0.68381   -0.68381   -0.68341
  -0.68327   -0.68325   -0.68310   -0.68307   -0.68278   -0.68268   -0.68234   -0.68227
  -0.68192   -0.68181   -0.44412   -0.42896   -0.40453   -0.38157   -0.37418   -0.15635
  -0.15139   -0.12325   -0.11554   -0.08259   -0.07072   -0.05320   -0.04584   -0.03574
  -0.02806   -0.02099   -0.01111   -0.00321    0.01095    0.01480    0.02053    0.02934
   0.03202    0.05719    0.08972    0.17656    0.20291    0.21275    0.23190    0.23714
   0.25808    0.25897    0.26627    0.27233    0.27318
 kpt#  23, nband= 85, wtk=  0.02778, kpt=  0.1250  0.0417  0.3750 (reduced coord)
  -1.69885   -1.69836   -1.69809   -1.69645   -1.69591   -1.69575   -1.69497   -1.69459
  -1.69443   -1.69353   -1.69025   -1.68930   -1.68810   -1.68517   -1.68475   -1.67323
  -1.67257   -1.67135   -1.67088   -1.67005   -1.66864   -1.66858   -1.66786   -1.66672
  -1.66605   -0.69153   -0.68920   -0.68899   -0.68879   -0.68870   -0.68635   -0.68564
  -0.68547   -0.68540   -0.68494   -0.68477   -0.68449   -0.68400   -0.68390   -0.68351
  -0.68337   -0.68324   -0.68317   -0.68311   -0.68284   -0.68276   -0.68242   -0.68221
  -0.68201   -0.68193   -0.44127   -0.42654   -0.40278   -0.38049   -0.37412   -0.16403
  -0.16063   -0.13624   -0.12338   -0.08901   -0.08626   -0.05312   -0.03921   -0.03544
  -0.01516   -0.01299   -0.00891    0.00902    0.00953    0.01560    0.02132    0.04114
   0.04794    0.06572    0.09052    0.17646    0.19397    0.22465    0.22857    0.23460
   0.24173    0.24328    0.24515    0.25346    0.26102
 kpt#  24, nband= 85, wtk=  0.02778, kpt=  0.2083  0.0417  0.3750 (reduced coord)
  -1.69777   -1.69755   -1.69665   -1.69621   -1.69494   -1.69460   -1.69390   -1.69320
  -1.69247   -1.69124   -1.68987   -1.68786   -1.68631   -1.68543   -1.68443   -1.67192
  -1.67082   -1.67044   -1.66940   -1.66881   -1.66825   -1.66737   -1.66682   -1.66664
  -1.66575   -0.69124   -0.68884   -0.68882   -0.68874   -0.68865   -0.68611   -0.68534
  -0.68525   -0.68510   -0.68460   -0.68446   -0.68424   -0.68391   -0.68380   -0.68348
  -0.68318   -0.68311   -0.68299   -0.68295   -0.68279   -0.68274   -0.68214   -0.68209
  -0.68194   -0.68189   -0.43576   -0.42199   -0.39979   -0.37876   -0.37430   -0.17728
  -0.17519   -0.15390   -0.13864   -0.10957   -0.08969   -0.04717   -0.03349   -0.02881
  -0.00506   -0.00102    0.00300    0.00866    0.01869    0.02185    0.02600    0.05602
   0.06924    0.08073    0.09227    0.17457    0.17861    0.19542    0.20936    0.21134
   0.22831    0.23558    0.23792    0.23897    0.24559
 kpt#  25, nband= 85, wtk=  0.02778, kpt=  0.2917  0.0417  0.3750 (reduced coord)
  -1.69724   -1.69661   -1.69573   -1.69492   -1.69419   -1.69302   -1.69220   -1.69174
  -1.69044   -1.68888   -1.68873   -1.68634   -1.68488   -1.68436   -1.68309   -1.67056
  -1.66929   -1.66870   -1.66814   -1.66767   -1.66695   -1.66639   -1.66604   -1.66542
  -1.66406   -0.69082   -0.68885   -0.68861   -0.68857   -0.68819   -0.68575   -0.68506
  -0.68487   -0.68455   -0.68440   -0.68411   -0.68395   -0.68386   -0.68365   -0.68341
  -0.68320   -0.68305   -0.68285   -0.68270   -0.68263   -0.68231   -0.68213   -0.68191
  -0.68176   -0.68144   -0.42801   -0.41599   -0.39686   -0.37725   -0.37495   -0.19144
  -0.19007   -0.16959   -0.15717   -0.13264   -0.08358   -0.03684   -0.02397   -0.01769
  -0.00919    0.00483    0.01258    0.02392    0.02611    0.03152    0.03419    0.07272
   0.08460    0.09887    0.10046    0.15208    0.16539    0.17787    0.18511    0.18614
   0.20085    0.20427    0.21604    0.21730    0.22261
 kpt#  26, nband= 85, wtk=  0.02778, kpt=  0.3750  0.0417  0.3750 (reduced coord)
  -1.69747   -1.69730   -1.69647   -1.69566   -1.69444   -1.69409   -1.69342   -1.69295
  -1.69226   -1.69129   -1.68940   -1.68826   -1.68763   -1.68471   -1.68401   -1.67174
  -1.67060   -1.66973   -1.66928   -1.66868   -1.66824   -1.66778   -1.66700   -1.66628
  -1.66584   -0.69091   -0.68896   -0.68883   -0.68867   -0.68844   -0.68571   -0.68526
  -0.68485   -0.68482   -0.68455   -0.68439   -0.68419   -0.68405   -0.68377   -0.68357
  -0.68350   -0.68314   -0.68300   -0.68290   -0.68287   -0.68262   -0.68224   -0.68205
  -0.68195   -0.68173   -0.41877   -0.40982   -0.39642   -0.37690   -0.37535   -0.20329
  -0.20085   -0.17907   -0.17358   -0.15251   -0.07238   -0.02474   -0.02334   -0.01092
  -0.00376    0.01434    0.02081    0.02377    0.03286    0.03461    0.05596    0.08881
   0.09538    0.11069    0.11749    0.13421    0.14621    0.15146    0.16596    0.17538
   0.18033    0.19081    0.19332    0.19339    0.19984
 kpt#  27, nband= 85, wtk=  0.02778, kpt=  0.4583  0.0417  0.3750 (reduced coord)
  -1.69893   -1.69778   -1.69734   -1.69639   -1.69566   -1.69538   -1.69488   -1.69420
  -1.69328   -1.69199   -1.68986   -1.68874   -1.68813   -1.68508   -1.68458   -1.67251
  -1.67112   -1.67049   -1.67021   -1.66943   -1.66895   -1.66836   -1.66779   -1.66755
  -1.66624   -0.69099   -0.68917   -0.68909   -0.68863   -0.68858   -0.68572   -0.68554
  -0.68501   -0.68494   -0.68479   -0.68454   -0.68431   -0.68420   -0.68378   -0.68364
  -0.68348   -0.68327   -0.68318   -0.68299   -0.68284   -0.68275   -0.68247   -0.68222
  -0.68199   -0.68188   -0.40942   -0.40558   -0.40052   -0.37693   -0.37546   -0.21028
  -0.20573   -0.18361   -0.18116   -0.16590   -0.05790   -0.04148   -0.00813    0.00304
   0.00839    0.00940    0.01627    0.02634    0.03472    0.03866    0.07943    0.09853
   0.10131    0.10851    0.12920    0.12998    0.13165    0.14969    0.15049    0.16087
   0.16707    0.16950    0.17890    0.18821    0.19364
 kpt#  28, nband= 85, wtk=  0.01389, kpt=  0.1250  0.1250  0.3750 (reduced coord)
  -1.69949   -1.69796   -1.69747   -1.69574   -1.69571   -1.69550   -1.69519   -1.69428
  -1.69407   -1.69307   -1.69013   -1.68944   -1.68792   -1.68647   -1.68513   -1.67280
  -1.67237   -1.67128   -1.67120   -1.66967   -1.66934   -1.66904   -1.66790   -1.66688
  -1.66673   -0.69138   -0.68909   -0.68901   -0.68883   -0.68883   -0.68624   -0.68556
  -0.68539   -0.68532   -0.68487   -0.68471   -0.68442   -0.68400   -0.68394   -0.68356
  -0.68338   -0.68326   -0.68320   -0.68308   -0.68298   -0.68292   -0.68239   -0.68223
  -0.68214   -0.68205   -0.43845   -0.42415   -0.40107   -0.37937   -0.37390   -0.16885
  -0.16608   -0.14262   -0.12912   -0.09627   -0.08836   -0.06628   -0.04838   -0.03291
  -0.02309    0.00016    0.00297    0.00967    0.01128    0.01157    0.02497    0.05639
   0.06742    0.07807    0.09477    0.17696    0.18249    0.19653    0.21278    0.21360
   0.23689    0.24138    0.24377    0.24898    0.25823
 kpt#  29, nband= 85, wtk=  0.02778, kpt=  0.2083  0.1250  0.3750 (reduced coord)
  -1.69879   -1.69717   -1.69617   -1.69530   -1.69485   -1.69450   -1.69351   -1.69245
  -1.69197   -1.69053   -1.68960   -1.68728   -1.68626   -1.68568   -1.68379   -1.67139
  -1.67066   -1.66996   -1.66953   -1.66895   -1.66816   -1.66720   -1.66704   -1.66592
  -1.66487   -0.69111   -0.68893   -0.68876   -0.68870   -0.68850   -0.68604   -0.68524
  -0.68518   -0.68490   -0.68451   -0.68427   -0.68412   -0.68398   -0.68384   -0.68342
  -0.68329   -0.68322   -0.68303   -0.68285   -0.68279   -0.68257   -0.68219   -0.68205
  -0.68198   -0.68171   -0.43300   -0.41967   -0.39817   -0.37757   -0.37375   -0.17818
  -0.17626   -0.15430   -0.14094   -0.11283   -0.08658   -0.06954   -0.05151   -0.03032
  -0.02356   -0.00438    0.00443    0.00893    0.01691    0.03063    0.03745    0.07390
   0.08299    0.09439    0.10123    0.16151    0.16794    0.17966    0.18444    0.19217
   0.20927    0.22145    0.24856    0.25159    0.25446
 kpt#  30, nband= 85, wtk=  0.02778, kpt=  0.2917  0.1250  0.3750 (reduced coord)
  -1.69733   -1.69598   -1.69548   -1.69504   -1.69452   -1.69387   -1.69293   -1.69163
  -1.69071   -1.68983   -1.68811   -1.68617   -1.68518   -1.68464   -1.68341   -1.67042
  -1.66911   -1.66851   -1.66810   -1.66761   -1.66711   -1.66651   -1.66617   -1.66582
  -1.66475   -0.69079   -0.68883   -0.68877   -0.68868   -0.68814   -0.68577   -0.68514
  -0.68494   -0.68449   -0.68437   -0.68409   -0.68393   -0.68385   -0.68375   -0.68336
  -0.68324   -0.68307   -0.68288   -0.68279   -0.68275   -0.68230   -0.68205   -0.68204
  -0.68190   -0.68143   -0.42538   -0.41380   -0.39538   -0.37593   -0.37387   -0.18965
  -0.18815   -0.16678   -0.15635   -0.13225   -0.08062   -0.06320   -0.04525   -0.02639
  -0.01478   -0.01156    0.00355    0.01116    0.02516    0.02877    0.06016    0.08478
   0.08765    0.10264    0.10518    0.14933    0.14944    0.16984    0.17135    0.18438
   0.18630    0.19406    0.23549    0.24201    0.24481
 kpt#  31, nband= 85, wtk=  0.02778, kpt=  0.3750  0.1250  0.3750 (reduced coord)
  -1.69703   -1.69690   -1.69640   -1.69595   -1.69482   -1.69436   -1.69423   -1.69372
  -1.69221   -1.69117   -1.68914   -1.68829   -1.68729   -1.68536   -1.68444   -1.67185
  -1.67039   -1.66966   -1.66912   -1.66868   -1.66836   -1.66775   -1.66712   -1.66650
  -1.66632   -0.69085   -0.68916   -0.68900   -0.68869   -0.68832   -0.68572   -0.68538
  -0.68506   -0.68481   -0.68460   -0.68426   -0.68416   -0.68402   -0.68378   -0.68354
  -0.68339   -0.68320   -0.68312   -0.68306   -0.68283   -0.68250   -0.68231   -0.68221
  -0.68202   -0.68159   -0.41638   -0.40782   -0.39502   -0.37531   -0.37377   -0.20016
  -0.19740   -0.17507   -0.17079   -0.15004   -0.07033   -0.04999   -0.03279   -0.02538
  -0.01694   -0.00434    0.00608    0.00820    0.02265    0.02765    0.07682    0.07789
   0.08612    0.09676    0.11087    0.14294    0.14452    0.16287    0.16539    0.17204
   0.17838    0.20064    0.22082    0.22280    0.22725
 kpt#  32, nband= 85, wtk=  0.02778, kpt=  0.4583  0.1250  0.3750 (reduced coord)
  -1.69835   -1.69704   -1.69679   -1.69573   -1.69537   -1.69476   -1.69412   -1.69405
  -1.69372   -1.69324   -1.68989   -1.68957   -1.68744   -1.68648   -1.68555   -1.67308
  -1.67168   -1.67089   -1.67010   -1.66948   -1.66905   -1.66867   -1.66798   -1.66699
  -1.66630   -0.69094   -0.68937   -0.68897   -0.68872   -0.68853   -0.68581   -0.68558
  -0.68515   -0.68494   -0.68481   -0.68452   -0.68427   -0.68412   -0.68382   -0.68365
  -0.68345   -0.68335   -0.68310   -0.68302   -0.68295   -0.68275   -0.68251   -0.68226
  -0.68208   -0.68185   -0.40738   -0.40377   -0.39886   -0.37511   -0.37364   -0.20650
  -0.20186   -0.17981   -0.17720   -0.16218   -0.05679   -0.04123   -0.03227   -0.01724
  -0.01276   -0.00472    0.00265    0.00436    0.01715    0.03015    0.07781    0.08106
   0.08186    0.08608    0.11095    0.13907    0.15054    0.15854    0.16590    0.17238
   0.17527    0.19491    0.21792    0.22203    0.23018
 kpt#  33, nband= 85, wtk=  0.01389, kpt=  0.2083  0.2083  0.3750 (reduced coord)
  -1.69764   -1.69742   -1.69651   -1.69546   -1.69494   -1.69397   -1.69348   -1.69193
  -1.69171   -1.69038   -1.68930   -1.68656   -1.68647   -1.68586   -1.68317   -1.67164
  -1.67017   -1.66956   -1.66888   -1.66851   -1.66775   -1.66728   -1.66698   -1.66613
  -1.66468   -0.69105   -0.68886   -0.68880   -0.68876   -0.68831   -0.68603   -0.68529
  -0.68509   -0.68480   -0.68432   -0.68422   -0.68413   -0.68385   -0.68385   -0.68346
  -0.68328   -0.68328   -0.68296   -0.68289   -0.68280   -0.68248   -0.68217   -0.68209
  -0.68195   -0.68162   -0.42771   -0.41535   -0.39548   -0.37561   -0.37290   -0.18121
  -0.17954   -0.15657   -0.14656   -0.12057   -0.08545   -0.08082   -0.06704   -0.04100
  -0.02125   -0.01635   -0.00380   -0.00332    0.02530    0.02948    0.06398    0.07858
   0.08826    0.10024    0.10803    0.15205    0.15699    0.17458    0.17721    0.18648
   0.19151    0.19527    0.25672    0.25831    0.26194
 kpt#  34, nband= 85, wtk=  0.02778, kpt=  0.2917  0.2083  0.3750 (reduced coord)
  -1.69780   -1.69681   -1.69658   -1.69561   -1.69524   -1.69434   -1.69383   -1.69229
  -1.69117   -1.68991   -1.68866   -1.68766   -1.68640   -1.68509   -1.68473   -1.67208
  -1.67053   -1.66927   -1.66902   -1.66853   -1.66806   -1.66709   -1.66659   -1.66582
  -1.66529   -0.69082   -0.68950   -0.68882   -0.68872   -0.68804   -0.68605   -0.68546
  -0.68532   -0.68461   -0.68443   -0.68420   -0.68395   -0.68382   -0.68376   -0.68346
  -0.68334   -0.68321   -0.68312   -0.68292   -0.68288   -0.68250   -0.68224   -0.68210
  -0.68200   -0.68135   -0.42040   -0.40977   -0.39298   -0.37369   -0.37195   -0.18725
  -0.18516   -0.16185   -0.15564   -0.13263   -0.08843   -0.07628   -0.06768   -0.04531
  -0.02092   -0.01437   -0.01320   -0.00772    0.01607    0.02330    0.05925    0.07731
   0.07923    0.09628    0.10266    0.15661    0.15883    0.16747    0.17993    0.18527
   0.19989    0.20438    0.25333    0.25685    0.26055
 kpt#  35, nband= 85, wtk=  0.02778, kpt=  0.3750  0.2083  0.3750 (reduced coord)
  -1.69771   -1.69717   -1.69703   -1.69654   -1.69521   -1.69489   -1.69416   -1.69268
  -1.69230   -1.69092   -1.68963   -1.68885   -1.68728   -1.68599   -1.68495   -1.67322
  -1.67073   -1.67043   -1.67002   -1.66878   -1.66841   -1.66766   -1.66739   -1.66652
  -1.66522   -0.69084   -0.68966   -0.68908   -0.68868   -0.68822   -0.68615   -0.68551
  -0.68538   -0.68485   -0.68446   -0.68424   -0.68409   -0.68390   -0.68381   -0.68354
  -0.68344   -0.68335   -0.68325   -0.68296   -0.68288   -0.68254   -0.68241   -0.68234
  -0.68195   -0.68147   -0.41191   -0.40421   -0.39267   -0.37250   -0.37097   -0.19440
  -0.19093   -0.16732   -0.16564   -0.14570   -0.07949   -0.07060   -0.05634   -0.04031
  -0.02835   -0.01837   -0.01744   -0.00758    0.00709    0.01245    0.04417    0.06177
   0.07071    0.08006    0.09735    0.16231    0.16900    0.17503    0.18041    0.20504
   0.21584    0.21916    0.23860    0.25514    0.25579
 kpt#  36, nband= 85, wtk=  0.02778, kpt=  0.4583  0.2083  0.3750 (reduced coord)
  -1.69788   -1.69713   -1.69665   -1.69605   -1.69511   -1.69422   -1.69369   -1.69338
  -1.69311   -1.69277   -1.68951   -1.68911   -1.68740   -1.68680   -1.68523   -1.67218
  -1.67145   -1.67053   -1.67007   -1.66971   -1.66914   -1.66874   -1.66771   -1.66655
  -1.66562   -0.69083   -0.68963   -0.68900   -0.68872   -0.68838   -0.68611   -0.68547
  -0.68540   -0.68486   -0.68457   -0.68426   -0.68417   -0.68400   -0.68384   -0.68353
  -0.68342   -0.68333   -0.68323   -0.68309   -0.68292   -0.68264   -0.68256   -0.68232
  -0.68204   -0.68171   -0.40368   -0.40052   -0.39594   -0.37185   -0.37039   -0.19915
  -0.19430   -0.17240   -0.16945   -0.15497   -0.06260   -0.05915   -0.04413   -0.04152
  -0.04065   -0.02728   -0.02441   -0.01194    0.00822    0.01122    0.04427    0.04627
   0.05829    0.06250    0.09797    0.15477    0.18680    0.19017    0.19834    0.21180
   0.21324    0.21430    0.24053    0.25561    0.26364
 kpt#  37, nband= 85, wtk=  0.01389, kpt=  0.2917  0.2917  0.3750 (reduced coord)
  -1.69906   -1.69712   -1.69677   -1.69590   -1.69550   -1.69465   -1.69407   -1.69294
  -1.69118   -1.68968   -1.68966   -1.68747   -1.68652   -1.68608   -1.68502   -1.67300
  -1.67162   -1.66987   -1.66942   -1.66851   -1.66807   -1.66687   -1.66682   -1.66585
  -1.66578   -0.69081   -0.68988   -0.68888   -0.68881   -0.68785   -0.68637   -0.68567
  -0.68539   -0.68458   -0.68435   -0.68422   -0.68409   -0.68396   -0.68378   -0.68367
  -0.68346   -0.68314   -0.68314   -0.68301   -0.68294   -0.68277   -0.68224   -0.68212
  -0.68197   -0.68117   -0.41363   -0.40467   -0.39076   -0.37121   -0.36966   -0.18616
  -0.18285   -0.15742   -0.15631   -0.13527   -0.10402   -0.08525   -0.06511   -0.05869
  -0.03297   -0.02399   -0.01847   -0.01084   -0.00784    0.00800    0.03624    0.05702
   0.06864    0.07984    0.09301    0.17278    0.17742    0.18058    0.18805    0.21662
   0.22280    0.23523    0.25109    0.25168    0.26702
 kpt#  38, nband= 85, wtk=  0.02778, kpt=  0.3750  0.2917  0.3750 (reduced coord)
  -1.69846   -1.69778   -1.69711   -1.69587   -1.69545   -1.69477   -1.69406   -1.69358
  -1.69199   -1.69112   -1.68888   -1.68829   -1.68768   -1.68668   -1.68639   -1.67227
  -1.67082   -1.67057   -1.66993   -1.66951   -1.66910   -1.66828   -1.66790   -1.66700
  -1.66645   -0.69073   -0.68992   -0.68909   -0.68895   -0.68795   -0.68641   -0.68575
  -0.68525   -0.68452   -0.68447   -0.68423   -0.68415   -0.68400   -0.68385   -0.68364
  -0.68351   -0.68341   -0.68326   -0.68317   -0.68306   -0.68290   -0.68245   -0.68234
  -0.68214   -0.68128   -0.40602   -0.39974   -0.39027   -0.36913   -0.36762   -0.18724
  -0.18267   -0.15929   -0.15672   -0.14034   -0.10372   -0.08739   -0.06103   -0.05542
  -0.04042   -0.03870   -0.03531   -0.01891   -0.01314   -0.00837    0.02384    0.03297
   0.04934    0.06312    0.09235    0.16895    0.19713    0.20458    0.21595    0.23776
   0.24014    0.25001    0.25277    0.25935    0.27182
 kpt#  39, nband= 85, wtk=  0.02778, kpt=  0.4583  0.2917  0.3750 (reduced coord)
  -1.69800   -1.69711   -1.69638   -1.69598   -1.69508   -1.69459   -1.69392   -1.69316
  -1.69214   -1.69135   -1.68907   -1.68841   -1.68744   -1.68618   -1.68525   -1.67185
  -1.67156   -1.67013   -1.66982   -1.66934   -1.66897   -1.66797   -1.66695   -1.66661
  -1.66505   -0.69065   -0.68999   -0.68895   -0.68886   -0.68806   -0.68644   -0.68578
  -0.68519   -0.68454   -0.68444   -0.68413   -0.68403   -0.68395   -0.68379   -0.68370
  -0.68336   -0.68328   -0.68324   -0.68314   -0.68294   -0.68278   -0.68238   -0.68223
  -0.68212   -0.68140   -0.39907   -0.39658   -0.39251   -0.36790   -0.36645   -0.18886
  -0.18356   -0.16192   -0.15844   -0.14486   -0.08919   -0.07844   -0.06685   -0.05949
  -0.05248   -0.04507   -0.03601   -0.03321   -0.01555   -0.00467    0.01355    0.01664
   0.03810    0.05204    0.09485    0.16488    0.21138    0.22437    0.23435    0.23607
   0.24286    0.25140    0.26422    0.26915    0.27356
 kpt#  40, nband= 85, wtk=  0.01389, kpt=  0.3750  0.3750  0.3750 (reduced coord)
  -1.69805   -1.69781   -1.69715   -1.69638   -1.69633   -1.69550   -1.69464   -1.69411
  -1.69348   -1.69229   -1.68975   -1.68810   -1.68790   -1.68658   -1.68605   -1.67221
  -1.67131   -1.67072   -1.67047   -1.67046   -1.66923   -1.66904   -1.66731   -1.66698
  -1.66659   -0.69080   -0.69026   -0.68904   -0.68897   -0.68803   -0.68667   -0.68604
  -0.68534   -0.68461   -0.68452   -0.68426   -0.68423   -0.68404   -0.68385   -0.68382
  -0.68352   -0.68348   -0.68335   -0.68311   -0.68308   -0.68294   -0.68243   -0.68231
  -0.68215   -0.68137   -0.39977   -0.39558   -0.38897   -0.36610   -0.36462   -0.18077
  -0.17512   -0.15319   -0.14785   -0.13355   -0.11804   -0.09905   -0.07218   -0.06118
  -0.06024   -0.04831   -0.04583   -0.03574   -0.03044   -0.02123    0.00656    0.01079
   0.03378    0.05467    0.09356    0.17199    0.21321    0.23736    0.23878    0.24392
   0.24424    0.26727    0.26782    0.27595    0.27731
 kpt#  41, nband= 85, wtk=  0.02778, kpt=  0.4583  0.3750  0.3750 (reduced coord)
  -1.69795   -1.69763   -1.69678   -1.69655   -1.69576   -1.69558   -1.69435   -1.69379
  -1.69365   -1.69206   -1.68962   -1.68858   -1.68801   -1.68675   -1.68571   -1.67250
  -1.67134   -1.67097   -1.67007   -1.66962   -1.66946   -1.66860   -1.66720   -1.66675
  -1.66630   -0.69068   -0.69031   -0.68905   -0.68893   -0.68804   -0.68683   -0.68607
  -0.68525   -0.68462   -0.68447   -0.68423   -0.68416   -0.68399   -0.68396   -0.68375
  -0.68340   -0.68337   -0.68330   -0.68318   -0.68306   -0.68298   -0.68239   -0.68236
  -0.68213   -0.68137   -0.39466   -0.39297   -0.38957   -0.36430   -0.36285   -0.17718
  -0.17107   -0.14966   -0.14555   -0.13304   -0.10917   -0.09714   -0.08664   -0.08156
  -0.07112   -0.05602   -0.04620   -0.04274   -0.02965   -0.02640   -0.01034   -0.00962
   0.03478    0.04920    0.09539    0.17329    0.22461    0.23694    0.23749    0.24188
   0.26391    0.26772    0.27987    0.29155    0.29652
 kpt#  42, nband= 85, wtk=  0.01389, kpt=  0.4583  0.4583  0.3750 (reduced coord)
  -1.69827   -1.69801   -1.69681   -1.69622   -1.69597   -1.69486   -1.69449   -1.69388
  -1.69349   -1.69254   -1.68870   -1.68860   -1.68781   -1.68601   -1.68570   -1.67163
  -1.67151   -1.67000   -1.66999   -1.66963   -1.66937   -1.66892   -1.66731   -1.66661
  -1.66588   -0.69065   -0.69031   -0.68904   -0.68903   -0.68794   -0.68679   -0.68609
  -0.68521   -0.68454   -0.68446   -0.68426   -0.68424   -0.68403   -0.68395   -0.68373
  -0.68339   -0.68337   -0.68321   -0.68315   -0.68309   -0.68300   -0.68233   -0.68232
  -0.68213   -0.68131   -0.39185   -0.39074   -0.38800   -0.36213   -0.36068   -0.16805
  -0.16080   -0.13939   -0.13413   -0.12547   -0.11767   -0.10638   -0.10097   -0.09946
  -0.07937   -0.07350   -0.05274   -0.04918   -0.03694   -0.03220   -0.02978   -0.02006
   0.03581    0.04850    0.09637    0.17861    0.23195    0.23318    0.23404    0.24395
   0.26577    0.26801    0.29356    0.29548    0.31606
