 Fermi (or HOMO) energy (hartree) =   0.15113   Average Vxc (hartree)=  -0.31886
 Eigenvalues (hartree) for nkpt=   6  k points:
 kpt#   1, nband=144, wtk=  0.11111, kpt=  0.0833  0.0833  0.5000 (reduced coord)
  -4.72844   -4.72843   -2.96575   -2.96554   -2.96334   -2.96317   -2.96315   -2.96313
  -1.67872   -1.67799   -1.67740   -1.67717   -1.67696   -1.67369   -1.67273   -1.67197
  -1.67065   -1.66997   -1.66948   -1.66933   -1.66852   -1.66730   -1.66626   -1.66573
  -1.66553   -1.66509   -1.66415   -1.66354   -1.66336   -1.66303   -1.66294   -1.66286
  -1.66201   -1.66194   -1.66089   -1.66071   -1.66060   -1.66043   -1.66027   -1.65860
  -1.65797   -1.65564   -1.65379   -1.64338   -1.64234   -1.64118   -1.64048   -1.63968
  -1.63919   -1.63771   -1.63635   -1.63600   -1.63502   -0.66362   -0.66317   -0.66215
  -0.66214   -0.66166   -0.66163   -0.66116   -0.66102   -0.66068   -0.66053   -0.65977
  -0.65930   -0.65922   -0.65793   -0.65775   -0.65542   -0.65441   -0.65389   -0.65381
  -0.65368   -0.65320   -0.65316   -0.65308   -0.65307   -0.65305   -0.65284   -0.65279
  -0.65231   -0.65226   -0.65212   -0.65210   -0.65203   -0.65174   -0.65146   -0.65119
  -0.41660   -0.40738   -0.40072   -0.39495   -0.37932   -0.37506   -0.36310   -0.34783
  -0.34492   -0.19144   -0.18924   -0.18831   -0.18830   -0.18725   -0.17620   -0.17577
  -0.17422   -0.17035   -0.16893   -0.13829   -0.13663   -0.12099   -0.11450   -0.09788
  -0.08358   -0.07900   -0.06142   -0.05248   -0.03390   -0.03095   -0.02281   -0.01133
  -0.00790   -0.00717   -0.00016    0.00564    0.00880    0.01758    0.02611    0.03051
   0.03568    0.03706    0.04097    0.04589    0.04614    0.05599    0.06183    0.06368
   0.07446    0.07881    0.09086    0.10571    0.12834    0.16007    0.17498    0.20809
 kpt#   2, nband=144, wtk=  0.22222, kpt=  0.2500  0.0833  0.5000 (reduced coord)
  -4.72844   -4.72843   -2.96493   -2.96362   -2.96356   -2.96341   -2.96328   -2.96294
  -1.67842   -1.67723   -1.67642   -1.67495   -1.67346   -1.67306   -1.67164   -1.66996
  -1.66954   -1.66916   -1.66854   -1.66793   -1.66760   -1.66676   -1.66610   -1.66517
  -1.66469   -1.66450   -1.66380   -1.66363   -1.66298   -1.66243   -1.66179   -1.66131
  -1.66102   -1.65994   -1.65960   -1.65867   -1.65811   -1.65767   -1.65722   -1.65689
  -1.65651   -1.65426   -1.65418   -1.64171   -1.63961   -1.63934   -1.63909   -1.63876
  -1.63736   -1.63653   -1.63617   -1.63580   -1.63419   -0.66327   -0.66278   -0.66183
  -0.66148   -0.66135   -0.66124   -0.66113   -0.66091   -0.66074   -0.66061   -0.65969
  -0.65891   -0.65854   -0.65807   -0.65790   -0.65488   -0.65402   -0.65378   -0.65349
  -0.65310   -0.65303   -0.65300   -0.65289   -0.65281   -0.65263   -0.65252   -0.65237
  -0.65228   -0.65214   -0.65206   -0.65195   -0.65178   -0.65159   -0.65149   -0.65136
  -0.40543   -0.39720   -0.39396   -0.38655   -0.37475   -0.37301   -0.36124   -0.34664
  -0.34436   -0.19090   -0.18638   -0.18574   -0.18520   -0.18403   -0.17806   -0.17392
  -0.17351   -0.17133   -0.17061   -0.16137   -0.15994   -0.14377   -0.14163   -0.12755
  -0.10917   -0.09259   -0.08122   -0.06839   -0.05861   -0.03477   -0.02216   -0.01938
  -0.00420    0.00509    0.00995    0.01528    0.01631    0.02731    0.03444    0.04323
   0.04488    0.04848    0.04946    0.05317    0.05600    0.05743    0.06018    0.07679
   0.10624    0.11557    0.11618    0.12981    0.13781    0.17989    0.18360    0.19009
 kpt#   3, nband=144, wtk=  0.22222, kpt=  0.4167  0.0833  0.5000 (reduced coord)
  -4.72844   -4.72843   -2.96489   -2.96416   -2.96392   -2.96365   -2.96345   -2.96332
  -1.67869   -1.67785   -1.67677   -1.67649   -1.67483   -1.67299   -1.67171   -1.67153
  -1.67109   -1.66966   -1.66869   -1.66838   -1.66740   -1.66705   -1.66671   -1.66633
  -1.66509   -1.66493   -1.66470   -1.66381   -1.66363   -1.66311   -1.66247   -1.66211
  -1.66189   -1.66137   -1.66098   -1.66054   -1.65965   -1.65934   -1.65889   -1.65745
  -1.65719   -1.65531   -1.65507   -1.64277   -1.64020   -1.64013   -1.63991   -1.63958
  -1.63877   -1.63722   -1.63668   -1.63623   -1.63591   -0.66304   -0.66253   -0.66217
  -0.66172   -0.66164   -0.66143   -0.66129   -0.66095   -0.66084   -0.66055   -0.65966
  -0.65929   -0.65879   -0.65827   -0.65789   -0.65445   -0.65396   -0.65379   -0.65364
  -0.65331   -0.65316   -0.65311   -0.65309   -0.65298   -0.65280   -0.65264   -0.65256
  -0.65248   -0.65232   -0.65223   -0.65210   -0.65191   -0.65182   -0.65170   -0.65139
  -0.38649   -0.38458   -0.38112   -0.37621   -0.37583   -0.37026   -0.36792   -0.34681
  -0.34412   -0.18726   -0.18378   -0.18307   -0.18271   -0.18159   -0.18105   -0.18026
  -0.17956   -0.17762   -0.17737   -0.17566   -0.17209   -0.16564   -0.16206   -0.14774
  -0.14255   -0.13052   -0.09131   -0.09068   -0.04781   -0.01585   -0.01383    0.00587
   0.00722    0.01700    0.01962    0.02664    0.02773    0.03106    0.03582    0.03768
   0.04160    0.04592    0.04833    0.05023    0.05861    0.06163    0.09972    0.11631
   0.11713    0.12582    0.12855    0.13627    0.15113    0.15821    0.15923    0.17367
 kpt#   4, nband=144, wtk=  0.11111, kpt=  0.2500  0.2500  0.5000 (reduced coord)
  -4.72844   -4.72843   -2.96449   -2.96428   -2.96416   -2.96362   -2.96317   -2.96297
  -1.67855   -1.67731   -1.67607   -1.67577   -1.67432   -1.67297   -1.67215   -1.67111
  -1.67110   -1.67018   -1.66958   -1.66874   -1.66854   -1.66752   -1.66613   -1.66516
  -1.66479   -1.66403   -1.66391   -1.66338   -1.66297   -1.66199   -1.66170   -1.66096
  -1.66084   -1.66058   -1.66020   -1.66019   -1.65928   -1.65861   -1.65844   -1.65797
  -1.65659   -1.65618   -1.65435   -1.64230   -1.63988   -1.63976   -1.63915   -1.63877
  -1.63825   -1.63700   -1.63627   -1.63612   -1.63528   -0.66317   -0.66258   -0.66252
  -0.66202   -0.66142   -0.66131   -0.66115   -0.66083   -0.66064   -0.66053   -0.65971
  -0.65938   -0.65849   -0.65806   -0.65795   -0.65478   -0.65411   -0.65394   -0.65364
  -0.65333   -0.65319   -0.65315   -0.65284   -0.65283   -0.65277   -0.65253   -0.65243
  -0.65234   -0.65227   -0.65215   -0.65207   -0.65185   -0.65165   -0.65144   -0.65140
  -0.39494   -0.38816   -0.38753   -0.37874   -0.37313   -0.36783   -0.35931   -0.34362
  -0.34115   -0.19368   -0.18440   -0.18340   -0.18290   -0.18052   -0.17933   -0.17558
  -0.17503   -0.17255   -0.17185   -0.16190   -0.16026   -0.14309   -0.14206   -0.12652
  -0.11545   -0.10086   -0.08105   -0.07070   -0.05920   -0.05731   -0.05581   -0.04357
  -0.03081   -0.02546   -0.01395   -0.00609    0.00457    0.01082    0.01810    0.02208
   0.02891    0.02935    0.03587    0.04394    0.04835    0.05179    0.07741    0.09868
   0.10405    0.11200    0.11475    0.13162    0.13703    0.18328    0.18684    0.19107
 kpt#   5, nband=144, wtk=  0.22222, kpt=  0.4167  0.2500  0.5000 (reduced coord)
  -4.72844   -4.72843   -2.96524   -2.96435   -2.96374   -2.96365   -2.96340   -2.96315
  -1.67829   -1.67767   -1.67711   -1.67627   -1.67581   -1.67279   -1.67206   -1.67164
  -1.67109   -1.67040   -1.67004   -1.66894   -1.66801   -1.66656   -1.66631   -1.66598
  -1.66467   -1.66402   -1.66387   -1.66329   -1.66308   -1.66296   -1.66200   -1.66168
  -1.66160   -1.66121   -1.66077   -1.66070   -1.66021   -1.65973   -1.65923   -1.65814
  -1.65755   -1.65601   -1.65583   -1.64222   -1.64081   -1.63989   -1.63974   -1.63942
  -1.63907   -1.63762   -1.63680   -1.63664   -1.63612   -0.66301   -0.66284   -0.66244
  -0.66227   -0.66150   -0.66131   -0.66127   -0.66089   -0.66077   -0.66064   -0.65973
  -0.65937   -0.65847   -0.65828   -0.65804   -0.65482   -0.65413   -0.65405   -0.65373
  -0.65333   -0.65326   -0.65317   -0.65301   -0.65289   -0.65286   -0.65259   -0.65248
  -0.65241   -0.65227   -0.65223   -0.65216   -0.65207   -0.65176   -0.65158   -0.65144
  -0.38021   -0.37813   -0.37351   -0.37324   -0.36937   -0.36494   -0.36344   -0.34083
  -0.33814   -0.19184   -0.18515   -0.18297   -0.18164   -0.18035   -0.17706   -0.17664
  -0.17583   -0.17406   -0.17186   -0.16942   -0.16635   -0.15276   -0.14734   -0.13173
  -0.13024   -0.11966   -0.08614   -0.08124   -0.06069   -0.05503   -0.03936   -0.03605
  -0.02411   -0.01960   -0.01794   -0.01327   -0.00595   -0.00361    0.00095    0.00375
   0.01201    0.01371    0.01868    0.02639    0.03041    0.03091    0.04991    0.06678
   0.07175    0.07989    0.08875    0.10736    0.12641    0.19364    0.20972    0.22314
 kpt#   6, nband=144, wtk=  0.11111, kpt=  0.4167  0.4167  0.5000 (reduced coord)
  -4.72844   -4.72844   -2.96517   -2.96421   -2.96419   -2.96383   -2.96329   -2.96305
  -1.67828   -1.67689   -1.67673   -1.67613   -1.67594   -1.67304   -1.67298   -1.67211
  -1.67149   -1.67146   -1.66840   -1.66819   -1.66802   -1.66752   -1.66656   -1.66645
  -1.66600   -1.66511   -1.66505   -1.66364   -1.66330   -1.66308   -1.66260   -1.66208
  -1.66191   -1.66136   -1.66127   -1.66070   -1.66052   -1.66000   -1.65850   -1.65801
  -1.65784   -1.65619   -1.65448   -1.64274   -1.64200   -1.64018   -1.63962   -1.63916
  -1.63861   -1.63846   -1.63690   -1.63572   -1.63545   -0.66351   -0.66298   -0.66267
  -0.66221   -0.66157   -0.66147   -0.66122   -0.66078   -0.66060   -0.66054   -0.66034
  -0.65914   -0.65836   -0.65832   -0.65815   -0.65525   -0.65462   -0.65436   -0.65369
  -0.65359   -0.65328   -0.65311   -0.65296   -0.65280   -0.65275   -0.65260   -0.65242
  -0.65238   -0.65226   -0.65222   -0.65207   -0.65200   -0.65185   -0.65162   -0.65134
  -0.37534   -0.37043   -0.36688   -0.36383   -0.36238   -0.36044   -0.36032   -0.33437
  -0.33167   -0.19405   -0.19062   -0.18172   -0.18117   -0.17783   -0.17481   -0.17454
  -0.17396   -0.17349   -0.17291   -0.15093   -0.14683   -0.13445   -0.12615   -0.11211
  -0.11035   -0.09831   -0.09693   -0.08651   -0.08376   -0.07970   -0.07051   -0.06117
  -0.05958   -0.05190   -0.04612   -0.03377   -0.03161   -0.02793   -0.01926   -0.01452
  -0.01375   -0.01003   -0.00534   -0.00088    0.00117    0.00929    0.01722    0.02032
   0.03412    0.04905    0.08493    0.09895    0.12685    0.20131    0.22111    0.22400
