 Fermi (or HOMO) energy (hartree) =   0.04823   Average Vxc (hartree)=  -0.23388
 Eigenvalues (hartree) for nkpt=  30  k points:
 kpt#   1, nband= 52, wtk=  0.02000, kpt=  0.0500  0.0500  0.1250 (reduced coord)
  -4.84862   -4.84862   -3.08618   -3.08594   -3.08352   -3.08346   -3.08282   -3.08243
  -1.80035   -1.79904   -1.79794   -1.79787   -1.79722   -1.79361   -1.79331   -1.79179
  -1.78930   -1.78871   -1.72788   -1.72705   -1.72261   -1.72159   -1.72126   -0.76300
  -0.76029   -0.76019   -0.75671   -0.75652   -0.52193   -0.49568   -0.43895   -0.31114
  -0.31033   -0.30878   -0.30828   -0.30771   -0.29685   -0.29486   -0.29361   -0.28912
  -0.28838   -0.20394   -0.15686   -0.12327   -0.12158   -0.08505   -0.06118   -0.05593
  -0.04840   -0.04479   -0.03143    0.02977
 kpt#   2, nband= 52, wtk=  0.04000, kpt=  0.1500  0.0500  0.1250 (reduced coord)
  -4.84863   -4.84862   -3.08570   -3.08506   -3.08378   -3.08345   -3.08334   -3.08298
  -1.79930   -1.79900   -1.79848   -1.79782   -1.79713   -1.79355   -1.79255   -1.79104
  -1.79050   -1.78932   -1.72733   -1.72676   -1.72272   -1.72226   -1.72142   -0.76286
  -0.76038   -0.76031   -0.75671   -0.75637   -0.51932   -0.49525   -0.43600   -0.31126
  -0.30896   -0.30817   -0.30741   -0.30671   -0.29705   -0.29451   -0.29304   -0.29189
  -0.28861   -0.20827   -0.17240   -0.14890   -0.11696   -0.08480   -0.06801   -0.05987
  -0.04962   -0.03520   -0.01652    0.04507
 kpt#   3, nband= 52, wtk=  0.04000, kpt=  0.2500  0.0500  0.1250 (reduced coord)
  -4.84862   -4.84861   -3.08520   -3.08370   -3.08339   -3.08331   -3.08304   -3.08268
  -1.79900   -1.79750   -1.79715   -1.79523   -1.79352   -1.79256   -1.79125   -1.78977
  -1.78935   -1.78766   -1.72520   -1.72401   -1.72264   -1.72201   -1.71920   -0.76250
  -0.76049   -0.76028   -0.75607   -0.75597   -0.51462   -0.49488   -0.43081   -0.31004
  -0.30663   -0.30571   -0.30518   -0.30396   -0.29799   -0.29374   -0.29301   -0.29051
  -0.28992   -0.21997   -0.18943   -0.17890   -0.10726   -0.09213   -0.07388   -0.05814
  -0.04426   -0.03045    0.00734    0.05371
 kpt#   4, nband= 52, wtk=  0.04000, kpt=  0.3500  0.0500  0.1250 (reduced coord)
  -4.84862   -4.84862   -3.08495   -3.08411   -3.08357   -3.08335   -3.08313   -3.08312
  -1.79827   -1.79735   -1.79684   -1.79660   -1.79497   -1.79272   -1.79186   -1.79052
  -1.78994   -1.78850   -1.72615   -1.72361   -1.72267   -1.72219   -1.72076   -0.76243
  -0.76052   -0.76031   -0.75626   -0.75607   -0.50887   -0.49546   -0.42497   -0.30786
  -0.30517   -0.30322   -0.30211   -0.30159   -0.30036   -0.29549   -0.29477   -0.29390
  -0.29109   -0.23635   -0.20267   -0.20066   -0.09829   -0.09429   -0.07801   -0.06177
  -0.03111   -0.02502    0.03131    0.05908
 kpt#   5, nband= 52, wtk=  0.04000, kpt=  0.4500  0.0500  0.1250 (reduced coord)
  -4.84862   -4.84862   -3.08485   -3.08444   -3.08407   -3.08358   -3.08293   -3.08281
  -1.79930   -1.79802   -1.79700   -1.79597   -1.79503   -1.79312   -1.79131   -1.79078
  -1.79002   -1.78945   -1.72718   -1.72513   -1.72208   -1.72171   -1.72039   -0.76232
  -0.76048   -0.76021   -0.75645   -0.75626   -0.50375   -0.49727   -0.42095   -0.30606
  -0.30322   -0.30290   -0.30056   -0.30006   -0.29805   -0.29730   -0.29713   -0.29584
  -0.29285   -0.24767   -0.21257   -0.20972   -0.09659   -0.08506   -0.08116   -0.06978
  -0.01956   -0.01802    0.04821    0.04967
 kpt#   6, nband= 52, wtk=  0.02000, kpt=  0.1500  0.1500  0.1250 (reduced coord)
  -4.84863   -4.84861   -3.08541   -3.08423   -3.08367   -3.08338   -3.08318   -3.08312
  -1.79911   -1.79872   -1.79820   -1.79799   -1.79530   -1.79290   -1.79155   -1.78995
  -1.78921   -1.78919   -1.72634   -1.72611   -1.72220   -1.72160   -1.72087   -0.76275
  -0.76032   -0.76029   -0.75644   -0.75628   -0.51680   -0.49473   -0.43307   -0.31184
  -0.30706   -0.30654   -0.30628   -0.30486   -0.29619   -0.29405   -0.29350   -0.29287
  -0.28988   -0.21143   -0.17896   -0.14921   -0.13704   -0.08311   -0.07854   -0.06779
  -0.06443   -0.03061    0.01215    0.06893
 kpt#   7, nband= 52, wtk=  0.04000, kpt=  0.2500  0.1500  0.1250 (reduced coord)
  -4.84862   -4.84861   -3.08505   -3.08380   -3.08361   -3.08315   -3.08296   -3.08275
  -1.79923   -1.79765   -1.79663   -1.79451   -1.79381   -1.79225   -1.79098   -1.79028
  -1.78970   -1.78793   -1.72566   -1.72407   -1.72220   -1.72179   -1.71932   -0.76239
  -0.76043   -0.76028   -0.75625   -0.75596   -0.51230   -0.49420   -0.42794   -0.31201
  -0.30540   -0.30462   -0.30430   -0.30232   -0.29708   -0.29423   -0.29308   -0.29149
  -0.29132   -0.21994   -0.18985   -0.17469   -0.13093   -0.09282   -0.07971   -0.07409
  -0.06887   -0.02742    0.03460    0.07586
 kpt#   8, nband= 52, wtk=  0.04000, kpt=  0.3500  0.1500  0.1250 (reduced coord)
  -4.84862   -4.84861   -3.08462   -3.08429   -3.08361   -3.08339   -3.08325   -3.08298
  -1.79802   -1.79751   -1.79685   -1.79611   -1.79432   -1.79285   -1.79166   -1.79096
  -1.79036   -1.78821   -1.72671   -1.72322   -1.72277   -1.72210   -1.72040   -0.76232
  -0.76054   -0.76035   -0.75660   -0.75576   -0.50687   -0.49447   -0.42222   -0.31055
  -0.30406   -0.30285   -0.30148   -0.30062   -0.29997   -0.29592   -0.29532   -0.29324
  -0.29051   -0.23260   -0.20048   -0.19676   -0.11793   -0.09943   -0.08126   -0.07868
  -0.06518   -0.02243    0.02779    0.06912
 kpt#   9, nband= 52, wtk=  0.04000, kpt=  0.4500  0.1500  0.1250 (reduced coord)
  -4.84862   -4.84862   -3.08512   -3.08464   -3.08374   -3.08333   -3.08303   -3.08296
  -1.79867   -1.79760   -1.79721   -1.79639   -1.79559   -1.79231   -1.79137   -1.79102
  -1.79026   -1.79010   -1.72601   -1.72541   -1.72244   -1.72161   -1.72127   -0.76246
  -0.76047   -0.76025   -0.75667   -0.75596   -0.50214   -0.49589   -0.41831   -0.30753
  -0.30472   -0.30289   -0.30131   -0.29963   -0.29812   -0.29671   -0.29571   -0.29522
  -0.29217   -0.24204   -0.20904   -0.20649   -0.10410   -0.09805   -0.08947   -0.08717
  -0.05255   -0.01716    0.00680    0.06010
 kpt#  10, nband= 52, wtk=  0.02000, kpt=  0.2500  0.2500  0.1250 (reduced coord)
  -4.84862   -4.84861   -3.08441   -3.08394   -3.08375   -3.08322   -3.08322   -3.08284
  -1.79755   -1.79728   -1.79681   -1.79504   -1.79346   -1.79283   -1.79058   -1.79039
  -1.79003   -1.78913   -1.72656   -1.72295   -1.72186   -1.72137   -1.72042   -0.76234
  -0.76034   -0.76029   -0.75671   -0.75562   -0.50821   -0.49330   -0.42298   -0.31315
  -0.30410   -0.30317   -0.30255   -0.29999   -0.29910   -0.29445   -0.29362   -0.29194
  -0.29155   -0.22164   -0.19263   -0.17536   -0.14859   -0.10161   -0.09335   -0.08636
  -0.07731   -0.02375    0.02210    0.07956
 kpt#  11, nband= 52, wtk=  0.04000, kpt=  0.3500  0.2500  0.1250 (reduced coord)
  -4.84863   -4.84861   -3.08542   -3.08424   -3.08418   -3.08352   -3.08347   -3.08297
  -1.79912   -1.79871   -1.79785   -1.79679   -1.79526   -1.79377   -1.79181   -1.79162
  -1.79098   -1.78966   -1.72808   -1.72430   -1.72286   -1.72250   -1.72158   -0.76241
  -0.76057   -0.76046   -0.75714   -0.75572   -0.50340   -0.49297   -0.41751   -0.31354
  -0.30336   -0.30303   -0.30217   -0.30097   -0.29834   -0.29590   -0.29550   -0.29296
  -0.29150   -0.22641   -0.19861   -0.19121   -0.14101   -0.10797   -0.09981   -0.09207
  -0.08516   -0.01892   -0.01147    0.07429
 kpt#  12, nband= 52, wtk=  0.04000, kpt=  0.4500  0.2500  0.1250 (reduced coord)
  -4.84862   -4.84862   -3.08515   -3.08480   -3.08380   -3.08328   -3.08321   -3.08291
  -1.79859   -1.79775   -1.79669   -1.79618   -1.79568   -1.79253   -1.79192   -1.79129
  -1.79083   -1.79013   -1.72598   -1.72548   -1.72311   -1.72206   -1.72114   -0.76235
  -0.76056   -0.76039   -0.75690   -0.75584   -0.49946   -0.49362   -0.41382   -0.31059
  -0.30625   -0.30244   -0.30164   -0.29942   -0.29708   -0.29539   -0.29479   -0.29426
  -0.29186   -0.23131   -0.20431   -0.20130   -0.12620   -0.11125   -0.10556   -0.09498
  -0.08458   -0.03957   -0.01394    0.06807
 kpt#  13, nband= 52, wtk=  0.02000, kpt=  0.3500  0.3500  0.1250 (reduced coord)
  -4.84863   -4.84861   -3.08545   -3.08424   -3.08382   -3.08319   -3.08303   -3.08268
  -1.79793   -1.79767   -1.79655   -1.79586   -1.79546   -1.79182   -1.79163   -1.79101
  -1.79026   -1.79025   -1.72607   -1.72499   -1.72223   -1.72186   -1.72067   -0.76219
  -0.76045   -0.76040   -0.75707   -0.75568   -0.49950   -0.49174   -0.41241   -0.31395
  -0.30519   -0.30255   -0.30074   -0.30039   -0.29597   -0.29482   -0.29367   -0.29252
  -0.29179   -0.22042   -0.19865   -0.19252   -0.14752   -0.12103   -0.10988   -0.10536
  -0.09488   -0.05024   -0.01394    0.07351
 kpt#  14, nband= 52, wtk=  0.04000, kpt=  0.4500  0.3500  0.1250 (reduced coord)
  -4.84863   -4.84862   -3.08534   -3.08435   -3.08415   -3.08362   -3.08345   -3.08321
  -1.79888   -1.79819   -1.79731   -1.79671   -1.79617   -1.79329   -1.79287   -1.79169
  -1.79156   -1.79047   -1.72707   -1.72607   -1.72315   -1.72258   -1.72143   -0.76238
  -0.76060   -0.76046   -0.75736   -0.75573   -0.49665   -0.49130   -0.40903   -0.31316
  -0.30973   -0.30190   -0.30128   -0.29854   -0.29593   -0.29426   -0.29405   -0.29362
  -0.29226   -0.21719   -0.20129   -0.19836   -0.13752   -0.12456   -0.11864   -0.10988
  -0.10227   -0.07843   -0.01040    0.07074
 kpt#  15, nband= 52, wtk=  0.02000, kpt=  0.4500  0.4500  0.1250 (reduced coord)
  -4.84863   -4.84862   -3.08537   -3.08438   -3.08420   -3.08399   -3.08341   -3.08319
  -1.79949   -1.79945   -1.79752   -1.79615   -1.79553   -1.79341   -1.79335   -1.79298
  -1.79146   -1.79007   -1.72703   -1.72630   -1.72431   -1.72322   -1.72056   -0.76233
  -0.76070   -0.76057   -0.75749   -0.75563   -0.49486   -0.48985   -0.40588   -0.31378
  -0.31206   -0.30120   -0.30079   -0.29728   -0.29492   -0.29489   -0.29386   -0.29330
  -0.29239   -0.20561   -0.20093   -0.19843   -0.13341   -0.13189   -0.12670   -0.11869
  -0.11619   -0.10444   -0.00785    0.07100
 kpt#  16, nband= 52, wtk=  0.02000, kpt=  0.0500  0.0500  0.3750 (reduced coord)
  -4.84863   -4.84862   -3.08611   -3.08581   -3.08350   -3.08345   -3.08328   -3.08316
  -1.79969   -1.79880   -1.79844   -1.79812   -1.79731   -1.79390   -1.79384   -1.79333
  -1.79077   -1.78939   -1.72815   -1.72717   -1.72383   -1.72242   -1.72159   -0.76314
  -0.76037   -0.76031   -0.75675   -0.75655   -0.52193   -0.49567   -0.43895   -0.31142
  -0.31018   -0.30932   -0.30847   -0.30796   -0.29608   -0.29576   -0.29456   -0.28987
  -0.28804   -0.20388   -0.15686   -0.12330   -0.12166   -0.08500   -0.06114   -0.05605
  -0.04833   -0.04481   -0.03146    0.02978
 kpt#  17, nband= 52, wtk=  0.04000, kpt=  0.1500  0.0500  0.3750 (reduced coord)
  -4.84863   -4.84862   -3.08615   -3.08526   -3.08368   -3.08332   -3.08323   -3.08309
  -1.79985   -1.79952   -1.79883   -1.79828   -1.79783   -1.79437   -1.79181   -1.79117
  -1.78990   -1.78964   -1.72791   -1.72683   -1.72303   -1.72189   -1.72174   -0.76296
  -0.76039   -0.76029   -0.75676   -0.75644   -0.51932   -0.49526   -0.43600   -0.31107
  -0.30920   -0.30805   -0.30749   -0.30628   -0.29650   -0.29452   -0.29413   -0.29198
  -0.28954   -0.20821   -0.17238   -0.14892   -0.11700   -0.08482   -0.06797   -0.05989
  -0.04961   -0.03522   -0.01653    0.04504
 kpt#  18, nband= 52, wtk=  0.04000, kpt=  0.2500  0.0500  0.3750 (reduced coord)
  -4.84863   -4.84861   -3.08524   -3.08389   -3.08358   -3.08349   -3.08322   -3.08233
  -1.79885   -1.79838   -1.79726   -1.79574   -1.79397   -1.79303   -1.79095   -1.79008
  -1.78920   -1.78780   -1.72597   -1.72449   -1.72234   -1.72183   -1.71959   -0.76262
  -0.76043   -0.76029   -0.75612   -0.75604   -0.51461   -0.49488   -0.43081   -0.30989
  -0.30647   -0.30551   -0.30502   -0.30425   -0.29836   -0.29416   -0.29359   -0.29100
  -0.28968   -0.21995   -0.18939   -0.17888   -0.10730   -0.09203   -0.07385   -0.05812
  -0.04426   -0.03045    0.00734    0.05367
 kpt#  19, nband= 52, wtk=  0.04000, kpt=  0.3500  0.0500  0.3750 (reduced coord)
  -4.84862   -4.84862   -3.08490   -3.08391   -3.08354   -3.08350   -3.08320   -3.08268
  -1.79769   -1.79735   -1.79669   -1.79607   -1.79458   -1.79221   -1.79154   -1.79049
  -1.79011   -1.78815   -1.72511   -1.72357   -1.72262   -1.72188   -1.72096   -0.76247
  -0.76055   -0.76024   -0.75608   -0.75604   -0.50887   -0.49545   -0.42497   -0.30779
  -0.30489   -0.30337   -0.30222   -0.30131   -0.30012   -0.29517   -0.29479   -0.29365
  -0.29083   -0.23635   -0.20269   -0.20068   -0.09831   -0.09427   -0.07801   -0.06176
  -0.03111   -0.02502    0.03130    0.05911
 kpt#  20, nband= 52, wtk=  0.04000, kpt=  0.4500  0.0500  0.3750 (reduced coord)
  -4.84862   -4.84862   -3.08475   -3.08435   -3.08408   -3.08357   -3.08317   -3.08303
  -1.79947   -1.79797   -1.79688   -1.79629   -1.79526   -1.79244   -1.79184   -1.79117
  -1.79047   -1.78984   -1.72658   -1.72514   -1.72257   -1.72185   -1.72087   -0.76253
  -0.76054   -0.76013   -0.75645   -0.75618   -0.50375   -0.49728   -0.42095   -0.30570
  -0.30335   -0.30268   -0.30046   -0.30009   -0.29810   -0.29769   -0.29721   -0.29628
  -0.29332   -0.24768   -0.21257   -0.20972   -0.09663   -0.08507   -0.08118   -0.06970
  -0.01956   -0.01802    0.04823    0.04967
 kpt#  21, nband= 52, wtk=  0.02000, kpt=  0.1500  0.1500  0.3750 (reduced coord)
  -4.84863   -4.84861   -3.08549   -3.08438   -3.08374   -3.08369   -3.08337   -3.08336
  -1.79913   -1.79872   -1.79834   -1.79831   -1.79608   -1.79294   -1.79228   -1.79082
  -1.79048   -1.79031   -1.72660   -1.72648   -1.72253   -1.72219   -1.72203   -0.76285
  -0.76040   -0.76036   -0.75652   -0.75635   -0.51680   -0.49475   -0.43307   -0.31226
  -0.30765   -0.30681   -0.30640   -0.30524   -0.29601   -0.29486   -0.29383   -0.29288
  -0.28972   -0.21146   -0.17898   -0.14925   -0.13702   -0.08316   -0.07850   -0.06786
  -0.06435   -0.03063    0.01215    0.06892
 kpt#  22, nband= 52, wtk=  0.04000, kpt=  0.2500  0.1500  0.3750 (reduced coord)
  -4.84862   -4.84861   -3.08446   -3.08388   -3.08347   -3.08325   -3.08311   -3.08283
  -1.79797   -1.79734   -1.79675   -1.79445   -1.79401   -1.79243   -1.79133   -1.78954
  -1.78919   -1.78824   -1.72552   -1.72321   -1.72218   -1.72137   -1.72003   -0.76246
  -0.76040   -0.76022   -0.75623   -0.75586   -0.51230   -0.49419   -0.42794   -0.31173
  -0.30497   -0.30435   -0.30420   -0.30215   -0.29717   -0.29418   -0.29343   -0.29216
  -0.29076   -0.21993   -0.18982   -0.17469   -0.13090   -0.09275   -0.07969   -0.07406
  -0.06881   -0.02741    0.03460    0.07576
 kpt#  23, nband= 52, wtk=  0.04000, kpt=  0.3500  0.1500  0.3750 (reduced coord)
  -4.84862   -4.84861   -3.08460   -3.08432   -3.08368   -3.08336   -3.08320   -3.08318
  -1.79801   -1.79709   -1.79676   -1.79629   -1.79525   -1.79268   -1.79164   -1.79147
  -1.79053   -1.78824   -1.72632   -1.72385   -1.72246   -1.72175   -1.72117   -0.76249
  -0.76043   -0.76028   -0.75655   -0.75588   -0.50687   -0.49446   -0.42222   -0.31044
  -0.30408   -0.30309   -0.30186   -0.30047   -0.30006   -0.29620   -0.29573   -0.29278
  -0.29035   -0.23260   -0.20047   -0.19677   -0.11790   -0.09945   -0.08129   -0.07869
  -0.06519   -0.02242    0.02779    0.06913
 kpt#  24, nband= 52, wtk=  0.04000, kpt=  0.4500  0.1500  0.3750 (reduced coord)
  -4.84862   -4.84862   -3.08536   -3.08489   -3.08392   -3.08347   -3.08335   -3.08316
  -1.79946   -1.79877   -1.79773   -1.79692   -1.79599   -1.79301   -1.79220   -1.79141
  -1.79103   -1.79055   -1.72720   -1.72607   -1.72275   -1.72231   -1.72176   -0.76250
  -0.76059   -0.76035   -0.75676   -0.75614   -0.50215   -0.49590   -0.41831   -0.30804
  -0.30496   -0.30271   -0.30168   -0.29995   -0.29864   -0.29710   -0.29650   -0.29540
  -0.29253   -0.24206   -0.20906   -0.20651   -0.10411   -0.09812   -0.08951   -0.08718
  -0.05255   -0.01716    0.00680    0.06013
 kpt#  25, nband= 52, wtk=  0.02000, kpt=  0.2500  0.2500  0.3750 (reduced coord)
  -4.84863   -4.84861   -3.08506   -3.08471   -3.08429   -3.08375   -3.08346   -3.08278
  -1.80003   -1.79815   -1.79709   -1.79662   -1.79525   -1.79419   -1.79205   -1.79170
  -1.79104   -1.79048   -1.72818   -1.72459   -1.72359   -1.72190   -1.72176   -0.76251
  -0.76063   -0.76034   -0.75701   -0.75590   -0.50822   -0.49330   -0.42298   -0.31373
  -0.30464   -0.30366   -0.30246   -0.30176   -0.29986   -0.29553   -0.29467   -0.29229
  -0.29206   -0.22166   -0.19268   -0.17545   -0.14863   -0.10160   -0.09351   -0.08636
  -0.07737   -0.02376    0.02207    0.07952
 kpt#  26, nband= 52, wtk=  0.04000, kpt=  0.3500  0.2500  0.3750 (reduced coord)
  -4.84862   -4.84862   -3.08481   -3.08446   -3.08385   -3.08353   -3.08314   -3.08297
  -1.79794   -1.79725   -1.79697   -1.79614   -1.79552   -1.79282   -1.79178   -1.79124
  -1.79048   -1.79002   -1.72703   -1.72474   -1.72223   -1.72173   -1.72103   -0.76241
  -0.76039   -0.76030   -0.75698   -0.75579   -0.50339   -0.49297   -0.41751   -0.31272
  -0.30343   -0.30336   -0.30218   -0.30078   -0.29772   -0.29570   -0.29516   -0.29253
  -0.29094   -0.22639   -0.19855   -0.19121   -0.14100   -0.10795   -0.09979   -0.09207
  -0.08520   -0.01891   -0.01146    0.07433
 kpt#  27, nband= 52, wtk=  0.04000, kpt=  0.4500  0.2500  0.3750 (reduced coord)
  -4.84862   -4.84862   -3.08527   -3.08470   -3.08375   -3.08313   -3.08306   -3.08298
  -1.79798   -1.79785   -1.79742   -1.79654   -1.79596   -1.79233   -1.79148   -1.79081
  -1.79044   -1.78995   -1.72617   -1.72562   -1.72218   -1.72191   -1.72090   -0.76234
  -0.76049   -0.76027   -0.75693   -0.75590   -0.49946   -0.49362   -0.41382   -0.31078
  -0.30607   -0.30251   -0.30165   -0.29929   -0.29694   -0.29539   -0.29471   -0.29381
  -0.29188   -0.23131   -0.20432   -0.20127   -0.12615   -0.11124   -0.10556   -0.09497
  -0.08459   -0.03958   -0.01394    0.06809
 kpt#  28, nband= 52, wtk=  0.02000, kpt=  0.3500  0.3500  0.3750 (reduced coord)
  -4.84863   -4.84862   -3.08517   -3.08452   -3.08431   -3.08374   -3.08355   -3.08278
  -1.79889   -1.79829   -1.79775   -1.79636   -1.79566   -1.79302   -1.79253   -1.79189
  -1.79155   -1.79044   -1.72652   -1.72510   -1.72360   -1.72268   -1.72225   -0.76248
  -0.76067   -0.76050   -0.75712   -0.75569   -0.49950   -0.49174   -0.41241   -0.31411
  -0.30555   -0.30263   -0.30082   -0.30035   -0.29583   -0.29570   -0.29492   -0.29356
  -0.29261   -0.22042   -0.19869   -0.19261   -0.14754   -0.12106   -0.10982   -0.10542
  -0.09492   -0.05024   -0.01394    0.07352
 kpt#  29, nband= 52, wtk=  0.04000, kpt=  0.4500  0.3500  0.3750 (reduced coord)
  -4.84863   -4.84862   -3.08508   -3.08461   -3.08416   -3.08365   -3.08347   -3.08341
  -1.79927   -1.79831   -1.79789   -1.79707   -1.79609   -1.79338   -1.79237   -1.79174
  -1.79143   -1.79079   -1.72720   -1.72556   -1.72388   -1.72228   -1.72207   -0.76239
  -0.76069   -0.76051   -0.75733   -0.75572   -0.49666   -0.49130   -0.40903   -0.31283
  -0.30976   -0.30207   -0.30120   -0.29867   -0.29610   -0.29455   -0.29419   -0.29335
  -0.29245   -0.21719   -0.20130   -0.19841   -0.13752   -0.12456   -0.11862   -0.10989
  -0.10227   -0.07844   -0.01040    0.07071
 kpt#  30, nband= 52, wtk=  0.02000, kpt=  0.4500  0.4500  0.3750 (reduced coord)
  -4.84862   -4.84862   -3.08459   -3.08436   -3.08414   -3.08401   -3.08321   -3.08289
  -1.79793   -1.79787   -1.79656   -1.79636   -1.79600   -1.79311   -1.79250   -1.79113
  -1.79066   -1.79051   -1.72648   -1.72624   -1.72239   -1.72195   -1.72102   -0.76216
  -0.76049   -0.76045   -0.75742   -0.75567   -0.49484   -0.48982   -0.40588   -0.31319
  -0.31232   -0.30104   -0.30100   -0.29646   -0.29418   -0.29382   -0.29365   -0.29297
  -0.29240   -0.20549   -0.20099   -0.19833   -0.13340   -0.13188   -0.12669   -0.11867
  -0.11617   -0.10443   -0.00784    0.07107
