 Fermi (or HOMO) energy (hartree) =   0.15344   Average Vxc (hartree)=  -0.31754
 Eigenvalues (hartree) for nkpt=  10  k points:
 kpt#   1, nband=107, wtk=  0.06250, kpt=  0.0625  0.0625  0.5000 (reduced coord)
  -1.66991   -1.66939   -1.66762   -1.66706   -1.66685   -1.66581   -1.66581   -1.66567
  -1.66528   -1.66523   -1.66358   -1.66343   -1.66292   -1.66272   -1.66248   -1.66235
  -1.66212   -1.66065   -1.66045   -1.66019   -1.65980   -1.65827   -1.65761   -1.65439
  -1.65418   -1.64257   -1.64151   -1.64119   -1.64032   -1.63969   -1.63872   -1.63867
  -1.63781   -1.63718   -1.63674   -0.66307   -0.66301   -0.66156   -0.66143   -0.66140
  -0.66137   -0.66059   -0.66052   -0.66049   -0.66043   -0.65842   -0.65744   -0.65728
  -0.65638   -0.65637   -0.65626   -0.65597   -0.65551   -0.65546   -0.65511   -0.65510
  -0.65419   -0.65404   -0.65396   -0.65395   -0.65371   -0.65359   -0.65311   -0.65304
  -0.65292   -0.65289   -0.65282   -0.65278   -0.65259   -0.65250   -0.41696   -0.40879
  -0.39575   -0.37990   -0.36270   -0.34822   -0.34526   -0.13412   -0.13281   -0.11799
  -0.11019   -0.09028   -0.08075   -0.06022   -0.04664   -0.02983   -0.02871   -0.01995
  -0.00575   -0.00493   -0.00445    0.01122    0.01178    0.02417    0.02973    0.03448
   0.03988    0.04205    0.04348    0.04832    0.06581    0.06712    0.08694    0.09980
   0.12747    0.20102    0.23027
 kpt#   2, nband=107, wtk=  0.12500, kpt=  0.1875  0.0625  0.5000 (reduced coord)
  -1.66781   -1.66750   -1.66707   -1.66676   -1.66653   -1.66546   -1.66520   -1.66491
  -1.66423   -1.66363   -1.66328   -1.66300   -1.66278   -1.66194   -1.66190   -1.66096
  -1.66075   -1.66063   -1.65983   -1.65948   -1.65935   -1.65792   -1.65703   -1.65626
  -1.65432   -1.64202   -1.64117   -1.64086   -1.64001   -1.63852   -1.63838   -1.63809
  -1.63708   -1.63682   -1.63681   -0.66296   -0.66279   -0.66135   -0.66125   -0.66121
  -0.66112   -0.66058   -0.66047   -0.66043   -0.66033   -0.65838   -0.65728   -0.65720
  -0.65642   -0.65635   -0.65618   -0.65580   -0.65532   -0.65520   -0.65492   -0.65483
  -0.65418   -0.65406   -0.65392   -0.65387   -0.65357   -0.65348   -0.65299   -0.65291
  -0.65290   -0.65285   -0.65276   -0.65268   -0.65264   -0.65257   -0.41051   -0.40286
  -0.39072   -0.37620   -0.36092   -0.34707   -0.34523   -0.15004   -0.14875   -0.13317
  -0.13028   -0.11272   -0.09430   -0.07423   -0.07163   -0.03529   -0.02433   -0.01903
  -0.00344    0.00634    0.01383    0.02583    0.02854    0.02967    0.03405    0.04483
   0.04616    0.04989    0.05147    0.05698    0.09054    0.09673    0.10400    0.11255
   0.13266    0.19683    0.20757
 kpt#   3, nband=107, wtk=  0.12500, kpt=  0.3125  0.0625  0.5000 (reduced coord)
  -1.66809   -1.66783   -1.66740   -1.66672   -1.66588   -1.66443   -1.66427   -1.66396
  -1.66269   -1.66185   -1.66144   -1.66117   -1.66089   -1.66077   -1.65991   -1.65949
  -1.65903   -1.65815   -1.65801   -1.65750   -1.65683   -1.65643   -1.65616   -1.65296
  -1.65246   -1.64100   -1.63951   -1.63869   -1.63805   -1.63769   -1.63723   -1.63644
  -1.63604   -1.63569   -1.63457   -0.66245   -0.66225   -0.66113   -0.66100   -0.66074
  -0.66072   -0.66056   -0.66048   -0.66033   -0.66029   -0.65805   -0.65702   -0.65666
  -0.65653   -0.65625   -0.65568   -0.65528   -0.65507   -0.65474   -0.65449   -0.65423
  -0.65414   -0.65404   -0.65382   -0.65362   -0.65356   -0.65343   -0.65296   -0.65285
  -0.65267   -0.65266   -0.65251   -0.65246   -0.65228   -0.65211   -0.39855   -0.39220
  -0.38238   -0.37140   -0.36122   -0.34646   -0.34535   -0.17065   -0.16936   -0.15394
  -0.15246   -0.13810   -0.12266   -0.10761   -0.06344   -0.02642   -0.00699   -0.00431
   0.00566    0.01155    0.01957    0.02856    0.03461    0.04597    0.04938    0.05391
   0.05682    0.05908    0.06667    0.08665    0.11307    0.12136    0.12469    0.13627
   0.13789    0.17320    0.18363
 kpt#   4, nband=107, wtk=  0.12500, kpt=  0.4375  0.0625  0.5000 (reduced coord)
  -1.66798   -1.66766   -1.66684   -1.66657   -1.66600   -1.66542   -1.66464   -1.66424
  -1.66327   -1.66296   -1.66256   -1.66249   -1.66208   -1.66186   -1.66122   -1.66108
  -1.66019   -1.66004   -1.65970   -1.65906   -1.65894   -1.65773   -1.65755   -1.65361
  -1.65333   -1.64200   -1.64028   -1.63906   -1.63884   -1.63853   -1.63779   -1.63756
  -1.63745   -1.63688   -1.63605   -0.66233   -0.66223   -0.66152   -0.66122   -0.66095
  -0.66090   -0.66081   -0.66056   -0.66028   -0.66023   -0.65811   -0.65735   -0.65687
  -0.65668   -0.65625   -0.65549   -0.65539   -0.65512   -0.65501   -0.65481   -0.65448
  -0.65429   -0.65412   -0.65389   -0.65383   -0.65369   -0.65336   -0.65311   -0.65298
  -0.65289   -0.65273   -0.65264   -0.65262   -0.65247   -0.65244   -0.38340   -0.37986
  -0.37508   -0.37136   -0.36915   -0.34651   -0.34552   -0.18450   -0.18134   -0.16799
  -0.16416   -0.14804   -0.14496   -0.13369   -0.04378   -0.01918   -0.00748    0.01584
   0.01819    0.01874    0.03231    0.03681    0.04060    0.04173    0.04683    0.05310
   0.06203    0.06434    0.10074    0.11758    0.12431    0.12882    0.13344    0.13829
   0.15344    0.15660    0.15825
 kpt#   5, nband=107, wtk=  0.06250, kpt=  0.1875  0.1875  0.5000 (reduced coord)
  -1.66961   -1.66832   -1.66806   -1.66650   -1.66627   -1.66569   -1.66459   -1.66396
  -1.66329   -1.66307   -1.66275   -1.66181   -1.66135   -1.66095   -1.66079   -1.66065
  -1.66006   -1.65997   -1.65983   -1.65886   -1.65724   -1.65710   -1.65482   -1.65478
  -1.65278   -1.64188   -1.64085   -1.64034   -1.63941   -1.63794   -1.63788   -1.63707
  -1.63666   -1.63594   -1.63488   -0.66282   -0.66271   -0.66121   -0.66094   -0.66093
  -0.66088   -0.66055   -0.66051   -0.66046   -0.66039   -0.65834   -0.65708   -0.65687
  -0.65641   -0.65639   -0.65612   -0.65574   -0.65497   -0.65497   -0.65467   -0.65455
  -0.65414   -0.65403   -0.65396   -0.65389   -0.65368   -0.65354   -0.65291   -0.65278
  -0.65274   -0.65273   -0.65256   -0.65254   -0.65252   -0.65242   -0.40421   -0.39708
  -0.38584   -0.37266   -0.35929   -0.34547   -0.34416   -0.15505   -0.15366   -0.13816
  -0.13506   -0.11915   -0.10265   -0.08494   -0.06669   -0.05501   -0.04472   -0.02904
  -0.02457   -0.01132    0.00818    0.01842    0.02033    0.02360    0.03027    0.04796
   0.05291    0.06173    0.07494    0.09075    0.10893    0.11801    0.11830    0.13268
   0.14684    0.18184    0.18226
 kpt#   6, nband=107, wtk=  0.12500, kpt=  0.3125  0.1875  0.5000 (reduced coord)
  -1.66858   -1.66826   -1.66763   -1.66636   -1.66614   -1.66568   -1.66511   -1.66432
  -1.66377   -1.66340   -1.66324   -1.66216   -1.66140   -1.66111   -1.66061   -1.66026
  -1.66011   -1.65968   -1.65916   -1.65889   -1.65843   -1.65768   -1.65579   -1.65559
  -1.65446   -1.64179   -1.64073   -1.63885   -1.63873   -1.63842   -1.63803   -1.63750
  -1.63719   -1.63693   -1.63662   -0.66252   -0.66248   -0.66175   -0.66169   -0.66077
  -0.66072   -0.66053   -0.66047   -0.66044   -0.66022   -0.65815   -0.65768   -0.65659
  -0.65648   -0.65646   -0.65597   -0.65563   -0.65542   -0.65502   -0.65452   -0.65420
  -0.65413   -0.65411   -0.65393   -0.65384   -0.65364   -0.65354   -0.65328   -0.65307
  -0.65296   -0.65281   -0.65277   -0.65264   -0.65225   -0.65209   -0.39274   -0.38689
  -0.37792   -0.36814   -0.35946   -0.34375   -0.34266   -0.16620   -0.16450   -0.14863
  -0.14756   -0.13202   -0.12049   -0.10637   -0.05795   -0.05548   -0.04400   -0.03254
  -0.01404   -0.01169    0.00194    0.00543    0.02019    0.02411    0.03011    0.03163
   0.04850    0.05296    0.08254    0.10032    0.10418    0.11277    0.11361    0.13403
   0.13614    0.17858    0.18298
 kpt#   7, nband=107, wtk=  0.12500, kpt=  0.4375  0.1875  0.5000 (reduced coord)
  -1.66805   -1.66719   -1.66664   -1.66613   -1.66597   -1.66594   -1.66544   -1.66448
  -1.66439   -1.66426   -1.66372   -1.66281   -1.66227   -1.66216   -1.66180   -1.66159
  -1.66144   -1.66093   -1.66074   -1.66070   -1.66036   -1.65799   -1.65715   -1.65553
  -1.65529   -1.64214   -1.64095   -1.64074   -1.63961   -1.63950   -1.63922   -1.63900
  -1.63804   -1.63765   -1.63538   -0.66239   -0.66227   -0.66208   -0.66180   -0.66088
  -0.66083   -0.66075   -0.66072   -0.66055   -0.66024   -0.65807   -0.65781   -0.65677
  -0.65674   -0.65640   -0.65602   -0.65567   -0.65547   -0.65507   -0.65476   -0.65446
  -0.65426   -0.65409   -0.65393   -0.65389   -0.65382   -0.65352   -0.65336   -0.65317
  -0.65316   -0.65304   -0.65297   -0.65263   -0.65239   -0.65232   -0.37863   -0.37546
  -0.37119   -0.36796   -0.36603   -0.34272   -0.34174   -0.17631   -0.17294   -0.16000
  -0.15556   -0.13897   -0.13709   -0.12644   -0.04204   -0.03461   -0.02326   -0.01985
  -0.01643   -0.00365   -0.00104    0.00508    0.00928    0.01314    0.01506    0.02644
   0.04245    0.04459    0.07478    0.08481    0.08650    0.09690    0.10051    0.11117
   0.13154    0.18409    0.19944
 kpt#   8, nband=107, wtk=  0.06250, kpt=  0.3125  0.3125  0.5000 (reduced coord)
  -1.66977   -1.66870   -1.66758   -1.66678   -1.66669   -1.66554   -1.66527   -1.66483
  -1.66437   -1.66405   -1.66386   -1.66348   -1.66312   -1.66168   -1.66144   -1.66058
  -1.66025   -1.66019   -1.65955   -1.65870   -1.65818   -1.65808   -1.65676   -1.65618
  -1.65352   -1.64287   -1.64154   -1.63999   -1.63963   -1.63902   -1.63834   -1.63751
  -1.63746   -1.63682   -1.63596   -0.66259   -0.66233   -0.66228   -0.66210   -0.66093
  -0.66091   -0.66046   -0.66030   -0.66026   -0.66023   -0.65825   -0.65812   -0.65662
  -0.65658   -0.65639   -0.65638   -0.65602   -0.65549   -0.65503   -0.65440   -0.65420
  -0.65403   -0.65403   -0.65398   -0.65387   -0.65383   -0.65361   -0.65361   -0.65350
  -0.65306   -0.65297   -0.65272   -0.65261   -0.65225   -0.65190   -0.38252   -0.37786
  -0.37092   -0.36397   -0.35844   -0.33984   -0.33879   -0.16182   -0.15901   -0.14435
  -0.14132   -0.12234   -0.11989   -0.10815   -0.08266   -0.07208   -0.05592   -0.04332
  -0.03748   -0.01685   -0.01101   -0.00323   -0.00002    0.00075    0.00819    0.01394
   0.01790    0.02514    0.05108    0.06856    0.07597    0.08920    0.08961    0.11481
   0.12346    0.20319    0.20787
 kpt#   9, nband=107, wtk=  0.12500, kpt=  0.4375  0.3125  0.5000 (reduced coord)
  -1.66865   -1.66790   -1.66762   -1.66704   -1.66676   -1.66630   -1.66496   -1.66470
  -1.66459   -1.66367   -1.66338   -1.66284   -1.66266   -1.66200   -1.66172   -1.66136
  -1.66086   -1.66038   -1.66006   -1.65989   -1.65929   -1.65905   -1.65720   -1.65591
  -1.65378   -1.64183   -1.64091   -1.64007   -1.63996   -1.63936   -1.63901   -1.63845
  -1.63779   -1.63685   -1.63653   -0.66250   -0.66243   -0.66239   -0.66220   -0.66096
  -0.66071   -0.66066   -0.66047   -0.66033   -0.66029   -0.65829   -0.65797   -0.65690
  -0.65653   -0.65651   -0.65630   -0.65607   -0.65551   -0.65499   -0.65440   -0.65425
  -0.65412   -0.65404   -0.65401   -0.65386   -0.65378   -0.65374   -0.65359   -0.65355
  -0.65308   -0.65299   -0.65291   -0.65270   -0.65218   -0.65198   -0.37087   -0.36848
  -0.36532   -0.36313   -0.36185   -0.33702   -0.33606   -0.16158   -0.15773   -0.14555
  -0.13974   -0.12273   -0.12223   -0.11353   -0.07309   -0.06788   -0.05302   -0.04178
  -0.03939   -0.03468   -0.02717   -0.02547   -0.01405   -0.01309   -0.00708    0.00060
   0.01204    0.01540    0.03354    0.04072    0.05127    0.05365    0.08386    0.10013
   0.12644    0.19913    0.22643
 kpt#  10, nband=107, wtk=  0.06250, kpt=  0.4375  0.4375  0.5000 (reduced coord)
  -1.66853   -1.66820   -1.66789   -1.66700   -1.66610   -1.66576   -1.66559   -1.66503
  -1.66470   -1.66435   -1.66407   -1.66336   -1.66291   -1.66287   -1.66249   -1.66216
  -1.66196   -1.66158   -1.66137   -1.66036   -1.66028   -1.65913   -1.65832   -1.65620
  -1.65591   -1.64215   -1.64155   -1.64114   -1.64081   -1.64051   -1.63995   -1.63956
  -1.63807   -1.63690   -1.63664   -0.66290   -0.66267   -0.66233   -0.66220   -0.66102
  -0.66096   -0.66057   -0.66057   -0.66039   -0.66032   -0.65869   -0.65794   -0.65694
  -0.65675   -0.65671   -0.65643   -0.65637   -0.65556   -0.65498   -0.65443   -0.65433
  -0.65428   -0.65420   -0.65408   -0.65404   -0.65392   -0.65386   -0.65384   -0.65363
  -0.65319   -0.65305   -0.65294   -0.65280   -0.65223   -0.65199   -0.36350   -0.36230
  -0.36091   -0.36030   -0.36006   -0.33271   -0.33176   -0.14676   -0.14233   -0.13041
  -0.12280   -0.10774   -0.10597   -0.09894   -0.09046   -0.08822   -0.07185   -0.07104
  -0.06715   -0.05622   -0.05312   -0.04175   -0.03201   -0.02169   -0.02003   -0.01457
  -0.00966   -0.00568    0.00507    0.00863    0.03340    0.04356    0.08641    0.09723
   0.12803    0.20839    0.24256
