
 **** DERIVATIVE DATABASE ****    
+DDB, Version number    100401

  Note : temporary (transfer) database

    usepaw         0
     natom        14
      nkpt        15
    nsppol         1
      nsym         8
    ntypat         3
    occopt         1
     nband       113
     acell  0.77624316804222D+01  0.77624316804222D+01  0.49749252057811D+02
       amu  0.11871000000000D+03  0.78960000000000D+02  0.65390000000000D+02
   dilatmx  0.10000000000000D+01
      ecut  0.22500000000000D+02
    ecutsm  0.00000000000000D+00
     intxc         0
      iscf         7
       ixc        11
       kpt  0.50000000000000D-01  0.50000000000000D-01  0.25000000000000D+00
            0.15000000000000D+00  0.50000000000000D-01  0.25000000000000D+00
            0.25000000000000D+00  0.50000000000000D-01  0.25000000000000D+00
            0.35000000000000D+00  0.50000000000000D-01  0.25000000000000D+00
            0.45000000000000D+00  0.50000000000000D-01  0.25000000000000D+00
            0.15000000000000D+00  0.15000000000000D+00  0.25000000000000D+00
            0.25000000000000D+00  0.15000000000000D+00  0.25000000000000D+00
            0.35000000000000D+00  0.15000000000000D+00  0.25000000000000D+00
            0.45000000000000D+00  0.15000000000000D+00  0.25000000000000D+00
            0.25000000000000D+00  0.25000000000000D+00  0.25000000000000D+00
            0.35000000000000D+00  0.25000000000000D+00  0.25000000000000D+00
            0.45000000000000D+00  0.25000000000000D+00  0.25000000000000D+00
            0.35000000000000D+00  0.35000000000000D+00  0.25000000000000D+00
            0.45000000000000D+00  0.35000000000000D+00  0.25000000000000D+00
            0.45000000000000D+00  0.45000000000000D+00  0.25000000000000D+00
    kptnrm  0.10000000000000D+01
     ngfft        36   36  216
    nspden         1
   nspinor         1
       occ  0.20000000000000D+01  0.20000000000000D+01  0.20000000000000D+01
            0.20000000000000D+01  0.20000000000000D+01  0.20000000000000D+01
            0.20000000000000D+01  0.20000000000000D+01  0.20000000000000D+01
            0.20000000000000D+01  0.20000000000000D+01  0.20000000000000D+01
            0.20000000000000D+01  0.20000000000000D+01  0.20000000000000D+01
            0.20000000000000D+01  0.20000000000000D+01  0.20000000000000D+01
            0.20000000000000D+01  0.20000000000000D+01  0.20000000000000D+01
            0.20000000000000D+01  0.20000000000000D+01  0.20000000000000D+01
            0.20000000000000D+01  0.20000000000000D+01  0.20000000000000D+01
            0.20000000000000D+01  0.20000000000000D+01  0.20000000000000D+01
            0.20000000000000D+01  0.20000000000000D+01  0.20000000000000D+01
            0.20000000000000D+01  0.20000000000000D+01  0.20000000000000D+01
            0.20000000000000D+01  0.20000000000000D+01  0.20000000000000D+01
            0.20000000000000D+01  0.20000000000000D+01  0.20000000000000D+01
            0.20000000000000D+01  0.20000000000000D+01  0.20000000000000D+01
            0.20000000000000D+01  0.20000000000000D+01  0.20000000000000D+01
            0.20000000000000D+01  0.20000000000000D+01  0.20000000000000D+01
            0.20000000000000D+01  0.20000000000000D+01  0.20000000000000D+01
            0.20000000000000D+01  0.20000000000000D+01  0.20000000000000D+01
            0.20000000000000D+01  0.20000000000000D+01  0.20000000000000D+01
            0.20000000000000D+01  0.20000000000000D+01  0.20000000000000D+01
            0.20000000000000D+01  0.20000000000000D+01  0.20000000000000D+01
            0.20000000000000D+01  0.20000000000000D+01  0.20000000000000D+01
            0.20000000000000D+01  0.20000000000000D+01  0.20000000000000D+01
            0.20000000000000D+01  0.20000000000000D+01  0.20000000000000D+01
            0.20000000000000D+01  0.20000000000000D+01  0.20000000000000D+01
            0.20000000000000D+01  0.20000000000000D+01  0.20000000000000D+01
            0.20000000000000D+01  0.20000000000000D+01  0.20000000000000D+01
            0.20000000000000D+01  0.20000000000000D+01  0.20000000000000D+01
            0.20000000000000D+01  0.20000000000000D+01  0.20000000000000D+01
            0.20000000000000D+01  0.20000000000000D+01  0.20000000000000D+01
            0.20000000000000D+01  0.20000000000000D+01  0.20000000000000D+01
            0.20000000000000D+01  0.20000000000000D+01  0.20000000000000D+01
            0.20000000000000D+01  0.20000000000000D+01  0.20000000000000D+01
            0.20000000000000D+01  0.20000000000000D+01  0.20000000000000D+01
            0.20000000000000D+01  0.20000000000000D+01  0.20000000000000D+01
            0.20000000000000D+01  0.20000000000000D+01  0.20000000000000D+01
            0.00000000000000D+00  0.00000000000000D+00
     rprim  0.10000000000000D+01  0.00000000000000D+00  0.00000000000000D+00
            0.00000000000000D+00  0.10000000000000D+01  0.00000000000000D+00
            0.00000000000000D+00  0.00000000000000D+00  0.10000000000000D+01
  dfpt_sciss  0.00000000000000D+00
    spinat  0.00000000000000D+00  0.00000000000000D+00  0.00000000000000D+00
            0.00000000000000D+00  0.00000000000000D+00  0.00000000000000D+00
            0.00000000000000D+00  0.00000000000000D+00  0.00000000000000D+00
            0.00000000000000D+00  0.00000000000000D+00  0.00000000000000D+00
            0.00000000000000D+00  0.00000000000000D+00  0.00000000000000D+00
            0.00000000000000D+00  0.00000000000000D+00  0.00000000000000D+00
            0.00000000000000D+00  0.00000000000000D+00  0.00000000000000D+00
            0.00000000000000D+00  0.00000000000000D+00  0.00000000000000D+00
            0.00000000000000D+00  0.00000000000000D+00  0.00000000000000D+00
            0.00000000000000D+00  0.00000000000000D+00  0.00000000000000D+00
            0.00000000000000D+00  0.00000000000000D+00  0.00000000000000D+00
            0.00000000000000D+00  0.00000000000000D+00  0.00000000000000D+00
            0.00000000000000D+00  0.00000000000000D+00  0.00000000000000D+00
            0.00000000000000D+00  0.00000000000000D+00  0.00000000000000D+00
    symafm         1    1    1    1    1    1    1    1
    symrel         1    0    0    0    1    0    0    0    1
                   1    0    0    0   -1    0    0    0    1
                  -1    0    0    0   -1    0    0    0    1
                  -1    0    0    0    1    0    0    0    1
                   0    1    0    1    0    0    0    0    1
                   0    1    0   -1    0    0    0    0    1
                   0   -1    0   -1    0    0    0    0    1
                   0   -1    0    1    0    0    0    0    1
     tnons  0.00000000000000D+00  0.00000000000000D+00  0.00000000000000D+00
            0.00000000000000D+00 -0.48689052789541D-10  0.00000000000000D+00
           -0.48689052789541D-10 -0.48689052789541D-10  0.00000000000000D+00
           -0.48689052789541D-10  0.00000000000000D+00  0.00000000000000D+00
            0.50000000000000D+00  0.50000000000000D+00  0.00000000000000D+00
            0.49999999995131D+00  0.50000000000000D+00  0.00000000000000D+00
            0.49999999995131D+00  0.49999999995131D+00  0.00000000000000D+00
            0.50000000000000D+00  0.49999999995131D+00  0.00000000000000D+00
    tolwfr  0.10000000000000D+01
   tphysel  0.00000000000000D+00
    tsmear  0.10000000000000D-01
     typat         1    1    1    1    1    2    2    2    2    2    2    2
                   3    3
       wtk  0.40000000000000D-01  0.80000000000000D-01  0.80000000000000D-01
            0.80000000000000D-01  0.80000000000000D-01  0.40000000000000D-01
            0.80000000000000D-01  0.80000000000000D-01  0.80000000000000D-01
            0.40000000000000D-01  0.80000000000000D-01  0.80000000000000D-01
            0.40000000000000D-01  0.80000000000000D-01  0.40000000000000D-01
      xred  0.49999999997566D+00 -0.24344526394771D-10  0.17725586701145D+00
           -0.24344526394771D-10  0.49999999997566D+00  0.28170059936957D+00
            0.49999999997566D+00 -0.24344526394771D-10  0.38373210042526D+00
           -0.24344526394771D-10  0.49999999997566D+00  0.48817683278338D+00
            0.49999999997566D+00 -0.24344526394771D-10  0.59020833383907D+00
           -0.24344526394771D-10  0.49999999997566D+00  0.17846246895007D+00
            0.49999999997566D+00 -0.24344526394771D-10  0.28049398371835D+00
           -0.24344526394771D-10  0.49999999997566D+00  0.38640646800252D+00
            0.49999999997566D+00 -0.24344526394771D-10  0.48882702744341D+00
           -0.24344526394771D-10  0.49999999997566D+00  0.59366999227262D+00
            0.49999999997566D+00 -0.24344526394771D-10  0.88599129445980D+00
           -0.24344526394771D-10  0.49999999997566D+00  0.10000000000000D+01
            0.49999999997566D+00  0.49999999997566D+00  0.94299564721655D+00
           -0.24344526394771D-10 -0.24344526394771D-10  0.94299564721655D+00
     znucl  0.50000000000000D+02  0.34000000000000D+02  0.30000000000000D+02
      zion  0.14000000000000D+02  0.16000000000000D+02  0.20000000000000D+02
 
 No information on the potentials yet 
 
 **** Database of total energy derivatives ****
 Number of data blocks=    2
  
 Total energy                 - # elements :       1
 -0.16518870543138D+04  0.00000000000000D+00
  
 1st derivatives              - # elements :      48
   1   1  0.00000000000000D+00  0.00000000000000D+00
   2   1  0.00000000000000D+00  0.00000000000000D+00
   3   1  0.73598946280020D+00  0.00000000000000D+00
   1   2  0.00000000000000D+00  0.00000000000000D+00
   2   2  0.00000000000000D+00  0.00000000000000D+00
   3   2  0.47207107211630D+00  0.00000000000000D+00
   1   3  0.00000000000000D+00  0.00000000000000D+00
   2   3  0.00000000000000D+00  0.00000000000000D+00
   3   3 -0.18801334766701D+00  0.00000000000000D+00
   1   4  0.00000000000000D+00  0.00000000000000D+00
   2   4  0.00000000000000D+00  0.00000000000000D+00
   3   4 -0.88178388556180D+00  0.00000000000000D+00
   1   5  0.00000000000000D+00  0.00000000000000D+00
   2   5  0.00000000000000D+00  0.00000000000000D+00
   3   5 -0.95106257324155D+00  0.00000000000000D+00
   1   6  0.00000000000000D+00  0.00000000000000D+00
   2   6  0.00000000000000D+00  0.00000000000000D+00
   3   6  0.72780001313111D+00  0.00000000000000D+00
   1   7  0.00000000000000D+00  0.00000000000000D+00
   2   7  0.00000000000000D+00  0.00000000000000D+00
   3   7  0.35113710865379D+00  0.00000000000000D+00
   1   8  0.00000000000000D+00  0.00000000000000D+00
   2   8  0.00000000000000D+00  0.00000000000000D+00
   3   8  0.32629768437267D+00  0.00000000000000D+00
   1   9  0.00000000000000D+00  0.00000000000000D+00
   2   9  0.00000000000000D+00  0.00000000000000D+00
   3   9 -0.11858457232177D+00  0.00000000000000D+00
   1  10  0.00000000000000D+00  0.00000000000000D+00
   2  10  0.00000000000000D+00  0.00000000000000D+00
   3  10 -0.36895452367502D+00  0.00000000000000D+00
   1  11  0.00000000000000D+00  0.00000000000000D+00
   2  11  0.00000000000000D+00  0.00000000000000D+00
   3  11 -0.56923131333331D+00  0.00000000000000D+00
   1  12  0.00000000000000D+00  0.00000000000000D+00
   2  12  0.00000000000000D+00  0.00000000000000D+00
   3  12  0.46515687113246D+00  0.00000000000000D+00
   1  13  0.00000000000000D+00  0.00000000000000D+00
   2  13  0.00000000000000D+00  0.00000000000000D+00
   3  13 -0.68136550396807D+00  0.00000000000000D+00
   1  14  0.00000000000000D+00  0.00000000000000D+00
   2  14  0.00000000000000D+00  0.00000000000000D+00
   3  14 -0.68136550396807D+00  0.00000000000000D+00
   1  17  0.15361840736024D-01  0.00000000000000D+00
   2  17  0.15361840736024D-01  0.00000000000000D+00
   3  17  0.15217775984763D-01  0.00000000000000D+00
   1  18  0.00000000000000D+00  0.00000000000000D+00
   2  18  0.00000000000000D+00  0.00000000000000D+00
   3  18  0.00000000000000D+00  0.00000000000000D+00
