 Fermi (or HOMO) energy (hartree) =   0.13410   Average Vxc (hartree)=  -0.30712
 Eigenvalues (hartree) for nkpt=  15  k points:
 kpt#   1, nband=113, wtk=  0.04000, kpt=  0.0500  0.0500  0.2500 (reduced coord)
  -4.74617   -4.74616   -2.98366   -2.98339   -2.98122   -2.98079   -2.98075   -2.98059
  -1.69556   -1.69470   -1.69455   -1.69383   -1.69312   -1.69270   -1.69228   -1.69223
  -1.69179   -1.69175   -1.69124   -1.69095   -1.69060   -1.68985   -1.68928   -1.68871
  -1.68837   -1.68814   -1.68681   -1.68554   -1.68540   -1.68466   -1.68439   -1.68091
  -1.68085   -1.66754   -1.66645   -1.66473   -1.66261   -1.66259   -1.66065   -1.65951
  -1.65785   -1.65591   -1.65578   -0.68852   -0.68673   -0.68669   -0.68592   -0.68592
  -0.68159   -0.68067   -0.68065   -0.67973   -0.67911   -0.67908   -0.67896   -0.67874
  -0.67865   -0.67844   -0.67833   -0.67821   -0.67820   -0.67681   -0.67680   -0.67387
  -0.67160   -0.67158   -0.67150   -0.67142   -0.43859   -0.42255   -0.41693   -0.39892
  -0.39071   -0.37435   -0.36615   -0.20882   -0.20698   -0.20644   -0.20599   -0.20563
  -0.19359   -0.19342   -0.19168   -0.18698   -0.18579   -0.15397   -0.14613   -0.11858
  -0.10942   -0.08961   -0.07511   -0.06713   -0.04874   -0.03794   -0.03025   -0.01935
  -0.01927   -0.01748   -0.01469   -0.00604    0.00502    0.01743    0.02237    0.02677
   0.03650    0.03770    0.04183    0.05049    0.05119    0.06354    0.09426    0.13228
   0.15010
 kpt#   2, nband=113, wtk=  0.08000, kpt=  0.1500  0.0500  0.2500 (reduced coord)
  -4.74617   -4.74616   -2.98329   -2.98258   -2.98113   -2.98082   -2.98075   -2.98069
  -1.69505   -1.69452   -1.69389   -1.69377   -1.69295   -1.69213   -1.69189   -1.69145
  -1.69076   -1.69032   -1.69006   -1.68978   -1.68870   -1.68847   -1.68816   -1.68763
  -1.68705   -1.68691   -1.68605   -1.68552   -1.68524   -1.68503   -1.68429   -1.68138
  -1.68085   -1.66711   -1.66605   -1.66385   -1.66262   -1.66237   -1.65997   -1.65906
  -1.65707   -1.65565   -1.65539   -0.68828   -0.68665   -0.68645   -0.68590   -0.68584
  -0.68128   -0.68054   -0.68040   -0.67976   -0.67902   -0.67893   -0.67888   -0.67864
  -0.67842   -0.67839   -0.67832   -0.67818   -0.67815   -0.67681   -0.67676   -0.67375
  -0.67156   -0.67153   -0.67149   -0.67124   -0.43455   -0.41914   -0.41428   -0.39664
  -0.39035   -0.37310   -0.36551   -0.20835   -0.20568   -0.20542   -0.20481   -0.20383
  -0.19414   -0.19160   -0.19140   -0.18922   -0.18637   -0.16393   -0.15883   -0.13516
  -0.12084   -0.09130   -0.08898   -0.08093   -0.04816   -0.04500   -0.03055   -0.02940
  -0.01284   -0.00611   -0.00228    0.00104    0.01434    0.02065    0.02213    0.02817
   0.03528    0.03778    0.04998    0.05360    0.06286    0.07701    0.09536    0.14769
   0.16291
 kpt#   3, nband=113, wtk=  0.08000, kpt=  0.2500  0.0500  0.2500 (reduced coord)
  -4.74617   -4.74615   -2.98260   -2.98123   -2.98091   -2.98065   -2.98060   -2.98008
  -1.69384   -1.69282   -1.69250   -1.69205   -1.69149   -1.69092   -1.69054   -1.69019
  -1.68985   -1.68901   -1.68846   -1.68754   -1.68694   -1.68670   -1.68601   -1.68594
  -1.68533   -1.68504   -1.68475   -1.68401   -1.68279   -1.68204   -1.68155   -1.68051
  -1.68016   -1.66525   -1.66353   -1.66268   -1.66206   -1.66001   -1.65839   -1.65662
  -1.65577   -1.65527   -1.65308   -0.68789   -0.68618   -0.68600   -0.68587   -0.68575
  -0.68093   -0.68015   -0.67984   -0.67927   -0.67903   -0.67891   -0.67866   -0.67841
  -0.67823   -0.67808   -0.67796   -0.67779   -0.67744   -0.67686   -0.67672   -0.67337
  -0.67166   -0.67150   -0.67095   -0.67072   -0.42689   -0.41297   -0.40950   -0.39328
  -0.39009   -0.37167   -0.36453   -0.20716   -0.20364   -0.20258   -0.20228   -0.20141
  -0.19554   -0.19122   -0.19036   -0.18793   -0.18724   -0.18016   -0.17701   -0.15569
  -0.14091   -0.11575   -0.09558   -0.08045   -0.07537   -0.03885   -0.02312   -0.01977
  -0.00307    0.00245    0.00383    0.01423    0.01985    0.02551    0.02724    0.03344
   0.03521    0.03682    0.04753    0.07237    0.08635    0.09854    0.09890    0.15492
   0.16794
 kpt#   4, nband=113, wtk=  0.08000, kpt=  0.3500  0.0500  0.2500 (reduced coord)
  -4.74616   -4.74616   -2.98226   -2.98134   -2.98117   -2.98081   -2.98079   -2.98045
  -1.69395   -1.69294   -1.69228   -1.69200   -1.69153   -1.69113   -1.69069   -1.69024
  -1.68937   -1.68909   -1.68841   -1.68786   -1.68756   -1.68719   -1.68672   -1.68642
  -1.68633   -1.68592   -1.68494   -1.68469   -1.68431   -1.68381   -1.68326   -1.68007
  -1.67976   -1.66496   -1.66341   -1.66268   -1.66232   -1.66152   -1.65797   -1.65659
  -1.65594   -1.65553   -1.65493   -0.68768   -0.68624   -0.68614   -0.68597   -0.68581
  -0.68061   -0.68021   -0.67985   -0.67941   -0.67916   -0.67889   -0.67868   -0.67838
  -0.67824   -0.67812   -0.67805   -0.67789   -0.67762   -0.67702   -0.67676   -0.67329
  -0.67181   -0.67154   -0.67099   -0.67082   -0.41657   -0.40562   -0.40359   -0.39180
  -0.39090   -0.37124   -0.36353   -0.20520   -0.20182   -0.20065   -0.19960   -0.19877
  -0.19772   -0.19558   -0.19251   -0.19227   -0.19215   -0.19115   -0.18811   -0.17063
  -0.16172   -0.14091   -0.10267   -0.09876   -0.06993   -0.02365   -0.01444   -0.00996
  -0.00442    0.00932    0.01228    0.01560    0.02588    0.03065    0.03177    0.03572
   0.04227    0.04245    0.05573    0.09159    0.10091    0.11057    0.12018    0.14359
   0.15456
 kpt#   5, nband=113, wtk=  0.08000, kpt=  0.4500  0.0500  0.2500 (reduced coord)
  -4.74616   -4.74616   -2.98238   -2.98196   -2.98160   -2.98110   -2.98099   -2.98091
  -1.69531   -1.69377   -1.69336   -1.69273   -1.69252   -1.69204   -1.69115   -1.69089
  -1.69045   -1.68992   -1.68926   -1.68910   -1.68852   -1.68832   -1.68817   -1.68766
  -1.68742   -1.68690   -1.68656   -1.68558   -1.68538   -1.68475   -1.68448   -1.68151
  -1.68084   -1.66669   -1.66439   -1.66392   -1.66331   -1.66260   -1.65977   -1.65753
  -1.65707   -1.65647   -1.65582   -0.68774   -0.68659   -0.68630   -0.68613   -0.68586
  -0.68066   -0.68036   -0.68001   -0.67980   -0.67924   -0.67895   -0.67879   -0.67851
  -0.67841   -0.67831   -0.67829   -0.67812   -0.67787   -0.67717   -0.67677   -0.67343
  -0.67194   -0.67155   -0.67133   -0.67102   -0.40543   -0.40012   -0.39783   -0.39573
  -0.39340   -0.37134   -0.36291   -0.20507   -0.20336   -0.20091   -0.20006   -0.19975
  -0.19779   -0.19762   -0.19592   -0.19531   -0.19486   -0.19417   -0.19067   -0.17630
  -0.17445   -0.15817   -0.10996   -0.10948   -0.05360   -0.03417   -0.00524    0.00538
   0.01184    0.01366    0.01581    0.01958    0.02177    0.02339    0.03297    0.03404
   0.04021    0.04731    0.08309    0.10402    0.10650    0.11607    0.13410    0.13417
   0.13611
 kpt#   6, nband=113, wtk=  0.04000, kpt=  0.1500  0.1500  0.2500 (reduced coord)
  -4.74617   -4.74616   -2.98284   -2.98165   -2.98122   -2.98116   -2.98098   -2.98081
  -1.69448   -1.69442   -1.69405   -1.69325   -1.69299   -1.69204   -1.69128   -1.69100
  -1.69033   -1.68967   -1.68931   -1.68917   -1.68871   -1.68788   -1.68756   -1.68746
  -1.68689   -1.68656   -1.68603   -1.68570   -1.68549   -1.68462   -1.68274   -1.68163
  -1.68088   -1.66608   -1.66572   -1.66343   -1.66272   -1.66235   -1.65921   -1.65862
  -1.65672   -1.65581   -1.65532   -0.68819   -0.68635   -0.68635   -0.68599   -0.68593
  -0.68120   -0.68031   -0.68029   -0.67968   -0.67901   -0.67901   -0.67893   -0.67843
  -0.67843   -0.67830   -0.67820   -0.67815   -0.67795   -0.67691   -0.67685   -0.67369
  -0.67168   -0.67160   -0.67121   -0.67112   -0.43057   -0.41579   -0.41173   -0.39445
  -0.38989   -0.37180   -0.36453   -0.20937   -0.20410   -0.20407   -0.20401   -0.20290
  -0.19371   -0.19183   -0.19085   -0.19012   -0.18708   -0.16907   -0.16480   -0.14144
  -0.12780   -0.09890   -0.09248   -0.07949   -0.06647   -0.04738   -0.04559   -0.03270
  -0.02329   -0.02222    0.00275    0.01287    0.01366    0.01860    0.03032    0.03392
   0.03439    0.03684    0.03939    0.07353    0.08463    0.09623    0.10301    0.17168
   0.17348
 kpt#   7, nband=113, wtk=  0.08000, kpt=  0.2500  0.1500  0.2500 (reduced coord)
  -4.74617   -4.74615   -2.98243   -2.98141   -2.98117   -2.98092   -2.98087   -2.98042
  -1.69495   -1.69382   -1.69254   -1.69218   -1.69172   -1.69129   -1.69047   -1.69000
  -1.68955   -1.68924   -1.68879   -1.68855   -1.68787   -1.68737   -1.68697   -1.68658
  -1.68614   -1.68589   -1.68532   -1.68498   -1.68437   -1.68284   -1.68243   -1.68147
  -1.67990   -1.66586   -1.66349   -1.66319   -1.66282   -1.66100   -1.65893   -1.65655
  -1.65623   -1.65594   -1.65402   -0.68788   -0.68638   -0.68609   -0.68595   -0.68585
  -0.68099   -0.68020   -0.67984   -0.67944   -0.67910   -0.67900   -0.67877   -0.67851
  -0.67838   -0.67829   -0.67793   -0.67783   -0.67760   -0.67697   -0.67682   -0.67339
  -0.67175   -0.67162   -0.67116   -0.67073   -0.42307   -0.40978   -0.40715   -0.39128
  -0.38946   -0.37014   -0.36294   -0.20942   -0.20278   -0.20189   -0.20174   -0.19976
  -0.19499   -0.19174   -0.19092   -0.18947   -0.18879   -0.17948   -0.17619   -0.15372
  -0.14190   -0.11757   -0.09569   -0.07585   -0.07122   -0.06911   -0.04978   -0.02742
  -0.02681   -0.01434   -0.00324    0.00414    0.01093    0.01784    0.02938    0.03147
   0.03567    0.03788    0.06199    0.08844    0.09553    0.10578    0.11331    0.15735
   0.15927
 kpt#   8, nband=113, wtk=  0.08000, kpt=  0.3500  0.1500  0.2500 (reduced coord)
  -4.74617   -4.74616   -2.98186   -2.98180   -2.98106   -2.98098   -2.98082   -2.98069
  -1.69342   -1.69281   -1.69223   -1.69205   -1.69147   -1.69116   -1.69071   -1.69003
  -1.68964   -1.68922   -1.68896   -1.68850   -1.68788   -1.68764   -1.68738   -1.68657
  -1.68623   -1.68569   -1.68528   -1.68474   -1.68426   -1.68406   -1.68275   -1.68079
  -1.68051   -1.66589   -1.66323   -1.66283   -1.66265   -1.66212   -1.65888   -1.65625
  -1.65588   -1.65580   -1.65520   -0.68765   -0.68673   -0.68611   -0.68591   -0.68570
  -0.68089   -0.68022   -0.67973   -0.67939   -0.67910   -0.67895   -0.67872   -0.67858
  -0.67841   -0.67833   -0.67817   -0.67773   -0.67743   -0.67700   -0.67680   -0.67322
  -0.67177   -0.67158   -0.67144   -0.67057   -0.41308   -0.40272   -0.40152   -0.38996
  -0.38989   -0.36916   -0.36133   -0.20784   -0.20105   -0.20043   -0.19914   -0.19777
  -0.19739   -0.19339   -0.19303   -0.19158   -0.19048   -0.18786   -0.18745   -0.16530
  -0.15844   -0.13812   -0.10136   -0.09415   -0.06705   -0.05779   -0.03852   -0.02074
  -0.01621   -0.01376   -0.00345    0.00536    0.00991    0.01106    0.02452    0.02600
   0.02882    0.03340    0.07392    0.08197    0.09026    0.10496    0.11230    0.15213
   0.15468
 kpt#   9, nband=113, wtk=  0.08000, kpt=  0.4500  0.1500  0.2500 (reduced coord)
  -4.74616   -4.74616   -2.98257   -2.98250   -2.98149   -2.98098   -2.98083   -2.98059
  -1.69412   -1.69372   -1.69308   -1.69289   -1.69217   -1.69164   -1.69095   -1.69067
  -1.69026   -1.68986   -1.68951   -1.68936   -1.68864   -1.68840   -1.68826   -1.68757
  -1.68752   -1.68692   -1.68641   -1.68559   -1.68515   -1.68494   -1.68360   -1.68253
  -1.68175   -1.66631   -1.66528   -1.66383   -1.66317   -1.66284   -1.65918   -1.65835
  -1.65683   -1.65621   -1.65600   -0.68771   -0.68695   -0.68619   -0.68595   -0.68592
  -0.68100   -0.68032   -0.67982   -0.67975   -0.67916   -0.67900   -0.67883   -0.67874
  -0.67863   -0.67841   -0.67825   -0.67797   -0.67770   -0.67709   -0.67683   -0.67336
  -0.67186   -0.67164   -0.67162   -0.67084   -0.40250   -0.39755   -0.39613   -0.39346
  -0.39208   -0.36879   -0.36034   -0.20507   -0.20240   -0.20018   -0.19969   -0.19900
  -0.19699   -0.19600   -0.19475   -0.19423   -0.19345   -0.19281   -0.18968   -0.17078
  -0.16893   -0.15295   -0.10668   -0.10599   -0.05249   -0.03788   -0.03437   -0.02069
  -0.01445   -0.00521    0.00016    0.00150    0.00880    0.01147    0.01429    0.01854
   0.02264    0.03210    0.07129    0.07702    0.08074    0.08981    0.11046    0.15072
   0.16317
 kpt#  10, nband=113, wtk=  0.04000, kpt=  0.2500  0.2500  0.2500 (reduced coord)
  -4.74617   -4.74615   -2.98241   -2.98175   -2.98151   -2.98115   -2.98098   -2.98068
  -1.69435   -1.69388   -1.69345   -1.69253   -1.69208   -1.69185   -1.69099   -1.69049
  -1.68986   -1.68974   -1.68928   -1.68908   -1.68868   -1.68829   -1.68742   -1.68717
  -1.68663   -1.68660   -1.68627   -1.68493   -1.68413   -1.68402   -1.68329   -1.68282
  -1.68154   -1.66661   -1.66414   -1.66344   -1.66314   -1.66298   -1.65957   -1.65702
  -1.65644   -1.65611   -1.65585   -0.68780   -0.68704   -0.68611   -0.68603   -0.68568
  -0.68117   -0.68039   -0.67964   -0.67962   -0.67918   -0.67902   -0.67897   -0.67880
  -0.67855   -0.67843   -0.67830   -0.67775   -0.67742   -0.67700   -0.67692   -0.67339
  -0.67178   -0.67174   -0.67168   -0.67054   -0.41596   -0.40416   -0.40296   -0.38868
  -0.38841   -0.36782   -0.36032   -0.21088   -0.20150   -0.20073   -0.20026   -0.19848
  -0.19662   -0.19276   -0.19200   -0.18970   -0.18953   -0.18052   -0.17685   -0.15244
  -0.14577   -0.12355   -0.09685   -0.08983   -0.07192   -0.07015   -0.06652   -0.04482
  -0.04413   -0.01768   -0.00979   -0.00692   -0.00496    0.01158    0.01518    0.02124
   0.02960    0.03170    0.06326    0.08240    0.08488    0.10412    0.10715    0.16232
   0.16673
 kpt#  11, nband=113, wtk=  0.08000, kpt=  0.3500  0.2500  0.2500 (reduced coord)
  -4.74617   -4.74616   -2.98259   -2.98184   -2.98137   -2.98105   -2.98088   -2.98085
  -1.69422   -1.69355   -1.69290   -1.69264   -1.69234   -1.69155   -1.69112   -1.69039
  -1.69029   -1.68998   -1.68944   -1.68907   -1.68868   -1.68814   -1.68784   -1.68728
  -1.68693   -1.68666   -1.68625   -1.68606   -1.68505   -1.68434   -1.68282   -1.68242
  -1.68157   -1.66708   -1.66427   -1.66347   -1.66300   -1.66264   -1.65993   -1.65719
  -1.65651   -1.65604   -1.65573   -0.68772   -0.68734   -0.68612   -0.68597   -0.68562
  -0.68139   -0.68036   -0.67972   -0.67950   -0.67927   -0.67914   -0.67898   -0.67887
  -0.67855   -0.67843   -0.67823   -0.67768   -0.67743   -0.67698   -0.67686   -0.67331
  -0.67200   -0.67176   -0.67162   -0.67052   -0.40673   -0.39792   -0.39773   -0.38858
  -0.38710   -0.36570   -0.35764   -0.21049   -0.20062   -0.20055   -0.19969   -0.19828
  -0.19574   -0.19307   -0.19297   -0.19026   -0.18838   -0.18498   -0.18031   -0.15567
  -0.15294   -0.13401   -0.09993   -0.09013   -0.08821   -0.07389   -0.05429   -0.04711
  -0.03738   -0.02332   -0.02158   -0.01538   -0.00448    0.00203    0.00277    0.00688
   0.01390    0.02242    0.04142    0.06222    0.06880    0.08325    0.09843    0.17317
   0.18420
 kpt#  12, nband=113, wtk=  0.08000, kpt=  0.4500  0.2500  0.2500 (reduced coord)
  -4.74617   -4.74616   -2.98266   -2.98228   -2.98118   -2.98103   -2.98085   -2.98066
  -1.69436   -1.69325   -1.69262   -1.69245   -1.69202   -1.69143   -1.69092   -1.69061
  -1.69001   -1.68969   -1.68932   -1.68887   -1.68850   -1.68801   -1.68779   -1.68747
  -1.68735   -1.68678   -1.68641   -1.68580   -1.68534   -1.68495   -1.68395   -1.68277
  -1.68108   -1.66595   -1.66503   -1.66371   -1.66323   -1.66283   -1.65892   -1.65803
  -1.65658   -1.65648   -1.65570   -0.68766   -0.68721   -0.68621   -0.68597   -0.68578
  -0.68131   -0.68024   -0.67972   -0.67957   -0.67929   -0.67902   -0.67896   -0.67885
  -0.67862   -0.67842   -0.67816   -0.67782   -0.67759   -0.67710   -0.67687   -0.67324
  -0.67186   -0.67183   -0.67164   -0.67068   -0.39739   -0.39324   -0.39320   -0.38997
  -0.38974   -0.36448   -0.35598   -0.20793   -0.20357   -0.19988   -0.19907   -0.19664
  -0.19475   -0.19334   -0.19226   -0.19169   -0.18946   -0.18940   -0.18365   -0.16032
  -0.15819   -0.14305   -0.10270   -0.09995   -0.07318   -0.06339   -0.04777   -0.04275
  -0.03897   -0.03460   -0.02321   -0.02227   -0.01501   -0.00744    0.00263    0.00517
   0.01124    0.01279    0.03426    0.04066    0.05106    0.06259    0.10008    0.16598
   0.20339
 kpt#  13, nband=113, wtk=  0.04000, kpt=  0.3500  0.3500  0.2500 (reduced coord)
  -4.74617   -4.74616   -2.98269   -2.98201   -2.98161   -2.98103   -2.98093   -2.98052
  -1.69433   -1.69406   -1.69293   -1.69269   -1.69215   -1.69171   -1.69111   -1.69094
  -1.68993   -1.68974   -1.68964   -1.68909   -1.68874   -1.68835   -1.68802   -1.68788
  -1.68714   -1.68702   -1.68649   -1.68578   -1.68520   -1.68432   -1.68288   -1.68239
  -1.68213   -1.66607   -1.66474   -1.66343   -1.66335   -1.66298   -1.65905   -1.65785
  -1.65661   -1.65642   -1.65608   -0.68763   -0.68746   -0.68618   -0.68611   -0.68558
  -0.68155   -0.68020   -0.67963   -0.67952   -0.67944   -0.67919   -0.67907   -0.67901
  -0.67862   -0.67855   -0.67810   -0.67770   -0.67735   -0.67702   -0.67699   -0.67321
  -0.67212   -0.67183   -0.67175   -0.67048   -0.39887   -0.39372   -0.39225   -0.38762
  -0.38520   -0.36215   -0.35380   -0.21144   -0.20289   -0.20002   -0.19817   -0.19775
  -0.19348   -0.19268   -0.19240   -0.19046   -0.18943   -0.17884   -0.17294   -0.14882
  -0.14505   -0.12980   -0.10917   -0.09986   -0.08929   -0.08909   -0.06263   -0.04656
  -0.04442   -0.04234   -0.03971   -0.03527   -0.02135   -0.01760   -0.00816   -0.00668
  -0.00350    0.01306    0.02474    0.03126    0.04405    0.06508    0.09693    0.17643
   0.20802
 kpt#  14, nband=113, wtk=  0.08000, kpt=  0.4500  0.3500  0.2500 (reduced coord)
  -4.74617   -4.74616   -2.98263   -2.98187   -2.98152   -2.98110   -2.98098   -2.98084
  -1.69359   -1.69340   -1.69283   -1.69254   -1.69215   -1.69149   -1.69126   -1.69093
  -1.69049   -1.69004   -1.68971   -1.68941   -1.68914   -1.68870   -1.68816   -1.68786
  -1.68748   -1.68692   -1.68664   -1.68566   -1.68533   -1.68494   -1.68392   -1.68234
  -1.68189   -1.66619   -1.66526   -1.66361   -1.66346   -1.66291   -1.65920   -1.65817
  -1.65658   -1.65626   -1.65609   -0.68770   -0.68753   -0.68621   -0.68610   -0.68557
  -0.68176   -0.68024   -0.67973   -0.67951   -0.67945   -0.67920   -0.67907   -0.67904
  -0.67866   -0.67856   -0.67805   -0.67763   -0.67735   -0.67708   -0.67699   -0.67312
  -0.67228   -0.67186   -0.67177   -0.67046   -0.39162   -0.39008   -0.38856   -0.38795
  -0.38610   -0.35991   -0.35134   -0.21023   -0.20694   -0.19912   -0.19853   -0.19563
  -0.19331   -0.19182   -0.19128   -0.19093   -0.18987   -0.17602   -0.16952   -0.14660
  -0.14352   -0.12987   -0.10045   -0.10003   -0.09650   -0.08712   -0.07341   -0.06755
  -0.06047   -0.04237   -0.03783   -0.03479   -0.03392   -0.01992   -0.01924   -0.01529
  -0.00556    0.00216    0.00270    0.00814    0.04080    0.05477    0.09951    0.17652
   0.20767
 kpt#  15, nband=113, wtk=  0.04000, kpt=  0.4500  0.4500  0.2500 (reduced coord)
  -4.74617   -4.74616   -2.98224   -2.98170   -2.98169   -2.98165   -2.98093   -2.98079
  -1.69423   -1.69364   -1.69274   -1.69256   -1.69191   -1.69128   -1.69126   -1.69098
  -1.69020   -1.69018   -1.68970   -1.68951   -1.68907   -1.68889   -1.68851   -1.68812
  -1.68755   -1.68728   -1.68681   -1.68615   -1.68520   -1.68453   -1.68410   -1.68250
  -1.68142   -1.66589   -1.66563   -1.66373   -1.66324   -1.66256   -1.65898   -1.65867
  -1.65668   -1.65602   -1.65593   -0.68783   -0.68746   -0.68623   -0.68619   -0.68546
  -0.68188   -0.68021   -0.67976   -0.67946   -0.67945   -0.67924   -0.67917   -0.67917
  -0.67868   -0.67857   -0.67798   -0.67754   -0.67734   -0.67710   -0.67700   -0.67305
  -0.67241   -0.67189   -0.67183   -0.67038   -0.38776   -0.38737   -0.38698   -0.38548
  -0.38424   -0.35692   -0.34831   -0.21074   -0.20933   -0.19832   -0.19818   -0.19399
  -0.19202   -0.19142   -0.19111   -0.19106   -0.19048   -0.16434   -0.15679   -0.13421
  -0.12978   -0.11976   -0.11232   -0.09958   -0.09922   -0.09760   -0.09286   -0.09037
  -0.07285   -0.06468   -0.04509   -0.04048   -0.03132   -0.03063   -0.02518   -0.02099
  -0.01946   -0.01865   -0.01117   -0.00963    0.04262    0.05260    0.10079    0.18356
   0.20599
