 Eigenvalues (hartree) for nkpt=  15  k points:
 kpt#   1, nband=250, wtk=  0.04000, kpt=  0.0500  0.0500  0.2500 (reduced coord)
  -4.74617   -4.74616   -2.98366   -2.98339   -2.98122   -2.98079   -2.98075   -2.98059
  -1.69556   -1.69470   -1.69455   -1.69383   -1.69312   -1.69270   -1.69228   -1.69223
  -1.69179   -1.69175   -1.69124   -1.69095   -1.69060   -1.68985   -1.68928   -1.68871
  -1.68837   -1.68814   -1.68681   -1.68554   -1.68540   -1.68466   -1.68439   -1.68091
  -1.68085   -1.66754   -1.66645   -1.66473   -1.66261   -1.66259   -1.66065   -1.65951
  -1.65785   -1.65591   -1.65578   -0.68852   -0.68673   -0.68669   -0.68592   -0.68592
  -0.68159   -0.68067   -0.68065   -0.67973   -0.67911   -0.67908   -0.67896   -0.67874
  -0.67865   -0.67844   -0.67833   -0.67821   -0.67820   -0.67681   -0.67680   -0.67387
  -0.67160   -0.67158   -0.67150   -0.67142   -0.43859   -0.42255   -0.41693   -0.39892
  -0.39071   -0.37435   -0.36615   -0.20882   -0.20698   -0.20644   -0.20599   -0.20563
  -0.19359   -0.19342   -0.19168   -0.18698   -0.18579   -0.15397   -0.14613   -0.11858
  -0.10942   -0.08961   -0.07511   -0.06713   -0.04874   -0.03794   -0.03025   -0.01935
  -0.01927   -0.01748   -0.01469   -0.00604    0.00502    0.01743    0.02237    0.02677
   0.03650    0.03770    0.04183    0.05049    0.05119    0.06354    0.09426    0.13228
   0.15010    0.18293    0.18731    0.21195    0.21929    0.23956    0.24918    0.25932
   0.26355    0.26690    0.27189    0.27597    0.27720    0.27891    0.27955    0.28931
   0.28954    0.30270    0.30440    0.30746    0.31178    0.32339    0.32764    0.33332
   0.33937    0.34530    0.35107    0.35496    0.36161    0.36971    0.39301    0.40364
   0.41297    0.42081    0.43873    0.44005    0.45076    0.45581    0.45891    0.46691
   0.47015    0.47747    0.48740    0.48763    0.50280    0.50844    0.50865    0.51432
   0.51818    0.52118    0.52503    0.52867    0.54105    0.54323    0.55000    0.55702
   0.56340    0.56455    0.56838    0.57181    0.57478    0.57773    0.58407    0.59120
   0.59382    0.60825    0.61298    0.61320    0.62105    0.62318    0.63540    0.63977
   0.64370    0.64555    0.65665    0.65708    0.66542    0.67413    0.67754    0.68526
   0.68842    0.69507    0.69895    0.70314    0.71022    0.71399    0.72447    0.73089
   0.73374    0.74329    0.75533    0.75898    0.76090    0.76305    0.77712    0.78260
   0.78400    0.78627    0.79491    0.81524    0.81656    0.82183    0.82999    0.83114
   0.83473    0.84190    0.84804    0.85371    0.86451    0.86723    0.87206    0.88947
   0.89022    0.89219    0.90055    0.90090    0.90425    0.91383    0.91397    0.92302
   0.92899    0.93087    0.93961    0.94471    0.94613    0.95430    0.95439    0.95904
   0.96134    0.97078    0.97406    0.97562    0.97611    0.97930    0.98557    0.98989
   0.99390    0.99842
 kpt#   2, nband=250, wtk=  0.08000, kpt=  0.1500  0.0500  0.2500 (reduced coord)
  -4.74617   -4.74616   -2.98329   -2.98258   -2.98113   -2.98082   -2.98075   -2.98069
  -1.69505   -1.69452   -1.69389   -1.69377   -1.69295   -1.69213   -1.69189   -1.69145
  -1.69076   -1.69032   -1.69006   -1.68978   -1.68870   -1.68847   -1.68816   -1.68763
  -1.68705   -1.68691   -1.68605   -1.68552   -1.68524   -1.68503   -1.68429   -1.68138
  -1.68085   -1.66711   -1.66605   -1.66385   -1.66262   -1.66237   -1.65997   -1.65906
  -1.65707   -1.65565   -1.65539   -0.68828   -0.68665   -0.68645   -0.68590   -0.68584
  -0.68128   -0.68054   -0.68040   -0.67976   -0.67902   -0.67893   -0.67888   -0.67864
  -0.67842   -0.67839   -0.67832   -0.67818   -0.67815   -0.67681   -0.67676   -0.67375
  -0.67156   -0.67153   -0.67149   -0.67124   -0.43455   -0.41914   -0.41428   -0.39664
  -0.39035   -0.37310   -0.36551   -0.20835   -0.20568   -0.20542   -0.20481   -0.20383
  -0.19414   -0.19160   -0.19140   -0.18922   -0.18637   -0.16393   -0.15883   -0.13516
  -0.12084   -0.09130   -0.08898   -0.08093   -0.04816   -0.04500   -0.03055   -0.02940
  -0.01284   -0.00611   -0.00228    0.00104    0.01434    0.02065    0.02213    0.02817
   0.03528    0.03778    0.04998    0.05360    0.06286    0.07701    0.09536    0.14769
   0.16291    0.18383    0.19731    0.20971    0.22033    0.23126    0.23471    0.24186
   0.24957    0.25179    0.25394    0.26130    0.26744    0.27243    0.27726    0.28418
   0.28821    0.29045    0.29154    0.29690    0.31599    0.31705    0.32938    0.33516
   0.33812    0.34182    0.35209    0.36117    0.36585    0.37172    0.38568    0.39089
   0.39953    0.42161    0.43513    0.44159    0.46019    0.46486    0.47440    0.47607
   0.48698    0.49136    0.49469    0.50367    0.51078    0.51323    0.51918    0.52394
   0.53218    0.53649    0.53882    0.54512    0.54679    0.55185    0.55397    0.55888
   0.56569    0.56950    0.57331    0.58054    0.58490    0.58595    0.59389    0.60060
   0.60316    0.60700    0.61484    0.61884    0.62898    0.63015    0.64215    0.64405
   0.64841    0.65167    0.65826    0.66639    0.67288    0.67874    0.68280    0.68813
   0.69229    0.70015    0.70752    0.71002    0.71580    0.72286    0.72971    0.73603
   0.74526    0.74925    0.75655    0.75852    0.76880    0.77702    0.78254    0.78775
   0.79558    0.80425    0.80667    0.81144    0.81643    0.81776    0.82523    0.82838
   0.83150    0.83859    0.84714    0.85023    0.85479    0.85773    0.86519    0.86954
   0.87854    0.87994    0.88485    0.88594    0.88943    0.90146    0.90451    0.91380
   0.91486    0.92114    0.92704    0.93101    0.93488    0.93811    0.94197    0.95070
   0.95435    0.96238    0.96390    0.96695    0.97129    0.97480    0.97915    0.98253
   0.98764    0.99200
 kpt#   3, nband=250, wtk=  0.08000, kpt=  0.2500  0.0500  0.2500 (reduced coord)
  -4.74617   -4.74615   -2.98260   -2.98123   -2.98091   -2.98065   -2.98060   -2.98008
  -1.69384   -1.69282   -1.69250   -1.69205   -1.69149   -1.69092   -1.69054   -1.69019
  -1.68985   -1.68901   -1.68846   -1.68754   -1.68694   -1.68670   -1.68601   -1.68594
  -1.68533   -1.68504   -1.68475   -1.68401   -1.68279   -1.68204   -1.68155   -1.68051
  -1.68016   -1.66525   -1.66353   -1.66268   -1.66206   -1.66001   -1.65839   -1.65662
  -1.65577   -1.65527   -1.65308   -0.68789   -0.68618   -0.68600   -0.68587   -0.68575
  -0.68093   -0.68015   -0.67984   -0.67927   -0.67903   -0.67891   -0.67866   -0.67841
  -0.67823   -0.67808   -0.67796   -0.67779   -0.67744   -0.67686   -0.67672   -0.67337
  -0.67166   -0.67150   -0.67095   -0.67072   -0.42689   -0.41297   -0.40950   -0.39328
  -0.39009   -0.37167   -0.36453   -0.20716   -0.20364   -0.20258   -0.20228   -0.20141
  -0.19554   -0.19122   -0.19036   -0.18793   -0.18724   -0.18016   -0.17701   -0.15569
  -0.14091   -0.11575   -0.09558   -0.08045   -0.07537   -0.03885   -0.02312   -0.01977
  -0.00307    0.00245    0.00383    0.01423    0.01985    0.02551    0.02724    0.03344
   0.03521    0.03682    0.04753    0.07237    0.08635    0.09854    0.09890    0.15492
   0.16794    0.17583    0.18061    0.19001    0.19741    0.20281    0.22260    0.22530
   0.23346    0.23798    0.24289    0.24648    0.25713    0.26408    0.26951    0.27114
   0.28420    0.29104    0.29720    0.30588    0.32068    0.32190    0.32533    0.33475
   0.34530    0.34934    0.35650    0.36465    0.37472    0.37754    0.38755    0.40312
   0.41333    0.41540    0.43278    0.43520    0.44183    0.45970    0.47163    0.48027
   0.48900    0.49485    0.50219    0.51470    0.52315    0.52772    0.53231    0.53802
   0.54372    0.54573    0.55267    0.55501    0.56330    0.56573    0.56815    0.57536
   0.58050    0.58529    0.58813    0.59824    0.59932    0.60891    0.61474    0.61654
   0.61958    0.62492    0.62965    0.63187    0.63481    0.64200    0.65209    0.65697
   0.66342    0.66952    0.67303    0.67531    0.67943    0.68852    0.69427    0.69744
   0.70747    0.71234    0.71867    0.72446    0.72827    0.73130    0.73763    0.74067
   0.74605    0.74983    0.75305    0.75890    0.76193    0.76888    0.77151    0.77652
   0.78182    0.78824    0.79431    0.79919    0.80575    0.81153    0.81379    0.82039
   0.82385    0.83063    0.83657    0.84402    0.84779    0.85009    0.85583    0.86021
   0.86703    0.87762    0.88072    0.88648    0.88932    0.89632    0.89846    0.90714
   0.91057    0.91836    0.92346    0.93690    0.94110    0.94363    0.95020    0.95547
   0.96049    0.96307    0.96622    0.96903    0.97334    0.97846    0.98313    0.98771
   0.99096    0.99664
 kpt#   4, nband=250, wtk=  0.08000, kpt=  0.3500  0.0500  0.2500 (reduced coord)
  -4.74616   -4.74616   -2.98226   -2.98134   -2.98117   -2.98081   -2.98079   -2.98045
  -1.69395   -1.69294   -1.69228   -1.69200   -1.69153   -1.69113   -1.69069   -1.69024
  -1.68937   -1.68909   -1.68841   -1.68786   -1.68756   -1.68719   -1.68672   -1.68642
  -1.68633   -1.68592   -1.68494   -1.68469   -1.68431   -1.68381   -1.68326   -1.68007
  -1.67976   -1.66496   -1.66341   -1.66268   -1.66232   -1.66152   -1.65797   -1.65659
  -1.65594   -1.65553   -1.65493   -0.68768   -0.68624   -0.68614   -0.68597   -0.68581
  -0.68061   -0.68021   -0.67985   -0.67941   -0.67916   -0.67889   -0.67868   -0.67838
  -0.67824   -0.67812   -0.67805   -0.67789   -0.67762   -0.67702   -0.67676   -0.67329
  -0.67181   -0.67154   -0.67099   -0.67082   -0.41657   -0.40562   -0.40359   -0.39180
  -0.39090   -0.37124   -0.36353   -0.20520   -0.20182   -0.20065   -0.19960   -0.19877
  -0.19772   -0.19558   -0.19251   -0.19227   -0.19215   -0.19115   -0.18811   -0.17063
  -0.16172   -0.14091   -0.10267   -0.09876   -0.06993   -0.02365   -0.01444   -0.00996
  -0.00442    0.00932    0.01228    0.01560    0.02588    0.03065    0.03177    0.03572
   0.04227    0.04245    0.05573    0.09159    0.10091    0.11057    0.12018    0.14359
   0.15456    0.15929    0.16351    0.17589    0.18026    0.18823    0.19273    0.20029
   0.20336    0.20766    0.21101    0.23547    0.24864    0.25433    0.26607    0.27035
   0.29000    0.29089    0.30488    0.31537    0.32293    0.32923    0.34022    0.35360
   0.36279    0.36754    0.37613    0.37821    0.38714    0.39163    0.40296    0.40882
   0.42573    0.43057    0.44054    0.44962    0.45493    0.46459    0.46718    0.47363
   0.48325    0.48753    0.49547    0.50625    0.51062    0.51862    0.53284    0.53602
   0.53932    0.54104    0.55034    0.56380    0.57744    0.58053    0.58770    0.59041
   0.59404    0.59775    0.60482    0.61037    0.61733    0.62282    0.62663    0.62990
   0.63161    0.63850    0.64142    0.64816    0.65200    0.65442    0.66054    0.66665
   0.67362    0.67664    0.67809    0.68624    0.68971    0.69361    0.69848    0.70209
   0.71014    0.71393    0.71684    0.72207    0.72523    0.72651    0.73345    0.73508
   0.74362    0.74908    0.75379    0.75592    0.76212    0.76648    0.77292    0.78387
   0.79201    0.79276    0.79742    0.80761    0.81314    0.81642    0.82551    0.82879
   0.83608    0.84142    0.84609    0.84825    0.85320    0.85914    0.86425    0.87368
   0.87727    0.87918    0.88629    0.89190    0.89508    0.90100    0.90710    0.91340
   0.91804    0.92165    0.92472    0.92940    0.93431    0.93819    0.94218    0.94537
   0.95309    0.95652    0.96010    0.96351    0.97151    0.97502    0.98103    0.98316
   0.98799    0.99093
 kpt#   5, nband=250, wtk=  0.08000, kpt=  0.4500  0.0500  0.2500 (reduced coord)
  -4.74616   -4.74616   -2.98238   -2.98196   -2.98160   -2.98110   -2.98099   -2.98091
  -1.69531   -1.69377   -1.69336   -1.69273   -1.69252   -1.69204   -1.69115   -1.69089
  -1.69045   -1.68992   -1.68926   -1.68910   -1.68852   -1.68832   -1.68817   -1.68766
  -1.68742   -1.68690   -1.68656   -1.68558   -1.68538   -1.68475   -1.68448   -1.68151
  -1.68084   -1.66669   -1.66439   -1.66392   -1.66331   -1.66260   -1.65977   -1.65753
  -1.65707   -1.65647   -1.65582   -0.68774   -0.68659   -0.68630   -0.68613   -0.68586
  -0.68066   -0.68036   -0.68001   -0.67980   -0.67924   -0.67895   -0.67879   -0.67851
  -0.67841   -0.67831   -0.67829   -0.67812   -0.67787   -0.67717   -0.67677   -0.67343
  -0.67194   -0.67155   -0.67133   -0.67102   -0.40543   -0.40012   -0.39783   -0.39573
  -0.39340   -0.37134   -0.36291   -0.20507   -0.20336   -0.20091   -0.20006   -0.19975
  -0.19779   -0.19762   -0.19592   -0.19531   -0.19486   -0.19417   -0.19067   -0.17630
  -0.17445   -0.15817   -0.10996   -0.10948   -0.05360   -0.03417   -0.00524    0.00538
   0.01184    0.01366    0.01581    0.01958    0.02177    0.02339    0.03297    0.03404
   0.04021    0.04731    0.08309    0.10402    0.10650    0.11607    0.13410    0.13417
   0.13611    0.15474    0.15851    0.16450    0.16894    0.17294    0.17492    0.17893
   0.18872    0.19674    0.20662    0.21884    0.22038    0.24269    0.26774    0.28100
   0.28430    0.29467    0.30032    0.30453    0.31932    0.33941    0.34323    0.35522
   0.36104    0.38561    0.40244    0.40537    0.41592    0.42314    0.42587    0.43332
   0.43602    0.44399    0.45143    0.45978    0.46716    0.47174    0.47756    0.48806
   0.49343    0.50228    0.50492    0.50931    0.51219    0.51533    0.51717    0.52804
   0.53046    0.53448    0.54494    0.54992    0.55231    0.56308    0.57068    0.57515
   0.57772    0.58162    0.58788    0.59339    0.60003    0.60314    0.61070    0.61778
   0.62431    0.62906    0.63381    0.64233    0.64879    0.65828    0.66204    0.66885
   0.68179    0.68999    0.69722    0.70101    0.70365    0.70652    0.71354    0.71802
   0.72815    0.73445    0.73632    0.74994    0.75166    0.75261    0.75958    0.76135
   0.77023    0.77262    0.77814    0.78204    0.78532    0.78988    0.79389    0.79581
   0.80038    0.80129    0.80522    0.81269    0.81793    0.82149    0.82246    0.83079
   0.83728    0.83988    0.84269    0.84646    0.84923    0.85838    0.86433    0.87046
   0.87398    0.88046    0.88237    0.88601    0.88959    0.89260    0.89560    0.89674
   0.90536    0.90904    0.91257    0.91994    0.92213    0.92765    0.93238    0.94055
   0.94140    0.94976    0.95342    0.95705    0.96555    0.96767    0.97115    0.97762
   0.98221    0.99021
 kpt#   6, nband=250, wtk=  0.04000, kpt=  0.1500  0.1500  0.2500 (reduced coord)
  -4.74617   -4.74616   -2.98284   -2.98165   -2.98122   -2.98116   -2.98098   -2.98081
  -1.69448   -1.69442   -1.69405   -1.69325   -1.69299   -1.69204   -1.69128   -1.69100
  -1.69033   -1.68967   -1.68931   -1.68917   -1.68871   -1.68788   -1.68756   -1.68746
  -1.68689   -1.68656   -1.68603   -1.68570   -1.68549   -1.68462   -1.68274   -1.68163
  -1.68088   -1.66608   -1.66572   -1.66343   -1.66272   -1.66235   -1.65921   -1.65862
  -1.65672   -1.65581   -1.65532   -0.68819   -0.68635   -0.68635   -0.68599   -0.68593
  -0.68120   -0.68031   -0.68029   -0.67968   -0.67901   -0.67901   -0.67893   -0.67843
  -0.67843   -0.67830   -0.67820   -0.67815   -0.67795   -0.67691   -0.67685   -0.67369
  -0.67168   -0.67160   -0.67121   -0.67112   -0.43057   -0.41579   -0.41173   -0.39445
  -0.38989   -0.37180   -0.36453   -0.20937   -0.20410   -0.20407   -0.20401   -0.20290
  -0.19371   -0.19183   -0.19085   -0.19012   -0.18708   -0.16907   -0.16480   -0.14144
  -0.12780   -0.09890   -0.09248   -0.07949   -0.06647   -0.04738   -0.04559   -0.03270
  -0.02329   -0.02222    0.00275    0.01287    0.01366    0.01860    0.03032    0.03392
   0.03439    0.03684    0.03939    0.07353    0.08463    0.09623    0.10301    0.17168
   0.17348    0.17784    0.18182    0.19065    0.20032    0.20846    0.22278    0.22949
   0.24264    0.24999    0.25097    0.25926    0.26455    0.26500    0.27597    0.28428
   0.28601    0.29422    0.29467    0.30259    0.31780    0.31990    0.34055    0.34606
   0.34632    0.35216    0.35923    0.36703    0.36704    0.37113    0.39940    0.39976
   0.41151    0.42497    0.43903    0.44850    0.45302    0.45577    0.47394    0.47581
   0.47736    0.48743    0.49328    0.49496    0.50476    0.51093    0.51335    0.52266
   0.52339    0.52625    0.54293    0.54721    0.55440    0.55616    0.56150    0.56488
   0.57139    0.57333    0.57713    0.58549    0.59171    0.59336    0.60310    0.61475
   0.61553    0.61847    0.63424    0.63444    0.64146    0.64837    0.65245    0.65392
   0.65901    0.66653    0.67310    0.67416    0.67999    0.69364    0.69685    0.69706
   0.70376    0.70697    0.71253    0.71444    0.71825    0.72570    0.72717    0.73682
   0.74540    0.75795    0.75809    0.76508    0.76792    0.77105    0.77700    0.79685
   0.80612    0.81031    0.81261    0.81808    0.82197    0.82670    0.82930    0.83319
   0.83906    0.84162    0.84746    0.84893    0.85427    0.85876    0.86084    0.86905
   0.87186    0.87449    0.88063    0.88328    0.88615    0.88974    0.89380    0.89581
   0.90267    0.91198    0.91566    0.91835    0.92317    0.92390    0.93457    0.93465
   0.93756    0.93985    0.94167    0.94908    0.95478    0.96158    0.96308    0.96678
   0.97843    0.98294
 kpt#   7, nband=250, wtk=  0.08000, kpt=  0.2500  0.1500  0.2500 (reduced coord)
  -4.74617   -4.74615   -2.98243   -2.98141   -2.98117   -2.98092   -2.98087   -2.98042
  -1.69495   -1.69382   -1.69254   -1.69218   -1.69172   -1.69129   -1.69047   -1.69000
  -1.68955   -1.68924   -1.68879   -1.68855   -1.68787   -1.68737   -1.68697   -1.68658
  -1.68614   -1.68589   -1.68532   -1.68498   -1.68437   -1.68284   -1.68243   -1.68147
  -1.67990   -1.66586   -1.66349   -1.66319   -1.66282   -1.66100   -1.65893   -1.65655
  -1.65623   -1.65594   -1.65402   -0.68788   -0.68638   -0.68609   -0.68595   -0.68585
  -0.68099   -0.68020   -0.67984   -0.67944   -0.67910   -0.67900   -0.67877   -0.67851
  -0.67838   -0.67829   -0.67793   -0.67783   -0.67760   -0.67697   -0.67682   -0.67339
  -0.67175   -0.67162   -0.67116   -0.67073   -0.42307   -0.40978   -0.40715   -0.39128
  -0.38946   -0.37014   -0.36294   -0.20942   -0.20278   -0.20189   -0.20174   -0.19976
  -0.19499   -0.19174   -0.19092   -0.18947   -0.18879   -0.17948   -0.17619   -0.15372
  -0.14190   -0.11757   -0.09569   -0.07585   -0.07122   -0.06911   -0.04978   -0.02742
  -0.02681   -0.01434   -0.00324    0.00414    0.01093    0.01784    0.02938    0.03147
   0.03567    0.03788    0.06199    0.08844    0.09553    0.10578    0.11331    0.15735
   0.15927    0.17834    0.18093    0.18400    0.18997    0.19591    0.19880    0.20574
   0.24790    0.25478    0.25841    0.25943    0.26290    0.26769    0.27842    0.28154
   0.28505    0.29001    0.30263    0.30907    0.31516    0.32213    0.33024    0.34997
   0.35991    0.36156    0.36469    0.36985    0.37774    0.39147    0.40017    0.41331
   0.42290    0.43178    0.43749    0.44167    0.44516    0.45817    0.46640    0.47354
   0.47842    0.48812    0.49206    0.50131    0.50375    0.51482    0.52090    0.52965
   0.53405    0.53869    0.54268    0.54824    0.55540    0.56264    0.56536    0.57205
   0.58294    0.58854    0.59287    0.59868    0.60345    0.61043    0.61816    0.62056
   0.62372    0.63172    0.63765    0.65163    0.65522    0.65815    0.65979    0.66929
   0.67355    0.67886    0.68775    0.69255    0.69581    0.70399    0.70879    0.71163
   0.72256    0.72358    0.72525    0.72940    0.73248    0.73830    0.74448    0.74548
   0.74724    0.75352    0.76037    0.76439    0.77072    0.77356    0.77693    0.78820
   0.79411    0.79610    0.79830    0.80178    0.80836    0.81674    0.81893    0.82438
   0.82875    0.83962    0.84079    0.84384    0.85057    0.85425    0.85560    0.86043
   0.86401    0.86660    0.87645    0.88055    0.88410    0.88949    0.89405    0.89586
   0.90154    0.90458    0.90930    0.91109    0.92003    0.92534    0.92844    0.93685
   0.93813    0.94605    0.95342    0.95488    0.96019    0.96751    0.97173    0.97609
   0.97673    0.98117
 kpt#   8, nband=250, wtk=  0.08000, kpt=  0.3500  0.1500  0.2500 (reduced coord)
  -4.74617   -4.74616   -2.98186   -2.98180   -2.98106   -2.98098   -2.98082   -2.98069
  -1.69342   -1.69281   -1.69223   -1.69205   -1.69147   -1.69116   -1.69071   -1.69003
  -1.68964   -1.68922   -1.68896   -1.68850   -1.68788   -1.68764   -1.68738   -1.68657
  -1.68623   -1.68569   -1.68528   -1.68474   -1.68426   -1.68406   -1.68275   -1.68079
  -1.68051   -1.66589   -1.66323   -1.66283   -1.66265   -1.66212   -1.65888   -1.65625
  -1.65588   -1.65580   -1.65520   -0.68765   -0.68673   -0.68611   -0.68591   -0.68570
  -0.68089   -0.68022   -0.67973   -0.67939   -0.67910   -0.67895   -0.67872   -0.67858
  -0.67841   -0.67833   -0.67817   -0.67773   -0.67743   -0.67700   -0.67680   -0.67322
  -0.67177   -0.67158   -0.67144   -0.67057   -0.41308   -0.40272   -0.40152   -0.38996
  -0.38989   -0.36916   -0.36133   -0.20784   -0.20105   -0.20043   -0.19914   -0.19777
  -0.19739   -0.19339   -0.19303   -0.19158   -0.19048   -0.18786   -0.18745   -0.16530
  -0.15844   -0.13812   -0.10136   -0.09415   -0.06705   -0.05779   -0.03852   -0.02074
  -0.01621   -0.01376   -0.00345    0.00536    0.00991    0.01106    0.02452    0.02600
   0.02882    0.03340    0.07392    0.08197    0.09026    0.10496    0.11230    0.15213
   0.15468    0.16975    0.17666    0.18203    0.18634    0.19384    0.19825    0.20914
   0.23742    0.24033    0.24720    0.25010    0.25914    0.27355    0.27656    0.27712
   0.28808    0.28986    0.30399    0.31524    0.31773    0.32759    0.34206    0.34955
   0.36668    0.37501    0.38207    0.38676    0.39388    0.39718    0.41027    0.41238
   0.41999    0.43585    0.44173    0.45253    0.46013    0.46562    0.46912    0.47197
   0.47852    0.49533    0.49671    0.50318    0.51119    0.51773    0.52935    0.53372
   0.54509    0.55134    0.55328    0.55833    0.56541    0.56952    0.57263    0.57971
   0.58126    0.59325    0.61207    0.61605    0.61911    0.62292    0.62874    0.63195
   0.63548    0.63713    0.64103    0.64452    0.65048    0.65878    0.66262    0.66811
   0.67725    0.68429    0.68658    0.68938    0.69225    0.69560    0.69804    0.70755
   0.71227    0.71918    0.72349    0.72477    0.73300    0.73939    0.74104    0.75021
   0.75487    0.75909    0.76754    0.77269    0.77850    0.78378    0.78708    0.79468
   0.80054    0.80507    0.81075    0.81463    0.82435    0.82676    0.83019    0.83238
   0.83581    0.84094    0.84360    0.85100    0.85518    0.85833    0.86012    0.86528
   0.86692    0.87138    0.87791    0.88056    0.88565    0.89096    0.89454    0.89895
   0.90575    0.91160    0.91627    0.91932    0.92244    0.92688    0.93425    0.93918
   0.94119    0.94751    0.95012    0.95515    0.95845    0.96515    0.96718    0.96929
   0.97290    0.97623
 kpt#   9, nband=250, wtk=  0.08000, kpt=  0.4500  0.1500  0.2500 (reduced coord)
  -4.74616   -4.74616   -2.98257   -2.98250   -2.98149   -2.98098   -2.98083   -2.98059
  -1.69412   -1.69372   -1.69308   -1.69289   -1.69217   -1.69164   -1.69095   -1.69067
  -1.69026   -1.68986   -1.68951   -1.68936   -1.68864   -1.68840   -1.68826   -1.68757
  -1.68752   -1.68692   -1.68641   -1.68559   -1.68515   -1.68494   -1.68360   -1.68253
  -1.68175   -1.66631   -1.66528   -1.66383   -1.66317   -1.66284   -1.65918   -1.65835
  -1.65683   -1.65621   -1.65600   -0.68771   -0.68695   -0.68619   -0.68595   -0.68592
  -0.68100   -0.68032   -0.67982   -0.67975   -0.67916   -0.67900   -0.67883   -0.67874
  -0.67863   -0.67841   -0.67825   -0.67797   -0.67770   -0.67709   -0.67683   -0.67336
  -0.67186   -0.67164   -0.67162   -0.67084   -0.40250   -0.39755   -0.39613   -0.39346
  -0.39208   -0.36879   -0.36034   -0.20507   -0.20240   -0.20018   -0.19969   -0.19900
  -0.19699   -0.19600   -0.19475   -0.19423   -0.19345   -0.19281   -0.18968   -0.17078
  -0.16893   -0.15295   -0.10668   -0.10599   -0.05249   -0.03788   -0.03437   -0.02069
  -0.01445   -0.00521    0.00016    0.00150    0.00880    0.01147    0.01429    0.01854
   0.02264    0.03210    0.07129    0.07702    0.08074    0.08981    0.11046    0.15072
   0.16317    0.17207    0.17835    0.18700    0.19039    0.19378    0.19545    0.20989
   0.23017    0.23602    0.24338    0.25188    0.25386    0.25523    0.25987    0.26978
   0.28176    0.29840    0.30021    0.31178    0.32238    0.33591    0.34944    0.35356
   0.35776    0.37022    0.37965    0.39207    0.40843    0.41810    0.42938    0.44090
   0.44541    0.44739    0.46182    0.46774    0.47252    0.47761    0.48459    0.49167
   0.49441    0.49826    0.51006    0.51469    0.52066    0.52156    0.52664    0.53494
   0.53865    0.53986    0.54413    0.54762    0.55516    0.55851    0.56740    0.57536
   0.58231    0.58516    0.59096    0.59829    0.60289    0.60760    0.61284    0.61631
   0.62759    0.63240    0.63667    0.64384    0.65349    0.66068    0.66556    0.67044
   0.67604    0.67952    0.69201    0.69691    0.70517    0.71204    0.71561    0.71901
   0.72591    0.72929    0.73419    0.73988    0.74640    0.75127    0.75963    0.76132
   0.76292    0.76802    0.77199    0.77521    0.78495    0.78675    0.79085    0.79904
   0.80059    0.80332    0.80642    0.81131    0.81924    0.82493    0.83093    0.83194
   0.84103    0.85057    0.85249    0.85570    0.85953    0.86416    0.86856    0.87214
   0.87758    0.88104    0.88458    0.88932    0.89510    0.89824    0.90322    0.90819
   0.91075    0.91694    0.91883    0.92176    0.92841    0.93116    0.93424    0.93752
   0.94243    0.94507    0.94679    0.94930    0.95551    0.95735    0.95992    0.96247
   0.96577    0.96685
 kpt#  10, nband=250, wtk=  0.04000, kpt=  0.2500  0.2500  0.2500 (reduced coord)
  -4.74617   -4.74615   -2.98241   -2.98175   -2.98151   -2.98115   -2.98098   -2.98068
  -1.69435   -1.69388   -1.69345   -1.69253   -1.69208   -1.69185   -1.69099   -1.69049
  -1.68986   -1.68974   -1.68928   -1.68908   -1.68868   -1.68829   -1.68742   -1.68717
  -1.68663   -1.68660   -1.68627   -1.68493   -1.68413   -1.68402   -1.68329   -1.68282
  -1.68154   -1.66661   -1.66414   -1.66344   -1.66314   -1.66298   -1.65957   -1.65702
  -1.65644   -1.65611   -1.65585   -0.68780   -0.68704   -0.68611   -0.68603   -0.68568
  -0.68117   -0.68039   -0.67964   -0.67962   -0.67918   -0.67902   -0.67897   -0.67880
  -0.67855   -0.67843   -0.67830   -0.67775   -0.67742   -0.67700   -0.67692   -0.67339
  -0.67178   -0.67174   -0.67168   -0.67054   -0.41596   -0.40416   -0.40296   -0.38868
  -0.38841   -0.36782   -0.36032   -0.21088   -0.20150   -0.20073   -0.20026   -0.19848
  -0.19662   -0.19276   -0.19200   -0.18970   -0.18953   -0.18052   -0.17685   -0.15244
  -0.14577   -0.12355   -0.09685   -0.08983   -0.07192   -0.07015   -0.06652   -0.04482
  -0.04413   -0.01768   -0.00979   -0.00692   -0.00496    0.01158    0.01518    0.02124
   0.02960    0.03170    0.06326    0.08240    0.08488    0.10412    0.10715    0.16232
   0.16673    0.17476    0.18779    0.19506    0.20331    0.20749    0.20892    0.21259
   0.23963    0.24918    0.25806    0.26412    0.27130    0.27882    0.28687    0.28795
   0.29182    0.30598    0.31452    0.31547    0.31550    0.32718    0.34248    0.34645
   0.35555    0.37211    0.39247    0.39449    0.39680    0.40145    0.40894    0.41694
   0.42148    0.42655    0.43377    0.44672    0.45465    0.46650    0.47415    0.47502
   0.47812    0.48455    0.48856    0.49534    0.50293    0.50850    0.51777    0.52071
   0.52844    0.53458    0.54346    0.54751    0.55713    0.56084    0.56889    0.57801
   0.57804    0.58677    0.58963    0.59959    0.60152    0.62222    0.62228    0.62830
   0.64523    0.64996    0.65221    0.65440    0.66153    0.66907    0.67563    0.67901
   0.69292    0.69355    0.69991    0.70513    0.70805    0.71133    0.71900    0.72214
   0.72427    0.73427    0.74045    0.74335    0.74743    0.75122    0.75301    0.75388
   0.75760    0.76045    0.76650    0.77138    0.77651    0.78395    0.78431    0.79024
   0.79139    0.79673    0.80011    0.80376    0.80490    0.80888    0.81979    0.82221
   0.82573    0.83381    0.83714    0.84097    0.84217    0.84491    0.84771    0.84926
   0.85355    0.85386    0.85764    0.87069    0.87233    0.87910    0.88439    0.88643
   0.89800    0.89903    0.90745    0.91063    0.91313    0.91763    0.92337    0.93590
   0.93767    0.94624    0.94658    0.95046    0.95554    0.95826    0.96429    0.97350
   0.97460    0.98056
 kpt#  11, nband=250, wtk=  0.08000, kpt=  0.3500  0.2500  0.2500 (reduced coord)
  -4.74617   -4.74616   -2.98259   -2.98184   -2.98137   -2.98105   -2.98088   -2.98085
  -1.69422   -1.69355   -1.69290   -1.69264   -1.69234   -1.69155   -1.69112   -1.69039
  -1.69029   -1.68998   -1.68944   -1.68907   -1.68868   -1.68814   -1.68784   -1.68728
  -1.68693   -1.68666   -1.68625   -1.68606   -1.68505   -1.68434   -1.68282   -1.68242
  -1.68157   -1.66708   -1.66427   -1.66347   -1.66300   -1.66264   -1.65993   -1.65719
  -1.65651   -1.65604   -1.65573   -0.68772   -0.68734   -0.68612   -0.68597   -0.68562
  -0.68139   -0.68036   -0.67972   -0.67950   -0.67927   -0.67914   -0.67898   -0.67887
  -0.67855   -0.67843   -0.67823   -0.67768   -0.67743   -0.67698   -0.67686   -0.67331
  -0.67200   -0.67176   -0.67162   -0.67052   -0.40673   -0.39792   -0.39773   -0.38858
  -0.38710   -0.36570   -0.35764   -0.21049   -0.20062   -0.20055   -0.19969   -0.19828
  -0.19574   -0.19307   -0.19297   -0.19026   -0.18838   -0.18498   -0.18031   -0.15567
  -0.15294   -0.13401   -0.09993   -0.09013   -0.08821   -0.07389   -0.05429   -0.04711
  -0.03738   -0.02332   -0.02158   -0.01538   -0.00448    0.00203    0.00277    0.00688
   0.01390    0.02242    0.04142    0.06222    0.06880    0.08325    0.09843    0.17317
   0.18420    0.18933    0.19625    0.20536    0.21359    0.22375    0.22891    0.23358
   0.23703    0.24218    0.24998    0.25669    0.27166    0.28392    0.29103    0.29723
   0.30363    0.31238    0.31660    0.31938    0.32483    0.33693    0.34931    0.35931
   0.36601    0.37439    0.38095    0.38398    0.39268    0.40558    0.42379    0.42705
   0.43335    0.43560    0.44281    0.45436    0.45782    0.46563    0.47076    0.48319
   0.48717    0.49895    0.50190    0.51100    0.51497    0.52307    0.53058    0.53313
   0.53645    0.53981    0.54583    0.55164    0.55633    0.56844    0.57068    0.58160
   0.59167    0.59452    0.60444    0.61361    0.61687    0.62367    0.63081    0.63557
   0.64548    0.64777    0.65376    0.65599    0.66144    0.66777    0.67274    0.67551
   0.67825    0.68241    0.69215    0.69538    0.70264    0.70479    0.70989    0.71198
   0.71842    0.72109    0.73181    0.73617    0.74150    0.74450    0.74824    0.75297
   0.75997    0.76484    0.77193    0.77502    0.78405    0.78743    0.79150    0.79362
   0.79719    0.80007    0.80575    0.80964    0.81747    0.82155    0.82435    0.82686
   0.83077    0.83326    0.83631    0.84277    0.84727    0.85304    0.85643    0.85910
   0.86525    0.86720    0.86995    0.87426    0.87840    0.88485    0.89285    0.89591
   0.89869    0.90319    0.90906    0.91191    0.91664    0.92266    0.92340    0.92718
   0.93204    0.93392    0.93669    0.93886    0.94257    0.94862    0.95175    0.95382
   0.95657    0.96076
 kpt#  12, nband=250, wtk=  0.08000, kpt=  0.4500  0.2500  0.2500 (reduced coord)
  -4.74617   -4.74616   -2.98266   -2.98228   -2.98118   -2.98103   -2.98085   -2.98066
  -1.69436   -1.69325   -1.69262   -1.69245   -1.69202   -1.69143   -1.69092   -1.69061
  -1.69001   -1.68969   -1.68932   -1.68887   -1.68850   -1.68801   -1.68779   -1.68747
  -1.68735   -1.68678   -1.68641   -1.68580   -1.68534   -1.68495   -1.68395   -1.68277
  -1.68108   -1.66595   -1.66503   -1.66371   -1.66323   -1.66283   -1.65892   -1.65803
  -1.65658   -1.65648   -1.65570   -0.68766   -0.68721   -0.68621   -0.68597   -0.68578
  -0.68131   -0.68024   -0.67972   -0.67957   -0.67929   -0.67902   -0.67896   -0.67885
  -0.67862   -0.67842   -0.67816   -0.67782   -0.67759   -0.67710   -0.67687   -0.67324
  -0.67186   -0.67183   -0.67164   -0.67068   -0.39739   -0.39324   -0.39320   -0.38997
  -0.38974   -0.36448   -0.35598   -0.20793   -0.20357   -0.19988   -0.19907   -0.19664
  -0.19475   -0.19334   -0.19226   -0.19169   -0.18946   -0.18940   -0.18365   -0.16032
  -0.15819   -0.14305   -0.10270   -0.09995   -0.07318   -0.06339   -0.04777   -0.04275
  -0.03897   -0.03460   -0.02321   -0.02227   -0.01501   -0.00744    0.00263    0.00517
   0.01124    0.01279    0.03426    0.04066    0.05106    0.06259    0.10008    0.16598
   0.20339    0.20794    0.20879    0.21223    0.22179    0.22833    0.22892    0.23238
   0.23849    0.24043    0.25754    0.27050    0.27552    0.28041    0.28389    0.29563
   0.29992    0.31328    0.32010    0.32544    0.33584    0.34055    0.34487    0.34848
   0.35723    0.36592    0.37322    0.38432    0.40251    0.40800    0.42717    0.43272
   0.44667    0.45485    0.46333    0.47243    0.47633    0.48332    0.48778    0.49100
   0.50471    0.50619    0.51577    0.52006    0.52628    0.52986    0.53249    0.53757
   0.54827    0.55369    0.56049    0.56255    0.56648    0.57378    0.57607    0.57898
   0.58338    0.58644    0.59636    0.60737    0.60979    0.61341    0.61714    0.62486
   0.62860    0.63095    0.63482    0.64413    0.65331    0.66021    0.66377    0.66983
   0.67144    0.68143    0.68639    0.69136    0.70262    0.71081    0.71618    0.72083
   0.72338    0.72517    0.72899    0.73179    0.73684    0.74725    0.75420    0.76008
   0.76447    0.77152    0.77405    0.77858    0.78029    0.78560    0.78842    0.79788
   0.80100    0.80667    0.81054    0.81298    0.81716    0.82099    0.82610    0.82739
   0.83274    0.83680    0.84238    0.84703    0.84945    0.85270    0.85465    0.85974
   0.86342    0.86627    0.86985    0.87354    0.87782    0.88220    0.88769    0.89568
   0.89814    0.90160    0.91162    0.91339    0.91594    0.92089    0.92463    0.92972
   0.93372    0.93752    0.93945    0.94516    0.94610    0.94849    0.95075    0.95594
   0.96110    0.96492
 kpt#  13, nband=250, wtk=  0.04000, kpt=  0.3500  0.3500  0.2500 (reduced coord)
  -4.74617   -4.74616   -2.98269   -2.98201   -2.98161   -2.98103   -2.98093   -2.98052
  -1.69433   -1.69406   -1.69293   -1.69269   -1.69215   -1.69171   -1.69111   -1.69094
  -1.68993   -1.68974   -1.68964   -1.68909   -1.68874   -1.68835   -1.68802   -1.68788
  -1.68714   -1.68702   -1.68649   -1.68578   -1.68520   -1.68432   -1.68288   -1.68239
  -1.68213   -1.66607   -1.66474   -1.66343   -1.66335   -1.66298   -1.65905   -1.65785
  -1.65661   -1.65642   -1.65608   -0.68763   -0.68746   -0.68618   -0.68611   -0.68558
  -0.68155   -0.68020   -0.67963   -0.67952   -0.67944   -0.67919   -0.67907   -0.67901
  -0.67862   -0.67855   -0.67810   -0.67770   -0.67735   -0.67702   -0.67699   -0.67321
  -0.67212   -0.67183   -0.67175   -0.67048   -0.39887   -0.39372   -0.39225   -0.38762
  -0.38520   -0.36215   -0.35380   -0.21144   -0.20289   -0.20002   -0.19817   -0.19775
  -0.19348   -0.19268   -0.19240   -0.19046   -0.18943   -0.17884   -0.17294   -0.14882
  -0.14505   -0.12980   -0.10917   -0.09986   -0.08929   -0.08909   -0.06263   -0.04656
  -0.04442   -0.04234   -0.03971   -0.03527   -0.02135   -0.01760   -0.00816   -0.00668
  -0.00350    0.01306    0.02474    0.03126    0.04405    0.06508    0.09693    0.17643
   0.20802    0.20989    0.21468    0.22263    0.22484    0.22620    0.23542    0.24470
   0.24789    0.26646    0.26766    0.27513    0.27561    0.28913    0.29642    0.31323
   0.31333    0.32729    0.32752    0.33642    0.34441    0.34777    0.35280    0.36284
   0.37578    0.37613    0.38985    0.39241    0.39708    0.40560    0.40880    0.42000
   0.43902    0.44446    0.45966    0.46378    0.46920    0.47479    0.47771    0.48224
   0.49769    0.50403    0.50859    0.51536    0.51593    0.53020    0.53478    0.53609
   0.55162    0.55473    0.55639    0.56165    0.56310    0.57273    0.58045    0.58531
   0.59336    0.59940    0.60366    0.61558    0.61806    0.62883    0.63607    0.64313
   0.65072    0.65357    0.66021    0.66795    0.67109    0.67261    0.67272    0.67799
   0.68712    0.68714    0.69231    0.69521    0.69742    0.69839    0.70254    0.70624
   0.70676    0.71264    0.71947    0.72246    0.72775    0.73579    0.74155    0.74773
   0.75158    0.75744    0.75993    0.76397    0.77259    0.77538    0.78013    0.78605
   0.78851    0.79053    0.79213    0.80090    0.80872    0.81644    0.81893    0.82144
   0.82649    0.83145    0.83155    0.84303    0.84579    0.85312    0.85383    0.85396
   0.85856    0.86592    0.86896    0.87656    0.88033    0.88955    0.89649    0.89861
   0.90115    0.90211    0.90364    0.90702    0.91289    0.91479    0.91567    0.92552
   0.92792    0.93141    0.93161    0.93651    0.94258    0.94424    0.94644    0.94934
   0.94950    0.95443
 kpt#  14, nband=250, wtk=  0.08000, kpt=  0.4500  0.3500  0.2500 (reduced coord)
  -4.74617   -4.74616   -2.98263   -2.98187   -2.98152   -2.98110   -2.98098   -2.98084
  -1.69359   -1.69340   -1.69283   -1.69254   -1.69215   -1.69149   -1.69126   -1.69093
  -1.69049   -1.69004   -1.68971   -1.68941   -1.68914   -1.68870   -1.68816   -1.68786
  -1.68748   -1.68692   -1.68664   -1.68566   -1.68533   -1.68494   -1.68392   -1.68234
  -1.68189   -1.66619   -1.66526   -1.66361   -1.66346   -1.66291   -1.65920   -1.65817
  -1.65658   -1.65626   -1.65609   -0.68770   -0.68753   -0.68621   -0.68610   -0.68557
  -0.68176   -0.68024   -0.67973   -0.67951   -0.67945   -0.67920   -0.67907   -0.67904
  -0.67866   -0.67856   -0.67805   -0.67763   -0.67735   -0.67708   -0.67699   -0.67312
  -0.67228   -0.67186   -0.67177   -0.67046   -0.39162   -0.39008   -0.38856   -0.38795
  -0.38610   -0.35991   -0.35134   -0.21023   -0.20694   -0.19912   -0.19853   -0.19563
  -0.19331   -0.19182   -0.19128   -0.19093   -0.18987   -0.17602   -0.16952   -0.14660
  -0.14352   -0.12987   -0.10045   -0.10003   -0.09650   -0.08712   -0.07341   -0.06755
  -0.06047   -0.04237   -0.03783   -0.03479   -0.03392   -0.01992   -0.01924   -0.01529
  -0.00556    0.00216    0.00270    0.00814    0.04080    0.05477    0.09951    0.17652
   0.20767    0.20910    0.21808    0.21910    0.22886    0.23967    0.24217    0.24716
   0.26164    0.27373    0.27958    0.29199    0.29551    0.30047    0.30739    0.31769
   0.32499    0.32855    0.33142    0.33496    0.34562    0.34751    0.35435    0.36868
   0.37291    0.37855    0.39089    0.39313    0.40585    0.41225    0.42097    0.42789
   0.43526    0.44084    0.45628    0.46545    0.46961    0.48705    0.49252    0.50606
   0.51423    0.51641    0.52086    0.52929    0.53340    0.54119    0.54639    0.55275
   0.55747    0.56357    0.56411    0.57660    0.58182    0.58438    0.59095    0.59356
   0.59536    0.60089    0.60591    0.60766    0.61000    0.61448    0.61990    0.62458
   0.63360    0.63685    0.63999    0.64542    0.65373    0.65550    0.66635    0.66949
   0.67779    0.68520    0.69259    0.69608    0.69872    0.70170    0.70691    0.71045
   0.71753    0.71948    0.72385    0.72781    0.73098    0.73612    0.73848    0.74304
   0.74749    0.75473    0.75664    0.76051    0.76286    0.76520    0.77012    0.77532
   0.78545    0.78835    0.79762    0.80064    0.80576    0.81117    0.81347    0.81756
   0.82074    0.82663    0.82933    0.83342    0.84114    0.84282    0.84544    0.84973
   0.85088    0.85806    0.86091    0.86665    0.86930    0.87363    0.87937    0.88249
   0.88766    0.89385    0.89622    0.90382    0.90694    0.91251    0.91749    0.92004
   0.92095    0.92874    0.93353    0.93839    0.94665    0.95231    0.95791    0.96111
   0.96530    0.96792
 kpt#  15, nband=250, wtk=  0.04000, kpt=  0.4500  0.4500  0.2500 (reduced coord)
  -4.74617   -4.74616   -2.98224   -2.98170   -2.98169   -2.98165   -2.98093   -2.98079
  -1.69423   -1.69364   -1.69274   -1.69256   -1.69191   -1.69128   -1.69126   -1.69098
  -1.69020   -1.69018   -1.68970   -1.68951   -1.68907   -1.68889   -1.68851   -1.68812
  -1.68755   -1.68728   -1.68681   -1.68615   -1.68520   -1.68453   -1.68410   -1.68250
  -1.68142   -1.66589   -1.66563   -1.66373   -1.66324   -1.66256   -1.65898   -1.65867
  -1.65668   -1.65602   -1.65593   -0.68783   -0.68746   -0.68623   -0.68619   -0.68546
  -0.68188   -0.68021   -0.67976   -0.67946   -0.67945   -0.67924   -0.67917   -0.67917
  -0.67868   -0.67857   -0.67798   -0.67754   -0.67734   -0.67710   -0.67700   -0.67305
  -0.67241   -0.67189   -0.67183   -0.67038   -0.38776   -0.38737   -0.38698   -0.38548
  -0.38424   -0.35692   -0.34831   -0.21074   -0.20933   -0.19832   -0.19818   -0.19399
  -0.19202   -0.19142   -0.19111   -0.19106   -0.19048   -0.16434   -0.15679   -0.13421
  -0.12978   -0.11976   -0.11232   -0.09958   -0.09922   -0.09760   -0.09286   -0.09037
  -0.07285   -0.06468   -0.04509   -0.04048   -0.03132   -0.03063   -0.02518   -0.02099
  -0.01946   -0.01865   -0.01117   -0.00963    0.04262    0.05260    0.10079    0.18356
   0.20599    0.20881    0.21187    0.21442    0.23543    0.23791    0.24134    0.24671
   0.27272    0.27549    0.29869    0.30143    0.31816    0.32005    0.32659    0.32967
   0.33345    0.33546    0.34954    0.35248    0.35415    0.36257    0.36391    0.37582
   0.37667    0.38409    0.39533    0.40288    0.41319    0.42143    0.42745    0.43348
   0.44390    0.44561    0.45698    0.46057    0.46622    0.48823    0.49284    0.50186
   0.51847    0.51995    0.52987    0.54182    0.54238    0.54928    0.55527    0.55808
   0.56060    0.56346    0.57838    0.57989    0.58469    0.58827    0.59557    0.59695
   0.60032    0.60214    0.61410    0.61769    0.62112    0.62382    0.62384    0.62866
   0.63425    0.64079    0.64390    0.64857    0.65876    0.66027    0.66447    0.66807
   0.67429    0.67665    0.67887    0.68300    0.68510    0.69587    0.69642    0.69760
   0.70520    0.70884    0.71822    0.72304    0.72371    0.73168    0.73738    0.73791
   0.74343    0.74623    0.74758    0.74902    0.74982    0.75414    0.76271    0.76836
   0.76948    0.77540    0.77829    0.78724    0.79183    0.79351    0.80224    0.80547
   0.80803    0.81026    0.81312    0.82177    0.82762    0.82973    0.84196    0.84350
   0.85068    0.85549    0.85561    0.86266    0.86494    0.86778    0.87761    0.88061
   0.88594    0.89802    0.90175    0.90206    0.90901    0.91177    0.92062    0.92106
   0.92774    0.93385    0.93575    0.93716    0.94128    0.94997    0.95516    0.96110
   0.96620    0.96734
