 Expectation of eigenvalue derivatives (hartree) for nkpt=  18  k points:
  (in case of degenerate eigenvalues, averaged derivative)
 kpt#   1, nband=320, wtk=  0.05556, kpt=  0.0833  0.0833  0.5000 (reduced coord)
   0.00000   -0.00000   -0.00000    0.00000    0.00000   -0.00000   -0.00000    0.00000
   0.00000   -0.00000    0.00000    0.00000   -0.00000   -0.00000    0.00000   -0.00000
   0.00000    0.00000    0.00000    0.00000    0.00000    0.00000   -0.00000   -0.00000
  -0.00000    0.00000   -0.00000   -0.00000   -0.00000   -0.00000   -0.00000    0.00000
   0.00000   -0.00000   -0.00000    0.00000   -0.00000   -0.00000    0.00000   -0.00000
  -0.00000   -0.00000    0.00000   -0.00000    0.00000   -0.00000    0.00000    0.00000
  -0.00000   -0.00000    0.00000   -0.00000    0.00000   -0.00000   -0.00000    0.00000
  -0.00000   -0.00000   -0.00000   -0.00000   -0.00000    0.00000   -0.00000   -0.00000
  -0.00000   -0.00000   -0.00000    0.00000    0.00000   -0.00000    0.00000    0.00000
   0.00000    0.00000   -0.00000    0.00000   -0.00000   -0.00000    0.00000   -0.00000
  -0.00000    0.00000   -0.00000    0.00000   -0.00000   -0.00000   -0.00000    0.00000
   0.00000   -0.00000    0.00000   -0.00000    0.00000   -0.00000   -0.00000   -0.00000
   0.00000   -0.00000   -0.00000   -0.00000   -0.00000   -0.00000   -0.00000   -0.00000
  -0.00000   -0.00000    0.00000    0.00000   -0.00000    0.00000   -0.00000    0.00000
  -0.00000    0.00000    0.00000    0.00000   -0.00000   -0.00000   -0.00000   -0.00000
  -0.00000    0.00000   -0.00000   -0.00000   -0.00000   -0.00000   -0.00000    0.00000
  -0.00000   -0.00000    0.00000    0.00000    0.00000    0.00000   -0.00000    0.00000
  -0.00000   -0.00000    0.00000   -0.00000    0.00000    0.00000   -0.00000    0.00000
  -0.00000   -0.00000    0.00000   -0.00000    0.00000   -0.00000    0.00000   -0.00000
  -0.00000   -0.00000    0.00000    0.00000   -0.00000   -0.00000    0.00000   -0.00000
   0.00000    0.00000   -0.00000    0.00000    0.00000    0.00000   -0.00000    0.00000
   0.00000   -0.00000    0.00000    0.00000   -0.00000    0.00000   -0.00000    0.00000
   0.00000    0.00000   -0.00000    0.00000   -0.00000    0.00000   -0.00000    0.00000
  -0.00000   -0.00000   -0.00000    0.00000    0.00000   -0.00000    0.00000   -0.00000
  -0.00000    0.00000    0.00000   -0.00000   -0.00000   -0.00000    0.00000   -0.00000
  -0.00000   -0.00000    0.00000    0.00000   -0.00000   -0.00000   -0.00000   -0.00000
   0.00000    0.00000    0.00000    0.00000   -0.00000    0.00000    0.00000    0.00000
  -0.00000    0.00000   -0.00000    0.00000   -0.00000    0.00000    0.00000    0.00000
  -0.00000    0.00000   -0.00000    0.00000   -0.00000    0.00000   -0.00000   -0.00000
  -0.00000   -0.00000   -0.00000    0.00000   -0.00000   -0.00000   -0.00000    0.00000
   0.00000    0.00000    0.00000   -0.00000   -0.00000    0.00000    0.00000   -0.00000
  -0.00000    0.00000   -0.00000    0.00000    0.00000   -0.00000    0.00000    0.00000
  -0.00000    0.00000   -0.00000   -0.00000    0.00000    0.00000    0.00000    0.00000
  -0.00000    0.00000    0.00000    0.00000   -0.00000    0.00000   -0.00000   -0.00000
   0.00000   -0.00000    0.00000    0.00000    0.00000    0.00000   -0.00000   -0.00000
   0.00000    0.00000   -0.00000    0.00000    0.00000   -0.00000    0.00000    0.00000
  -0.00000   -0.00000    0.00000   -0.00000    0.00000   -0.00000    0.00000   -0.00000
  -0.00000    0.00000   -0.00000   -0.00000    0.00000   -0.00000   -0.00000    0.00000
  -0.00000    0.00000    0.00000   -0.00000   -0.00000   -0.00000   -0.00000   -0.00000
   0.00000    0.00000    0.00000   -0.00000    0.00000   -0.00000    0.00001   -0.00000
 kpt#   2, nband=320, wtk=  0.05556, kpt=  0.2500  0.0833  0.5000 (reduced coord)
   0.00000    0.00000   -0.00000   -0.00000    0.00000   -0.00000    0.00000   -0.00000
  -0.00000    0.00000    0.00000   -0.00000    0.00000   -0.00000    0.00000   -0.00000
   0.00000   -0.00000    0.00000   -0.00000   -0.00000    0.00000    0.00000   -0.00000
   0.00000   -0.00000   -0.00000    0.00000    0.00000   -0.00000    0.00000   -0.00000
   0.00000    0.00000    0.00000    0.00000    0.00000   -0.00000   -0.00000    0.00000
  -0.00000   -0.00000    0.00000   -0.00000    0.00000   -0.00000    0.00000   -0.00000
   0.00000    0.00000    0.00000   -0.00000    0.00000    0.00000    0.00000   -0.00000
  -0.00000    0.00000    0.00000   -0.00000   -0.00000   -0.00000    0.00000    0.00000
  -0.00000    0.00000    0.00000   -0.00000   -0.00000   -0.00000   -0.00000    0.00000
  -0.00000    0.00000   -0.00000    0.00000    0.00000    0.00000    0.00000   -0.00000
   0.00000    0.00000    0.00000    0.00000    0.00000    0.00000   -0.00000   -0.00000
   0.00000    0.00000   -0.00000    0.00000    0.00000    0.00000   -0.00000   -0.00000
   0.00000   -0.00000    0.00000   -0.00000    0.00000   -0.00000   -0.00000   -0.00000
   0.00000    0.00000    0.00000    0.00000    0.00000    0.00000    0.00000   -0.00000
  -0.00000    0.00000   -0.00000   -0.00000   -0.00000   -0.00000    0.00000   -0.00000
  -0.00000   -0.00000   -0.00000    0.00000    0.00000   -0.00000    0.00000   -0.00000
  -0.00000   -0.00000   -0.00000    0.00000   -0.00000    0.00000    0.00000   -0.00000
   0.00000    0.00000    0.00000    0.00000    0.00000    0.00000   -0.00000    0.00000
  -0.00000    0.00000   -0.00000   -0.00000    0.00000    0.00000    0.00000   -0.00000
  -0.00000   -0.00000   -0.00000    0.00000    0.00000    0.00000   -0.00000    0.00000
   0.00000   -0.00000   -0.00000   -0.00000    0.00000   -0.00000   -0.00000    0.00000
   0.00000    0.00000    0.00000   -0.00000    0.00000    0.00000    0.00000   -0.00000
   0.00000   -0.00000   -0.00000   -0.00000    0.00000    0.00000    0.00000    0.00000
   0.00000    0.00000   -0.00000    0.00000   -0.00000   -0.00000   -0.00000   -0.00000
   0.00000    0.00000    0.00000   -0.00000   -0.00000   -0.00000   -0.00000    0.00000
   0.00000    0.00000   -0.00000    0.00000   -0.00000   -0.00000    0.00000    0.00000
  -0.00000    0.00000   -0.00000   -0.00000   -0.00000   -0.00000   -0.00000    0.00000
   0.00000   -0.00000    0.00000    0.00000    0.00000    0.00000    0.00000    0.00000
  -0.00000    0.00000   -0.00000   -0.00000   -0.00000    0.00000   -0.00000   -0.00000
   0.00000    0.00000   -0.00000    0.00000   -0.00000    0.00000   -0.00000   -0.00000
  -0.00000    0.00000    0.00000   -0.00000   -0.00000   -0.00000    0.00000   -0.00000
   0.00000   -0.00000   -0.00000   -0.00000    0.00000   -0.00000    0.00000    0.00000
  -0.00000    0.00000   -0.00000    0.00000    0.00000    0.00000   -0.00000   -0.00000
  -0.00000    0.00000   -0.00000   -0.00000    0.00000    0.00000    0.00000    0.00000
   0.00000   -0.00000   -0.00000    0.00000   -0.00000   -0.00000   -0.00000   -0.00000
   0.00000   -0.00000   -0.00000    0.00000    0.00000    0.00000    0.00000    0.00000
  -0.00000   -0.00000   -0.00000    0.00000    0.00000    0.00000    0.00000    0.00000
   0.00000    0.00000    0.00000    0.00000    0.00000   -0.00000   -0.00000    0.00000
   0.00000    0.00000    0.00000    0.00000    0.00000   -0.00000   -0.00000    0.00000
   0.00000   -0.00000   -0.00000   -0.00000    0.00000   -0.00000    0.00000   -0.00000
 kpt#   3, nband=320, wtk=  0.05556, kpt=  0.4167  0.0833  0.5000 (reduced coord)
  -0.00000    0.00000    0.00000    0.00000   -0.00000   -0.00000    0.00000    0.00000
  -0.00000    0.00000    0.00000   -0.00000    0.00000    0.00000    0.00000    0.00000
   0.00000    0.00000   -0.00000   -0.00000   -0.00000    0.00000    0.00000    0.00000
  -0.00000   -0.00000   -0.00000    0.00000    0.00000    0.00000    0.00000   -0.00000
  -0.00000   -0.00000    0.00000    0.00000    0.00000    0.00000    0.00000   -0.00000
  -0.00000   -0.00000    0.00000    0.00000   -0.00000    0.00000    0.00000   -0.00000
  -0.00000    0.00000   -0.00000   -0.00000    0.00000   -0.00000    0.00000    0.00000
   0.00000    0.00000    0.00000    0.00000   -0.00000    0.00000   -0.00000    0.00000
  -0.00000    0.00000    0.00000    0.00000    0.00000   -0.00000   -0.00000   -0.00000
  -0.00000    0.00000    0.00000    0.00000   -0.00000   -0.00000    0.00000   -0.00000
  -0.00000    0.00000    0.00000   -0.00000   -0.00000    0.00000    0.00000   -0.00000
  -0.00000   -0.00000    0.00000    0.00000    0.00000   -0.00000   -0.00000   -0.00000
   0.00000    0.00000    0.00000    0.00000    0.00000   -0.00000    0.00000   -0.00000
  -0.00000   -0.00000    0.00000   -0.00000   -0.00000   -0.00000    0.00000   -0.00000
  -0.00000   -0.00000    0.00000    0.00000    0.00000   -0.00000    0.00000   -0.00000
   0.00000   -0.00000    0.00000    0.00000    0.00000    0.00000   -0.00000   -0.00000
   0.00000   -0.00000    0.00000    0.00000   -0.00000    0.00000    0.00000    0.00000
   0.00000    0.00000   -0.00000   -0.00000   -0.00000    0.00000    0.00000   -0.00000
  -0.00000   -0.00000   -0.00000    0.00000   -0.00000   -0.00000   -0.00000    0.00000
   0.00000   -0.00000    0.00000    0.00000    0.00000   -0.00000   -0.00000    0.00000
   0.00000    0.00000    0.00000   -0.00000    0.00000    0.00000   -0.00000   -0.00000
   0.00000   -0.00000   -0.00000    0.00000   -0.00000   -0.00000   -0.00000    0.00000
   0.00000    0.00000   -0.00000   -0.00000    0.00000    0.00000   -0.00000   -0.00000
  -0.00000    0.00000   -0.00000   -0.00000   -0.00000    0.00000   -0.00000   -0.00000
   0.00000    0.00000   -0.00000    0.00000   -0.00000   -0.00000    0.00000    0.00000
   0.00000    0.00000   -0.00000    0.00000   -0.00000    0.00000    0.00000    0.00000
   0.00000    0.00000    0.00000    0.00000   -0.00000    0.00000    0.00000    0.00000
  -0.00000   -0.00000   -0.00000   -0.00000   -0.00000   -0.00000   -0.00000   -0.00000
   0.00000   -0.00000    0.00000   -0.00000    0.00000    0.00000    0.00000    0.00000
  -0.00000    0.00000    0.00000    0.00000   -0.00000   -0.00000   -0.00000    0.00000
  -0.00000    0.00000    0.00000   -0.00000    0.00000    0.00000    0.00000    0.00000
   0.00000    0.00000    0.00000    0.00000   -0.00000   -0.00000   -0.00000   -0.00000
   0.00000   -0.00000    0.00000   -0.00000    0.00000   -0.00000    0.00000   -0.00000
  -0.00000   -0.00000    0.00000   -0.00000    0.00000   -0.00000   -0.00000   -0.00000
   0.00000   -0.00000    0.00000   -0.00000   -0.00000    0.00000    0.00000   -0.00000
   0.00000   -0.00000    0.00000    0.00000   -0.00000   -0.00000   -0.00000   -0.00000
  -0.00000    0.00000    0.00000    0.00000    0.00000   -0.00000    0.00000    0.00000
  -0.00000   -0.00000   -0.00000    0.00000    0.00000   -0.00000   -0.00000   -0.00000
  -0.00000   -0.00000    0.00000    0.00000   -0.00000    0.00000   -0.00000    0.00000
   0.00000    0.00000   -0.00000    0.00000   -0.00000   -0.00000   -0.00000   -0.00000
 kpt#   4, nband=320, wtk=  0.05556, kpt= -0.4167  0.0833  0.5000 (reduced coord)
  -0.00000    0.00000    0.00000   -0.00000    0.00000    0.00000   -0.00000   -0.00000
   0.00000   -0.00000   -0.00000    0.00000   -0.00000   -0.00000   -0.00000   -0.00000
  -0.00000    0.00000    0.00000    0.00000    0.00000   -0.00000   -0.00000   -0.00000
   0.00000    0.00000    0.00000   -0.00000   -0.00000   -0.00000   -0.00000    0.00000
   0.00000    0.00000   -0.00000   -0.00000   -0.00000    0.00000   -0.00000   -0.00000
   0.00000    0.00000   -0.00000   -0.00000    0.00000   -0.00000   -0.00000    0.00000
   0.00000   -0.00000    0.00000    0.00000   -0.00000    0.00000   -0.00000   -0.00000
  -0.00000   -0.00000   -0.00000   -0.00000    0.00000   -0.00000    0.00000   -0.00000
   0.00000   -0.00000   -0.00000   -0.00000   -0.00000    0.00000    0.00000    0.00000
   0.00000   -0.00000   -0.00000   -0.00000    0.00000    0.00000   -0.00000    0.00000
   0.00000   -0.00000   -0.00000    0.00000    0.00000   -0.00000   -0.00000    0.00000
   0.00000    0.00000   -0.00000   -0.00000   -0.00000    0.00000    0.00000    0.00000
  -0.00000   -0.00000   -0.00000   -0.00000   -0.00000   -0.00000   -0.00000    0.00000
   0.00000    0.00000   -0.00000    0.00000    0.00000    0.00000   -0.00000    0.00000
   0.00000    0.00000   -0.00000   -0.00000   -0.00000    0.00000   -0.00000    0.00000
  -0.00000    0.00000   -0.00000   -0.00000   -0.00000   -0.00000    0.00000    0.00000
  -0.00000    0.00000   -0.00000   -0.00000    0.00000   -0.00000   -0.00000   -0.00000
  -0.00000   -0.00000    0.00000    0.00000    0.00000   -0.00000   -0.00000    0.00000
   0.00000    0.00000    0.00000   -0.00000    0.00000    0.00000    0.00000   -0.00000
  -0.00000    0.00000   -0.00000   -0.00000   -0.00000    0.00000    0.00000   -0.00000
  -0.00000   -0.00000   -0.00000    0.00000   -0.00000   -0.00000    0.00000    0.00000
  -0.00000    0.00000    0.00000   -0.00000    0.00000    0.00000    0.00000   -0.00000
  -0.00000   -0.00000    0.00000    0.00000   -0.00000   -0.00000    0.00000    0.00000
   0.00000   -0.00000    0.00000    0.00000    0.00000   -0.00000    0.00000    0.00000
  -0.00000   -0.00000    0.00000   -0.00000    0.00000    0.00000   -0.00000   -0.00000
  -0.00000   -0.00000    0.00000   -0.00000    0.00000   -0.00000   -0.00000   -0.00000
  -0.00000   -0.00000   -0.00000   -0.00000    0.00000   -0.00000   -0.00000   -0.00000
   0.00000    0.00000    0.00000    0.00000    0.00000    0.00000    0.00000    0.00000
  -0.00000    0.00000   -0.00000    0.00000   -0.00000   -0.00000   -0.00000   -0.00000
   0.00000   -0.00000   -0.00000   -0.00000    0.00000    0.00000    0.00000   -0.00000
   0.00000   -0.00000   -0.00000    0.00000   -0.00000   -0.00000   -0.00000   -0.00000
  -0.00000   -0.00000   -0.00000   -0.00000    0.00000    0.00000   -0.00000    0.00000
  -0.00000    0.00000   -0.00000    0.00000   -0.00000    0.00000   -0.00000    0.00000
  -0.00000    0.00000   -0.00000    0.00000   -0.00000    0.00000    0.00000    0.00000
  -0.00000    0.00000   -0.00000    0.00000    0.00000   -0.00000   -0.00000    0.00000
  -0.00000    0.00000   -0.00000   -0.00000    0.00000    0.00000    0.00000    0.00000
   0.00000   -0.00000   -0.00000   -0.00000   -0.00000    0.00000   -0.00000   -0.00000
   0.00000    0.00000    0.00000   -0.00000   -0.00000    0.00000    0.00000    0.00000
   0.00000    0.00000   -0.00000   -0.00000    0.00000   -0.00000    0.00000   -0.00000
  -0.00000   -0.00000    0.00000   -0.00000    0.00000    0.00000    0.00000    0.00000
 kpt#   5, nband=320, wtk=  0.05556, kpt= -0.2500  0.0833  0.5000 (reduced coord)
  -0.00000   -0.00000    0.00000    0.00000   -0.00000    0.00000   -0.00000    0.00000
   0.00000   -0.00000   -0.00000    0.00000   -0.00000    0.00000   -0.00000    0.00000
  -0.00000   -0.00000   -0.00000    0.00000    0.00000   -0.00000   -0.00000    0.00000
  -0.00000    0.00000    0.00000   -0.00000    0.00000    0.00000   -0.00000    0.00000
  -0.00000   -0.00000   -0.00000   -0.00000   -0.00000    0.00000   -0.00000    0.00000
   0.00000    0.00000   -0.00000    0.00000   -0.00000    0.00000   -0.00000    0.00000
  -0.00000   -0.00000   -0.00000    0.00000    0.00000   -0.00000   -0.00000    0.00000
   0.00000   -0.00000   -0.00000    0.00000    0.00000    0.00000   -0.00000   -0.00000
   0.00000   -0.00000   -0.00000    0.00000    0.00000    0.00000    0.00000    0.00000
   0.00000    0.00000    0.00000   -0.00000    0.00000   -0.00000   -0.00000    0.00000
  -0.00000   -0.00000   -0.00000   -0.00000   -0.00000   -0.00000    0.00000    0.00000
  -0.00000   -0.00000    0.00000   -0.00000   -0.00000   -0.00000    0.00000    0.00000
  -0.00000    0.00000   -0.00000    0.00000    0.00000    0.00000    0.00000   -0.00000
   0.00000   -0.00000   -0.00000   -0.00000   -0.00000   -0.00000   -0.00000    0.00000
   0.00000   -0.00000    0.00000    0.00000    0.00000    0.00000   -0.00000    0.00000
   0.00000    0.00000    0.00000   -0.00000   -0.00000    0.00000   -0.00000    0.00000
   0.00000    0.00000    0.00000   -0.00000    0.00000   -0.00000   -0.00000    0.00000
  -0.00000   -0.00000   -0.00000   -0.00000   -0.00000   -0.00000    0.00000   -0.00000
   0.00000   -0.00000    0.00000    0.00000   -0.00000   -0.00000   -0.00000    0.00000
   0.00000    0.00000    0.00000   -0.00000   -0.00000   -0.00000    0.00000   -0.00000
  -0.00000    0.00000    0.00000    0.00000   -0.00000    0.00000    0.00000   -0.00000
  -0.00000   -0.00000   -0.00000    0.00000   -0.00000   -0.00000   -0.00000    0.00000
  -0.00000    0.00000    0.00000    0.00000   -0.00000   -0.00000   -0.00000   -0.00000
  -0.00000   -0.00000   -0.00000    0.00000    0.00000    0.00000    0.00000    0.00000
  -0.00000   -0.00000   -0.00000    0.00000    0.00000    0.00000    0.00000   -0.00000
  -0.00000   -0.00000    0.00000   -0.00000    0.00000    0.00000   -0.00000   -0.00000
   0.00000   -0.00000    0.00000    0.00000   -0.00000   -0.00000    0.00000   -0.00000
  -0.00000    0.00000   -0.00000   -0.00000   -0.00000   -0.00000   -0.00000   -0.00000
   0.00000   -0.00000    0.00000    0.00000    0.00000   -0.00000    0.00000   -0.00000
   0.00000   -0.00000    0.00000   -0.00000    0.00000   -0.00000    0.00000    0.00000
   0.00000   -0.00000   -0.00000    0.00000    0.00000    0.00000   -0.00000    0.00000
  -0.00000    0.00000    0.00000    0.00000   -0.00000    0.00000   -0.00000   -0.00000
   0.00000   -0.00000    0.00000   -0.00000   -0.00000    0.00000    0.00000    0.00000
   0.00000   -0.00000    0.00000    0.00000   -0.00000   -0.00000   -0.00000   -0.00000
  -0.00000    0.00000    0.00000   -0.00000    0.00000    0.00000    0.00000    0.00000
  -0.00000    0.00000    0.00000   -0.00000   -0.00000   -0.00000   -0.00000   -0.00000
   0.00000    0.00000    0.00000   -0.00000   -0.00000   -0.00000   -0.00000   -0.00000
  -0.00000   -0.00000   -0.00000   -0.00000   -0.00000    0.00000    0.00000   -0.00000
  -0.00000   -0.00000   -0.00000   -0.00000   -0.00000    0.00000    0.00000   -0.00000
  -0.00000   -0.00000    0.00000    0.00000   -0.00000    0.00000   -0.00000    0.00000
 kpt#   6, nband=320, wtk=  0.05556, kpt= -0.0833  0.0833  0.5000 (reduced coord)
  -0.00000    0.00000    0.00000   -0.00000   -0.00000   -0.00000    0.00000   -0.00000
  -0.00000    0.00000   -0.00000   -0.00000    0.00000    0.00000   -0.00000    0.00000
   0.00000   -0.00000   -0.00000   -0.00000   -0.00000   -0.00000    0.00000    0.00000
   0.00000   -0.00000    0.00000    0.00000    0.00000    0.00000    0.00000    0.00000
  -0.00000    0.00000    0.00000   -0.00000    0.00000    0.00000    0.00000    0.00000
   0.00000    0.00000   -0.00000    0.00000   -0.00000    0.00000   -0.00000   -0.00000
   0.00000    0.00000   -0.00000    0.00000   -0.00000    0.00000    0.00000   -0.00000
   0.00000    0.00000    0.00000    0.00000    0.00000   -0.00000    0.00000    0.00000
   0.00000    0.00000   -0.00000   -0.00000   -0.00000    0.00000   -0.00000   -0.00000
  -0.00000   -0.00000    0.00000   -0.00000    0.00000    0.00000   -0.00000    0.00000
   0.00000   -0.00000    0.00000   -0.00000    0.00000    0.00000    0.00000   -0.00000
  -0.00000    0.00000   -0.00000    0.00000   -0.00000    0.00000    0.00000    0.00000
  -0.00000    0.00000    0.00000    0.00000    0.00000   -0.00000    0.00000    0.00000
  -0.00000    0.00000   -0.00000    0.00000    0.00000   -0.00000    0.00000   -0.00000
   0.00000   -0.00000   -0.00000   -0.00000    0.00000    0.00000    0.00000    0.00000
   0.00000   -0.00000    0.00000    0.00000    0.00000    0.00000    0.00000   -0.00000
   0.00000    0.00000   -0.00000   -0.00000   -0.00000   -0.00000    0.00000   -0.00000
   0.00000    0.00000   -0.00000    0.00000   -0.00000   -0.00000    0.00000   -0.00000
   0.00000    0.00000   -0.00000    0.00000   -0.00000    0.00000   -0.00000    0.00000
   0.00000    0.00000   -0.00000   -0.00000    0.00000    0.00000   -0.00000    0.00000
  -0.00000   -0.00000    0.00000   -0.00000   -0.00000   -0.00000    0.00000   -0.00000
  -0.00000    0.00000   -0.00000   -0.00000    0.00000   -0.00000    0.00000   -0.00000
  -0.00000   -0.00000    0.00000   -0.00000    0.00000   -0.00000    0.00000   -0.00000
   0.00000    0.00000    0.00000   -0.00000   -0.00000    0.00000   -0.00000    0.00000
   0.00000    0.00000   -0.00000    0.00000    0.00000    0.00000   -0.00000    0.00000
   0.00000    0.00000   -0.00000   -0.00000    0.00000    0.00000    0.00000    0.00000
  -0.00000   -0.00000   -0.00000   -0.00000    0.00000   -0.00000   -0.00000   -0.00000
   0.00000   -0.00000    0.00000   -0.00000    0.00000   -0.00000   -0.00000   -0.00000
   0.00000   -0.00000    0.00000   -0.00000    0.00000   -0.00000    0.00000    0.00000
  -0.00000    0.00000    0.00000   -0.00000    0.00000    0.00000   -0.00000   -0.00000
  -0.00000   -0.00000   -0.00000    0.00000    0.00000   -0.00000   -0.00000    0.00000
   0.00000   -0.00000    0.00000    0.00000   -0.00000    0.00000    0.00000   -0.00000
   0.00000   -0.00000   -0.00000    0.00000   -0.00000   -0.00000   -0.00000   -0.00000
   0.00000   -0.00000   -0.00000   -0.00000    0.00000   -0.00000    0.00000    0.00000
  -0.00000    0.00000   -0.00000   -0.00000   -0.00000   -0.00000    0.00000    0.00000
  -0.00000   -0.00000   -0.00000   -0.00000   -0.00000    0.00000   -0.00000   -0.00000
   0.00000    0.00000   -0.00000    0.00000   -0.00000    0.00000   -0.00000    0.00000
   0.00000   -0.00000    0.00000    0.00000    0.00000    0.00000   -0.00000   -0.00000
   0.00000   -0.00000   -0.00000    0.00000    0.00000    0.00000    0.00000    0.00000
   0.00000   -0.00000   -0.00000    0.00000   -0.00000   -0.00000   -0.00001    0.00000
 kpt#   7, nband=320, wtk=  0.05556, kpt=  0.0833  0.2500  0.5000 (reduced coord)
   0.00000    0.00000   -0.00000   -0.00000    0.00000   -0.00000    0.00000    0.00000
  -0.00000    0.00000    0.00000   -0.00000    0.00000   -0.00000    0.00000   -0.00000
   0.00000    0.00000    0.00000   -0.00000   -0.00000    0.00000    0.00000   -0.00000
   0.00000   -0.00000   -0.00000    0.00000    0.00000   -0.00000    0.00000   -0.00000
   0.00000    0.00000    0.00000    0.00000    0.00000   -0.00000    0.00000   -0.00000
  -0.00000   -0.00000    0.00000   -0.00000    0.00000   -0.00000    0.00000    0.00000
   0.00000    0.00000    0.00000   -0.00000   -0.00000    0.00000    0.00000   -0.00000
  -0.00000    0.00000    0.00000   -0.00000   -0.00000   -0.00000    0.00000    0.00000
   0.00000    0.00000    0.00000   -0.00000   -0.00000   -0.00000   -0.00000    0.00000
  -0.00000    0.00000   -0.00000    0.00000   -0.00000    0.00000    0.00000   -0.00000
   0.00000    0.00000    0.00000    0.00000    0.00000    0.00000   -0.00000   -0.00000
   0.00000    0.00000   -0.00000    0.00000    0.00000    0.00000   -0.00000   -0.00000
   0.00000   -0.00000    0.00000   -0.00000    0.00000   -0.00000    0.00000   -0.00000
  -0.00000    0.00000    0.00000    0.00000    0.00000    0.00000    0.00000   -0.00000
  -0.00000    0.00000   -0.00000   -0.00000   -0.00000   -0.00000    0.00000   -0.00000
  -0.00000   -0.00000   -0.00000    0.00000    0.00000   -0.00000    0.00000   -0.00000
  -0.00000   -0.00000   -0.00000    0.00000   -0.00000    0.00000    0.00000   -0.00000
   0.00000    0.00000    0.00000   -0.00000    0.00000    0.00000   -0.00000    0.00000
  -0.00000    0.00000   -0.00000   -0.00000    0.00000    0.00000    0.00000   -0.00000
  -0.00000   -0.00000   -0.00000    0.00000    0.00000    0.00000   -0.00000    0.00000
   0.00000   -0.00000   -0.00000   -0.00000    0.00000   -0.00000   -0.00000    0.00000
   0.00000    0.00000    0.00000   -0.00000    0.00000    0.00000    0.00000   -0.00000
   0.00000   -0.00000   -0.00000   -0.00000    0.00000    0.00000    0.00000   -0.00000
   0.00000    0.00000   -0.00000   -0.00000   -0.00000   -0.00000   -0.00000   -0.00000
   0.00000    0.00000    0.00000   -0.00000   -0.00000   -0.00000   -0.00000    0.00000
   0.00000    0.00000   -0.00000    0.00000   -0.00000   -0.00000    0.00000    0.00000
  -0.00000    0.00000   -0.00000   -0.00000   -0.00000   -0.00000   -0.00000    0.00000
   0.00000   -0.00000    0.00000    0.00000    0.00000    0.00000    0.00000    0.00000
  -0.00000    0.00000   -0.00000   -0.00000   -0.00000    0.00000   -0.00000    0.00000
  -0.00000    0.00000   -0.00000    0.00000   -0.00000    0.00000   -0.00000   -0.00000
  -0.00000    0.00000    0.00000   -0.00000   -0.00000   -0.00000    0.00000   -0.00000
   0.00000   -0.00000   -0.00000   -0.00000    0.00000   -0.00000    0.00000    0.00000
  -0.00000    0.00000   -0.00000    0.00000    0.00000    0.00000   -0.00000   -0.00000
  -0.00000    0.00000   -0.00000   -0.00000    0.00000    0.00000    0.00000    0.00000
   0.00000   -0.00000   -0.00000    0.00000   -0.00000   -0.00000   -0.00000   -0.00000
   0.00000   -0.00000   -0.00000    0.00000    0.00000    0.00000    0.00000    0.00000
  -0.00000   -0.00000   -0.00000    0.00000    0.00000    0.00000    0.00000    0.00000
   0.00000    0.00000   -0.00000    0.00000    0.00000   -0.00000   -0.00000    0.00000
   0.00000    0.00000    0.00000    0.00000    0.00000   -0.00000    0.00000    0.00000
   0.00000   -0.00000   -0.00000   -0.00000    0.00000   -0.00000    0.00000   -0.00000
 kpt#   8, nband=320, wtk=  0.05556, kpt=  0.2500  0.2500  0.5000 (reduced coord)
  -0.00000   -0.00000   -0.00000   -0.00000    0.00000   -0.00000    0.00000   -0.00000
   0.00000    0.00000    0.00000    0.00000   -0.00000   -0.00000   -0.00000    0.00000
   0.00000   -0.00000   -0.00000   -0.00000   -0.00000    0.00000    0.00000   -0.00000
  -0.00000   -0.00000    0.00000    0.00000   -0.00000    0.00000   -0.00000    0.00000
  -0.00000    0.00000    0.00000   -0.00000   -0.00000   -0.00000   -0.00000    0.00000
  -0.00000    0.00000    0.00000    0.00000   -0.00000    0.00000   -0.00000    0.00000
  -0.00000   -0.00000    0.00000   -0.00000    0.00000    0.00000    0.00000   -0.00000
   0.00000    0.00000    0.00000   -0.00000    0.00000    0.00000    0.00000   -0.00000
  -0.00000    0.00000    0.00000    0.00000    0.00000   -0.00000   -0.00000   -0.00000
   0.00000    0.00000    0.00000   -0.00000   -0.00000    0.00000   -0.00000    0.00000
  -0.00000   -0.00000   -0.00000    0.00000   -0.00000   -0.00000    0.00000    0.00000
   0.00000   -0.00000    0.00000   -0.00000    0.00000    0.00000    0.00000    0.00000
  -0.00000    0.00000   -0.00000    0.00000   -0.00000    0.00000   -0.00000    0.00000
   0.00000   -0.00000    0.00000   -0.00000   -0.00000    0.00000   -0.00000   -0.00000
   0.00000   -0.00000   -0.00000    0.00000    0.00000   -0.00000   -0.00000    0.00000
   0.00000    0.00000    0.00000    0.00000    0.00000   -0.00000    0.00000    0.00000
   0.00000    0.00000   -0.00000    0.00000    0.00000    0.00000   -0.00000    0.00000
   0.00000    0.00000    0.00000   -0.00000    0.00000    0.00000    0.00000   -0.00000
   0.00000    0.00000    0.00000   -0.00000   -0.00000   -0.00000   -0.00000    0.00000
  -0.00000   -0.00000    0.00000   -0.00000   -0.00000   -0.00000    0.00000    0.00000
   0.00000    0.00000    0.00000    0.00000    0.00000    0.00000   -0.00000    0.00000
   0.00000    0.00000    0.00000   -0.00000    0.00000   -0.00000   -0.00000   -0.00000
  -0.00000    0.00000    0.00000   -0.00000    0.00000   -0.00000   -0.00000    0.00000
  -0.00000   -0.00000    0.00000   -0.00000   -0.00000   -0.00000   -0.00000    0.00000
  -0.00000    0.00000    0.00000   -0.00000    0.00000   -0.00000    0.00000   -0.00000
  -0.00000    0.00000    0.00000    0.00000   -0.00000    0.00000   -0.00000   -0.00000
   0.00000   -0.00000   -0.00000    0.00000    0.00000   -0.00000    0.00000   -0.00000
  -0.00000    0.00000   -0.00000    0.00000   -0.00000   -0.00000   -0.00000    0.00000
  -0.00000   -0.00000    0.00000    0.00000    0.00000   -0.00000   -0.00000   -0.00000
  -0.00000    0.00000   -0.00000    0.00000    0.00000    0.00000   -0.00000    0.00000
   0.00000   -0.00000   -0.00000    0.00000   -0.00000   -0.00000   -0.00000    0.00000
   0.00000   -0.00000    0.00000    0.00000   -0.00000   -0.00000    0.00000   -0.00000
  -0.00000    0.00000   -0.00000    0.00000   -0.00000    0.00000   -0.00000    0.00000
  -0.00000    0.00000   -0.00000    0.00000   -0.00000    0.00000   -0.00000   -0.00000
   0.00000   -0.00000    0.00000   -0.00000    0.00000   -0.00000   -0.00000    0.00000
   0.00000   -0.00000   -0.00000   -0.00000   -0.00000    0.00000    0.00000    0.00000
  -0.00000   -0.00000   -0.00000   -0.00000   -0.00000    0.00000    0.00000    0.00000
   0.00000    0.00000    0.00000    0.00000    0.00000   -0.00000    0.00000   -0.00000
  -0.00000    0.00000   -0.00000    0.00000   -0.00000   -0.00000    0.00000   -0.00000
  -0.00000   -0.00000    0.00000   -0.00000    0.00000   -0.00000    0.00000    0.00103
 kpt#   9, nband=320, wtk=  0.05556, kpt=  0.4167  0.2500  0.5000 (reduced coord)
   0.00000    0.00000   -0.00000   -0.00000    0.00000    0.00000   -0.00000    0.00000
   0.00000   -0.00000   -0.00000   -0.00000   -0.00000   -0.00000    0.00000    0.00000
   0.00000    0.00000   -0.00000   -0.00000    0.00000    0.00000   -0.00000   -0.00000
   0.00000    0.00000    0.00000   -0.00000    0.00000   -0.00000   -0.00000    0.00000
   0.00000    0.00000   -0.00000   -0.00000   -0.00000    0.00000   -0.00000    0.00000
   0.00000    0.00000    0.00000   -0.00000    0.00000   -0.00000    0.00000    0.00000
   0.00000   -0.00000    0.00000   -0.00000    0.00000   -0.00000   -0.00000   -0.00000
  -0.00000   -0.00000    0.00000   -0.00000    0.00000    0.00000   -0.00000   -0.00000
  -0.00000   -0.00000   -0.00000    0.00000   -0.00000    0.00000   -0.00000    0.00000
  -0.00000    0.00000    0.00000   -0.00000    0.00000   -0.00000    0.00000    0.00000
   0.00000   -0.00000   -0.00000   -0.00000    0.00000    0.00000   -0.00000    0.00000
  -0.00000    0.00000    0.00000   -0.00000    0.00000   -0.00000    0.00000   -0.00000
  -0.00000   -0.00000   -0.00000   -0.00000   -0.00000   -0.00000   -0.00000   -0.00000
   0.00000   -0.00000   -0.00000   -0.00000   -0.00000   -0.00000    0.00000   -0.00000
  -0.00000    0.00000   -0.00000   -0.00000   -0.00000   -0.00000   -0.00000    0.00000
  -0.00000   -0.00000   -0.00000    0.00000   -0.00000    0.00000   -0.00000   -0.00000
  -0.00000   -0.00000   -0.00000    0.00000   -0.00000   -0.00000    0.00000   -0.00000
  -0.00000   -0.00000    0.00000    0.00000   -0.00000   -0.00000    0.00000   -0.00000
  -0.00000    0.00000   -0.00000    0.00000   -0.00000    0.00000   -0.00000   -0.00000
  -0.00000   -0.00000   -0.00000    0.00000    0.00000    0.00000    0.00000    0.00000
  -0.00000    0.00000    0.00000   -0.00000    0.00000    0.00000    0.00000    0.00000
   0.00000   -0.00000   -0.00000    0.00000    0.00000   -0.00000   -0.00000    0.00000
   0.00000    0.00000    0.00000   -0.00000    0.00000    0.00000    0.00000   -0.00000
  -0.00000    0.00000   -0.00000    0.00000    0.00000   -0.00000   -0.00000   -0.00000
  -0.00000    0.00000   -0.00000   -0.00000    0.00000    0.00000   -0.00000    0.00000
   0.00000    0.00000   -0.00000    0.00000    0.00000    0.00000   -0.00000   -0.00000
   0.00000    0.00000   -0.00000   -0.00000   -0.00000   -0.00000    0.00000    0.00000
   0.00000   -0.00000    0.00000    0.00000    0.00000   -0.00000   -0.00000    0.00000
  -0.00000   -0.00000    0.00000    0.00000   -0.00000    0.00000   -0.00000   -0.00000
   0.00000   -0.00000    0.00000    0.00000    0.00000    0.00000    0.00000    0.00000
   0.00000    0.00000    0.00000    0.00000   -0.00000   -0.00000   -0.00000    0.00000
  -0.00000   -0.00000   -0.00000   -0.00000   -0.00000    0.00000   -0.00000   -0.00000
  -0.00000   -0.00000   -0.00000    0.00000    0.00000    0.00000    0.00000   -0.00000
   0.00000    0.00000    0.00000    0.00000   -0.00000    0.00000   -0.00000    0.00000
  -0.00000   -0.00000   -0.00000   -0.00000   -0.00000   -0.00000   -0.00000    0.00000
   0.00000    0.00000    0.00000   -0.00000    0.00000   -0.00000   -0.00000    0.00000
   0.00000    0.00000    0.00000   -0.00000    0.00000   -0.00000   -0.00000   -0.00000
  -0.00000    0.00000    0.00000   -0.00000   -0.00000    0.00000   -0.00000    0.00000
  -0.00000    0.00000    0.00000    0.00000    0.00000    0.00000    0.00000   -0.00000
  -0.00000    0.00000   -0.00000    0.00000   -0.00000    0.00000   -0.00000   -0.00003
 kpt#  10, nband=320, wtk=  0.05556, kpt= -0.4167  0.2500  0.5000 (reduced coord)
  -0.00000   -0.00000    0.00000    0.00000   -0.00000   -0.00000    0.00000   -0.00000
  -0.00000   -0.00000    0.00000    0.00000    0.00000    0.00000    0.00000   -0.00000
  -0.00000   -0.00000    0.00000    0.00000   -0.00000   -0.00000    0.00000   -0.00000
  -0.00000   -0.00000   -0.00000    0.00000   -0.00000    0.00000    0.00000   -0.00000
  -0.00000   -0.00000    0.00000    0.00000    0.00000   -0.00000    0.00000   -0.00000
  -0.00000   -0.00000   -0.00000    0.00000   -0.00000    0.00000   -0.00000   -0.00000
  -0.00000    0.00000   -0.00000    0.00000   -0.00000    0.00000    0.00000    0.00000
   0.00000    0.00000   -0.00000    0.00000   -0.00000   -0.00000    0.00000    0.00000
   0.00000    0.00000    0.00000   -0.00000    0.00000   -0.00000    0.00000   -0.00000
   0.00000   -0.00000   -0.00000    0.00000   -0.00000   -0.00000   -0.00000   -0.00000
   0.00000    0.00000    0.00000    0.00000   -0.00000   -0.00000    0.00000   -0.00000
   0.00000   -0.00000   -0.00000    0.00000   -0.00000    0.00000   -0.00000    0.00000
   0.00000    0.00000    0.00000    0.00000    0.00000    0.00000    0.00000    0.00000
  -0.00000    0.00000    0.00000    0.00000    0.00000    0.00000   -0.00000    0.00000
   0.00000   -0.00000    0.00000    0.00000   -0.00000    0.00000    0.00000   -0.00000
   0.00000    0.00000    0.00000   -0.00000    0.00000   -0.00000    0.00000    0.00000
   0.00000    0.00000    0.00000   -0.00000    0.00000    0.00000   -0.00000    0.00000
   0.00000    0.00000   -0.00000   -0.00000    0.00000    0.00000   -0.00000    0.00000
   0.00000   -0.00000    0.00000   -0.00000    0.00000   -0.00000    0.00000    0.00000
   0.00000    0.00000    0.00000   -0.00000   -0.00000   -0.00000   -0.00000   -0.00000
   0.00000   -0.00000   -0.00000    0.00000   -0.00000   -0.00000   -0.00000   -0.00000
  -0.00000    0.00000    0.00000   -0.00000   -0.00000    0.00000    0.00000   -0.00000
  -0.00000   -0.00000   -0.00000    0.00000   -0.00000   -0.00000   -0.00000    0.00000
   0.00000   -0.00000    0.00000   -0.00000   -0.00000    0.00000    0.00000    0.00000
   0.00000   -0.00000   -0.00000    0.00000   -0.00000   -0.00000    0.00000   -0.00000
  -0.00000   -0.00000    0.00000   -0.00000   -0.00000   -0.00000    0.00000    0.00000
  -0.00000   -0.00000    0.00000    0.00000    0.00000    0.00000   -0.00000   -0.00000
  -0.00000    0.00000   -0.00000   -0.00000   -0.00000    0.00000    0.00000   -0.00000
   0.00000    0.00000   -0.00000    0.00000    0.00000   -0.00000    0.00000    0.00000
  -0.00000    0.00000   -0.00000   -0.00000   -0.00000   -0.00000   -0.00000   -0.00000
  -0.00000   -0.00000   -0.00000   -0.00000    0.00000    0.00000    0.00000   -0.00000
   0.00000    0.00000    0.00000    0.00000    0.00000   -0.00000    0.00000   -0.00000
   0.00000    0.00000    0.00000   -0.00000   -0.00000   -0.00000   -0.00000    0.00000
  -0.00000   -0.00000   -0.00000   -0.00000    0.00000   -0.00000    0.00000   -0.00000
   0.00000    0.00000    0.00000    0.00000   -0.00000    0.00000    0.00000   -0.00000
   0.00000   -0.00000   -0.00000    0.00000   -0.00000    0.00000    0.00000   -0.00000
  -0.00000   -0.00000   -0.00000    0.00000   -0.00000    0.00000    0.00000    0.00000
   0.00000   -0.00000   -0.00000    0.00000    0.00000   -0.00000    0.00000   -0.00000
   0.00000   -0.00000   -0.00000   -0.00000   -0.00000   -0.00000   -0.00000    0.00000
   0.00000   -0.00000    0.00000   -0.00000    0.00000   -0.00000    0.00000    0.00003
 kpt#  11, nband=320, wtk=  0.05556, kpt= -0.2500  0.2500  0.5000 (reduced coord)
   0.00000    0.00000    0.00000    0.00000   -0.00000   -0.00000    0.00000    0.00000
  -0.00000    0.00000   -0.00000   -0.00000    0.00000    0.00000    0.00000   -0.00000
   0.00000    0.00000    0.00000   -0.00000    0.00000    0.00000   -0.00000   -0.00000
   0.00000    0.00000   -0.00000   -0.00000    0.00000   -0.00000   -0.00000   -0.00000
   0.00000   -0.00000   -0.00000    0.00000    0.00000    0.00000    0.00000   -0.00000
   0.00000   -0.00000   -0.00000   -0.00000    0.00000   -0.00000    0.00000   -0.00000
   0.00000    0.00000   -0.00000    0.00000   -0.00000   -0.00000   -0.00000    0.00000
  -0.00000   -0.00000   -0.00000    0.00000   -0.00000   -0.00000   -0.00000    0.00000
  -0.00000    0.00000   -0.00000   -0.00000   -0.00000    0.00000    0.00000    0.00000
  -0.00000   -0.00000   -0.00000    0.00000    0.00000   -0.00000    0.00000   -0.00000
   0.00000    0.00000    0.00000   -0.00000    0.00000    0.00000   -0.00000   -0.00000
  -0.00000    0.00000   -0.00000    0.00000   -0.00000   -0.00000   -0.00000   -0.00000
   0.00000   -0.00000    0.00000   -0.00000    0.00000   -0.00000    0.00000   -0.00000
  -0.00000    0.00000   -0.00000    0.00000    0.00000   -0.00000    0.00000    0.00000
  -0.00000    0.00000    0.00000   -0.00000   -0.00000    0.00000    0.00000   -0.00000
  -0.00000   -0.00000   -0.00000   -0.00000   -0.00000    0.00000   -0.00000   -0.00000
  -0.00000   -0.00000    0.00000   -0.00000   -0.00000   -0.00000    0.00000   -0.00000
  -0.00000   -0.00000   -0.00000    0.00000   -0.00000   -0.00000   -0.00000    0.00000
  -0.00000   -0.00000   -0.00000    0.00000    0.00000    0.00000    0.00000   -0.00000
   0.00000    0.00000   -0.00000    0.00000    0.00000    0.00000   -0.00000   -0.00000
  -0.00000   -0.00000   -0.00000   -0.00000   -0.00000   -0.00000    0.00000   -0.00000
  -0.00000   -0.00000   -0.00000    0.00000   -0.00000    0.00000    0.00000    0.00000
   0.00000   -0.00000   -0.00000    0.00000   -0.00000    0.00000    0.00000   -0.00000
   0.00000    0.00000   -0.00000    0.00000    0.00000    0.00000    0.00000   -0.00000
   0.00000   -0.00000   -0.00000    0.00000   -0.00000    0.00000   -0.00000    0.00000
   0.00000   -0.00000   -0.00000   -0.00000    0.00000   -0.00000    0.00000    0.00000
  -0.00000    0.00000    0.00000   -0.00000   -0.00000    0.00000    0.00000    0.00000
   0.00000   -0.00000    0.00000   -0.00000    0.00000    0.00000    0.00000   -0.00000
   0.00000    0.00000   -0.00000   -0.00000   -0.00000    0.00000    0.00000    0.00000
   0.00000   -0.00000    0.00000   -0.00000   -0.00000   -0.00000    0.00000   -0.00000
  -0.00000    0.00000    0.00000   -0.00000    0.00000    0.00000    0.00000   -0.00000
  -0.00000    0.00000   -0.00000   -0.00000    0.00000    0.00000   -0.00000    0.00000
   0.00000   -0.00000    0.00000   -0.00000    0.00000   -0.00000    0.00000   -0.00000
   0.00000   -0.00000    0.00000   -0.00000    0.00000   -0.00000    0.00000    0.00000
  -0.00000    0.00000   -0.00000    0.00000   -0.00000    0.00000    0.00000   -0.00000
  -0.00000    0.00000    0.00000    0.00000    0.00000   -0.00000   -0.00000   -0.00000
   0.00000    0.00000    0.00000    0.00000    0.00000   -0.00000   -0.00000   -0.00000
  -0.00000   -0.00000   -0.00000   -0.00000   -0.00000    0.00000   -0.00000    0.00000
   0.00000   -0.00000    0.00000   -0.00000    0.00000    0.00000   -0.00000    0.00000
   0.00000    0.00000   -0.00000    0.00000   -0.00000    0.00000   -0.00000   -0.00103
 kpt#  12, nband=320, wtk=  0.05556, kpt= -0.0833  0.2500  0.5000 (reduced coord)
  -0.00000   -0.00000    0.00000    0.00000   -0.00000    0.00000   -0.00000    0.00000
   0.00000   -0.00000   -0.00000   -0.00000   -0.00000    0.00000   -0.00000    0.00000
  -0.00000   -0.00000   -0.00000    0.00000    0.00000   -0.00000   -0.00000    0.00000
  -0.00000    0.00000    0.00000   -0.00000    0.00000    0.00000   -0.00000    0.00000
  -0.00000   -0.00000   -0.00000   -0.00000   -0.00000    0.00000   -0.00000    0.00000
   0.00000    0.00000    0.00000    0.00000   -0.00000    0.00000   -0.00000    0.00000
  -0.00000   -0.00000   -0.00000    0.00000    0.00000   -0.00000   -0.00000    0.00000
   0.00000   -0.00000   -0.00000    0.00000    0.00000    0.00000   -0.00000   -0.00000
   0.00000   -0.00000   -0.00000    0.00000    0.00000    0.00000    0.00000    0.00000
   0.00000    0.00000    0.00000   -0.00000    0.00000   -0.00000   -0.00000    0.00000
  -0.00000   -0.00000   -0.00000   -0.00000   -0.00000   -0.00000    0.00000    0.00000
  -0.00000   -0.00000    0.00000   -0.00000   -0.00000   -0.00000    0.00000    0.00000
  -0.00000    0.00000   -0.00000    0.00000    0.00000    0.00000    0.00000   -0.00000
   0.00000   -0.00000   -0.00000   -0.00000   -0.00000   -0.00000   -0.00000    0.00000
   0.00000   -0.00000    0.00000    0.00000    0.00000    0.00000   -0.00000    0.00000
   0.00000    0.00000    0.00000   -0.00000   -0.00000    0.00000   -0.00000    0.00000
   0.00000    0.00000    0.00000   -0.00000    0.00000   -0.00000   -0.00000    0.00000
  -0.00000   -0.00000   -0.00000   -0.00000   -0.00000   -0.00000    0.00000   -0.00000
   0.00000   -0.00000    0.00000    0.00000   -0.00000   -0.00000   -0.00000    0.00000
   0.00000    0.00000    0.00000   -0.00000   -0.00000   -0.00000    0.00000   -0.00000
  -0.00000    0.00000    0.00000    0.00000   -0.00000    0.00000    0.00000   -0.00000
  -0.00000   -0.00000   -0.00000    0.00000   -0.00000   -0.00000   -0.00000    0.00000
  -0.00000    0.00000    0.00000    0.00000   -0.00000   -0.00000   -0.00000   -0.00000
  -0.00000   -0.00000    0.00000   -0.00000    0.00000    0.00000    0.00000    0.00000
  -0.00000   -0.00000   -0.00000    0.00000    0.00000    0.00000    0.00000   -0.00000
  -0.00000   -0.00000    0.00000   -0.00000    0.00000    0.00000   -0.00000   -0.00000
   0.00000   -0.00000    0.00000   -0.00000    0.00000    0.00000    0.00000   -0.00000
  -0.00000    0.00000   -0.00000   -0.00000   -0.00000   -0.00000   -0.00000   -0.00000
   0.00000   -0.00000    0.00000    0.00000    0.00000   -0.00000    0.00000    0.00000
   0.00000   -0.00000    0.00000   -0.00000    0.00000   -0.00000    0.00000    0.00000
   0.00000   -0.00000   -0.00000    0.00000    0.00000    0.00000   -0.00000    0.00000
  -0.00000    0.00000    0.00000    0.00000   -0.00000    0.00000   -0.00000   -0.00000
   0.00000   -0.00000    0.00000   -0.00000    0.00000   -0.00000    0.00000    0.00000
   0.00000   -0.00000    0.00000    0.00000   -0.00000   -0.00000   -0.00000   -0.00000
  -0.00000    0.00000    0.00000   -0.00000    0.00000    0.00000    0.00000    0.00000
  -0.00000    0.00000    0.00000   -0.00000   -0.00000   -0.00000   -0.00000   -0.00000
   0.00000    0.00000    0.00000   -0.00000   -0.00000   -0.00000   -0.00000   -0.00000
  -0.00000   -0.00000   -0.00000   -0.00000   -0.00000    0.00000    0.00000   -0.00000
  -0.00000   -0.00000   -0.00000   -0.00000   -0.00000    0.00000    0.00000   -0.00000
  -0.00000   -0.00000    0.00000    0.00000   -0.00000    0.00000   -0.00000    0.00000
 kpt#  13, nband=320, wtk=  0.05556, kpt=  0.0833  0.4167  0.5000 (reduced coord)
  -0.00000    0.00000   -0.00000    0.00000   -0.00000   -0.00000    0.00000    0.00000
  -0.00000    0.00000    0.00000   -0.00000    0.00000   -0.00000    0.00000    0.00000
   0.00000    0.00000   -0.00000   -0.00000   -0.00000    0.00000    0.00000   -0.00000
  -0.00000   -0.00000   -0.00000    0.00000    0.00000    0.00000    0.00000   -0.00000
  -0.00000   -0.00000    0.00000    0.00000   -0.00000    0.00000    0.00000   -0.00000
  -0.00000   -0.00000    0.00000    0.00000   -0.00000    0.00000    0.00000   -0.00000
   0.00000    0.00000   -0.00000   -0.00000    0.00000   -0.00000    0.00000    0.00000
   0.00000    0.00000    0.00000    0.00000   -0.00000    0.00000   -0.00000    0.00000
  -0.00000    0.00000    0.00000    0.00000    0.00000   -0.00000   -0.00000   -0.00000
  -0.00000    0.00000    0.00000    0.00000   -0.00000   -0.00000    0.00000   -0.00000
  -0.00000    0.00000    0.00000   -0.00000    0.00000    0.00000    0.00000   -0.00000
  -0.00000   -0.00000    0.00000    0.00000    0.00000   -0.00000   -0.00000   -0.00000
   0.00000    0.00000    0.00000    0.00000    0.00000    0.00000    0.00000   -0.00000
  -0.00000   -0.00000   -0.00000   -0.00000   -0.00000   -0.00000    0.00000   -0.00000
  -0.00000   -0.00000    0.00000    0.00000    0.00000   -0.00000    0.00000   -0.00000
   0.00000   -0.00000    0.00000    0.00000    0.00000    0.00000   -0.00000   -0.00000
   0.00000   -0.00000    0.00000    0.00000   -0.00000    0.00000    0.00000    0.00000
   0.00000    0.00000   -0.00000   -0.00000   -0.00000    0.00000    0.00000   -0.00000
  -0.00000   -0.00000   -0.00000    0.00000   -0.00000   -0.00000   -0.00000    0.00000
   0.00000    0.00000    0.00000    0.00000    0.00000   -0.00000   -0.00000    0.00000
   0.00000    0.00000    0.00000   -0.00000    0.00000    0.00000   -0.00000   -0.00000
   0.00000   -0.00000   -0.00000    0.00000   -0.00000   -0.00000   -0.00000    0.00000
   0.00000    0.00000   -0.00000   -0.00000    0.00000    0.00000   -0.00000   -0.00000
  -0.00000    0.00000   -0.00000   -0.00000   -0.00000    0.00000   -0.00000   -0.00000
   0.00000    0.00000   -0.00000    0.00000    0.00000   -0.00000    0.00000    0.00000
   0.00000    0.00000    0.00000   -0.00000   -0.00000    0.00000    0.00000    0.00000
   0.00000    0.00000    0.00000    0.00000   -0.00000    0.00000    0.00000    0.00000
  -0.00000   -0.00000   -0.00000   -0.00000   -0.00000   -0.00000   -0.00000   -0.00000
   0.00000   -0.00000    0.00000   -0.00000    0.00000    0.00000    0.00000    0.00000
  -0.00000    0.00000    0.00000    0.00000   -0.00000   -0.00000   -0.00000    0.00000
  -0.00000    0.00000    0.00000    0.00000    0.00000    0.00000    0.00000    0.00000
   0.00000    0.00000    0.00000    0.00000   -0.00000   -0.00000   -0.00000   -0.00000
   0.00000   -0.00000    0.00000   -0.00000    0.00000   -0.00000    0.00000   -0.00000
   0.00000   -0.00000    0.00000   -0.00000    0.00000   -0.00000   -0.00000    0.00000
   0.00000   -0.00000    0.00000   -0.00000   -0.00000    0.00000    0.00000   -0.00000
   0.00000   -0.00000    0.00000    0.00000   -0.00000   -0.00000   -0.00000   -0.00000
  -0.00000    0.00000    0.00000    0.00000    0.00000   -0.00000    0.00000    0.00000
  -0.00000   -0.00000   -0.00000    0.00000    0.00000   -0.00000   -0.00000   -0.00000
  -0.00000   -0.00000    0.00000    0.00000   -0.00000    0.00000   -0.00000    0.00000
   0.00000    0.00000   -0.00000    0.00000   -0.00000   -0.00000   -0.00000   -0.00000
 kpt#  14, nband=320, wtk=  0.05556, kpt=  0.2500  0.4167  0.5000 (reduced coord)
   0.00000    0.00000   -0.00000   -0.00000    0.00000    0.00000    0.00000    0.00000
   0.00000   -0.00000   -0.00000   -0.00000   -0.00000   -0.00000    0.00000   -0.00000
   0.00000    0.00000   -0.00000   -0.00000    0.00000   -0.00000   -0.00000    0.00000
   0.00000    0.00000    0.00000    0.00000    0.00000   -0.00000   -0.00000    0.00000
   0.00000    0.00000   -0.00000   -0.00000   -0.00000    0.00000    0.00000    0.00000
   0.00000    0.00000    0.00000   -0.00000    0.00000   -0.00000    0.00000    0.00000
   0.00000   -0.00000    0.00000   -0.00000    0.00000   -0.00000   -0.00000   -0.00000
  -0.00000   -0.00000    0.00000   -0.00000    0.00000    0.00000   -0.00000   -0.00000
  -0.00000   -0.00000   -0.00000    0.00000   -0.00000    0.00000   -0.00000    0.00000
  -0.00000    0.00000    0.00000   -0.00000    0.00000    0.00000    0.00000    0.00000
  -0.00000   -0.00000   -0.00000   -0.00000    0.00000    0.00000   -0.00000    0.00000
  -0.00000    0.00000    0.00000   -0.00000    0.00000   -0.00000    0.00000   -0.00000
  -0.00000   -0.00000   -0.00000   -0.00000   -0.00000   -0.00000   -0.00000   -0.00000
   0.00000   -0.00000   -0.00000   -0.00000   -0.00000   -0.00000    0.00000   -0.00000
  -0.00000    0.00000   -0.00000   -0.00000   -0.00000   -0.00000   -0.00000    0.00000
  -0.00000   -0.00000   -0.00000    0.00000   -0.00000    0.00000   -0.00000   -0.00000
  -0.00000   -0.00000   -0.00000    0.00000   -0.00000   -0.00000    0.00000   -0.00000
  -0.00000   -0.00000    0.00000    0.00000   -0.00000   -0.00000    0.00000   -0.00000
  -0.00000    0.00000   -0.00000    0.00000   -0.00000    0.00000   -0.00000   -0.00000
  -0.00000   -0.00000   -0.00000    0.00000    0.00000    0.00000    0.00000    0.00000
  -0.00000    0.00000    0.00000   -0.00000    0.00000    0.00000    0.00000    0.00000
   0.00000   -0.00000   -0.00000    0.00000    0.00000   -0.00000   -0.00000    0.00000
   0.00000    0.00000    0.00000   -0.00000    0.00000    0.00000    0.00000   -0.00000
  -0.00000    0.00000   -0.00000    0.00000   -0.00000   -0.00000   -0.00000   -0.00000
  -0.00000    0.00000    0.00000   -0.00000    0.00000    0.00000   -0.00000    0.00000
   0.00000    0.00000   -0.00000    0.00000    0.00000    0.00000   -0.00000   -0.00000
   0.00000    0.00000   -0.00000   -0.00000   -0.00000   -0.00000    0.00000    0.00000
   0.00000   -0.00000    0.00000    0.00000    0.00000   -0.00000   -0.00000    0.00000
  -0.00000   -0.00000    0.00000    0.00000   -0.00000    0.00000   -0.00000   -0.00000
   0.00000   -0.00000    0.00000    0.00000    0.00000    0.00000    0.00000    0.00000
   0.00000    0.00000    0.00000    0.00000   -0.00000   -0.00000   -0.00000    0.00000
  -0.00000   -0.00000   -0.00000   -0.00000   -0.00000    0.00000   -0.00000    0.00000
  -0.00000   -0.00000   -0.00000    0.00000    0.00000    0.00000    0.00000   -0.00000
   0.00000    0.00000    0.00000    0.00000   -0.00000    0.00000   -0.00000    0.00000
  -0.00000   -0.00000   -0.00000   -0.00000   -0.00000   -0.00000   -0.00000    0.00000
  -0.00000    0.00000    0.00000   -0.00000    0.00000   -0.00000   -0.00000    0.00000
   0.00000    0.00000    0.00000   -0.00000    0.00000    0.00000   -0.00000   -0.00000
  -0.00000    0.00000    0.00000   -0.00000   -0.00000    0.00000   -0.00000    0.00000
   0.00000    0.00000    0.00000    0.00000    0.00000    0.00000    0.00000    0.00000
  -0.00000    0.00000   -0.00000    0.00000   -0.00000    0.00000   -0.00000   -0.00003
 kpt#  15, nband=320, wtk=  0.05556, kpt=  0.4167  0.4167  0.5000 (reduced coord)
   0.00000    0.00000    0.00000   -0.00000    0.00000    0.00000   -0.00000    0.00000
   0.00000    0.00000    0.00000   -0.00000    0.00000   -0.00000    0.00000    0.00000
  -0.00000    0.00000   -0.00000   -0.00000    0.00000   -0.00000    0.00000   -0.00000
   0.00000   -0.00000    0.00000   -0.00000    0.00000    0.00000   -0.00000    0.00000
  -0.00000   -0.00000    0.00000    0.00000    0.00000    0.00000   -0.00000   -0.00000
  -0.00000    0.00000   -0.00000   -0.00000   -0.00000    0.00000   -0.00000   -0.00000
   0.00000   -0.00000    0.00000   -0.00000   -0.00000    0.00000    0.00000   -0.00000
  -0.00000    0.00000    0.00000    0.00000    0.00000   -0.00000   -0.00000   -0.00000
  -0.00000   -0.00000   -0.00000   -0.00000   -0.00000   -0.00000    0.00000    0.00000
   0.00000   -0.00000   -0.00000   -0.00000   -0.00000   -0.00000    0.00000   -0.00000
   0.00000    0.00000    0.00000   -0.00000    0.00000   -0.00000   -0.00000   -0.00000
  -0.00000   -0.00000   -0.00000    0.00000   -0.00000    0.00000   -0.00000   -0.00000
  -0.00000    0.00000   -0.00000    0.00000    0.00000   -0.00000   -0.00000    0.00000
  -0.00000   -0.00000   -0.00000   -0.00000   -0.00000   -0.00000   -0.00000   -0.00000
  -0.00000    0.00000    0.00000   -0.00000   -0.00000   -0.00000   -0.00000   -0.00000
   0.00000    0.00000    0.00000    0.00000   -0.00000    0.00000    0.00000    0.00000
   0.00000   -0.00000   -0.00000   -0.00000    0.00000   -0.00000   -0.00000   -0.00000
  -0.00000   -0.00000    0.00000    0.00000    0.00000   -0.00000   -0.00000    0.00000
  -0.00000   -0.00000   -0.00000   -0.00000   -0.00000    0.00000    0.00000    0.00000
  -0.00000   -0.00000   -0.00000    0.00000   -0.00000    0.00000    0.00000    0.00000
   0.00000    0.00000   -0.00000    0.00000   -0.00000   -0.00000    0.00000   -0.00000
  -0.00000    0.00000   -0.00000   -0.00000    0.00000   -0.00000   -0.00000   -0.00000
   0.00000   -0.00000    0.00000   -0.00000    0.00000   -0.00000    0.00000    0.00000
   0.00000    0.00000   -0.00000   -0.00000    0.00000   -0.00000    0.00000   -0.00000
  -0.00000    0.00000    0.00000    0.00000   -0.00000    0.00000   -0.00000    0.00000
   0.00000   -0.00000    0.00000   -0.00000    0.00000    0.00000   -0.00000   -0.00000
   0.00000   -0.00000    0.00000    0.00000   -0.00000    0.00000   -0.00000   -0.00000
  -0.00000    0.00000   -0.00000   -0.00000    0.00000   -0.00000   -0.00000   -0.00000
   0.00000   -0.00000   -0.00000   -0.00000   -0.00000    0.00000   -0.00000    0.00000
   0.00000    0.00000   -0.00000    0.00000   -0.00000   -0.00000   -0.00000    0.00000
   0.00000   -0.00000    0.00000    0.00000   -0.00000   -0.00000   -0.00000   -0.00000
   0.00000    0.00000   -0.00000   -0.00000   -0.00000   -0.00000   -0.00000    0.00000
  -0.00000    0.00000   -0.00000   -0.00000   -0.00000    0.00000   -0.00000    0.00000
  -0.00000    0.00000    0.00000    0.00000   -0.00000    0.00000   -0.00000    0.00000
  -0.00000   -0.00000   -0.00000    0.00000    0.00000    0.00000    0.00000   -0.00000
   0.00000    0.00000    0.00000    0.00000   -0.00000    0.00000   -0.00000    0.00000
   0.00000   -0.00000   -0.00000   -0.00000    0.00000   -0.00000    0.00000    0.00000
  -0.00000   -0.00000   -0.00000    0.00000    0.00000    0.00000   -0.00000    0.00000
  -0.00000    0.00000    0.00000   -0.00000   -0.00000   -0.00000   -0.00000   -0.00000
   0.00000   -0.00000   -0.00000    0.00000   -0.00000   -0.00000    0.00000   -0.00000
 kpt#  16, nband=320, wtk=  0.05556, kpt= -0.4167  0.4167  0.5000 (reduced coord)
  -0.00000   -0.00000   -0.00000    0.00000   -0.00000    0.00000   -0.00000   -0.00000
  -0.00000   -0.00000   -0.00000   -0.00000   -0.00000    0.00000   -0.00000   -0.00000
   0.00000   -0.00000    0.00000    0.00000   -0.00000    0.00000   -0.00000    0.00000
  -0.00000    0.00000    0.00000   -0.00000   -0.00000   -0.00000    0.00000   -0.00000
   0.00000    0.00000   -0.00000   -0.00000   -0.00000    0.00000    0.00000    0.00000
   0.00000   -0.00000    0.00000    0.00000    0.00000   -0.00000    0.00000    0.00000
  -0.00000    0.00000    0.00000    0.00000    0.00000   -0.00000   -0.00000    0.00000
   0.00000   -0.00000   -0.00000   -0.00000   -0.00000    0.00000    0.00000    0.00000
   0.00000    0.00000    0.00000    0.00000    0.00000    0.00000   -0.00000   -0.00000
  -0.00000    0.00000    0.00000    0.00000    0.00000    0.00000   -0.00000    0.00000
  -0.00000   -0.00000   -0.00000    0.00000   -0.00000    0.00000    0.00000    0.00000
   0.00000    0.00000    0.00000   -0.00000    0.00000   -0.00000    0.00000    0.00000
   0.00000   -0.00000    0.00000   -0.00000   -0.00000    0.00000    0.00000   -0.00000
   0.00000    0.00000   -0.00000    0.00000    0.00000    0.00000    0.00000    0.00000
   0.00000   -0.00000   -0.00000    0.00000    0.00000    0.00000    0.00000    0.00000
  -0.00000   -0.00000   -0.00000   -0.00000    0.00000   -0.00000   -0.00000   -0.00000
  -0.00000    0.00000    0.00000    0.00000   -0.00000    0.00000    0.00000    0.00000
   0.00000    0.00000   -0.00000   -0.00000   -0.00000    0.00000    0.00000   -0.00000
   0.00000    0.00000    0.00000    0.00000    0.00000   -0.00000   -0.00000   -0.00000
   0.00000    0.00000    0.00000   -0.00000    0.00000   -0.00000   -0.00000   -0.00000
  -0.00000   -0.00000    0.00000   -0.00000    0.00000    0.00000   -0.00000    0.00000
   0.00000   -0.00000    0.00000    0.00000   -0.00000    0.00000    0.00000    0.00000
  -0.00000    0.00000   -0.00000    0.00000   -0.00000    0.00000   -0.00000   -0.00000
  -0.00000   -0.00000    0.00000    0.00000   -0.00000   -0.00000   -0.00000    0.00000
   0.00000   -0.00000   -0.00000    0.00000   -0.00000   -0.00000   -0.00000   -0.00000
  -0.00000   -0.00000    0.00000    0.00000   -0.00000    0.00000    0.00000   -0.00000
  -0.00000    0.00000   -0.00000   -0.00000    0.00000   -0.00000    0.00000    0.00000
   0.00000   -0.00000    0.00000    0.00000   -0.00000    0.00000   -0.00000    0.00000
  -0.00000    0.00000    0.00000    0.00000    0.00000   -0.00000    0.00000   -0.00000
  -0.00000   -0.00000    0.00000   -0.00000    0.00000    0.00000    0.00000   -0.00000
  -0.00000    0.00000   -0.00000   -0.00000    0.00000    0.00000    0.00000    0.00000
  -0.00000   -0.00000    0.00000    0.00000    0.00000    0.00000    0.00000   -0.00000
   0.00000   -0.00000    0.00000    0.00000    0.00000   -0.00000    0.00000   -0.00000
   0.00000   -0.00000   -0.00000   -0.00000    0.00000   -0.00000    0.00000   -0.00000
   0.00000    0.00000    0.00000   -0.00000   -0.00000   -0.00000   -0.00000    0.00000
  -0.00000   -0.00000   -0.00000   -0.00000    0.00000    0.00000    0.00000   -0.00000
  -0.00000    0.00000    0.00000    0.00000   -0.00000    0.00000   -0.00000   -0.00000
   0.00000    0.00000    0.00000   -0.00000   -0.00000   -0.00000    0.00000   -0.00000
   0.00000   -0.00000   -0.00000    0.00000    0.00000    0.00000    0.00000    0.00000
  -0.00000    0.00000    0.00000   -0.00000    0.00000    0.00000   -0.00000    0.00000
 kpt#  17, nband=320, wtk=  0.05556, kpt= -0.2500  0.4167  0.5000 (reduced coord)
  -0.00000   -0.00000    0.00000    0.00000   -0.00000   -0.00000   -0.00000   -0.00000
  -0.00000    0.00000    0.00000    0.00000    0.00000    0.00000    0.00000   -0.00000
  -0.00000   -0.00000    0.00000    0.00000    0.00000   -0.00000    0.00000   -0.00000
  -0.00000   -0.00000    0.00000   -0.00000    0.00000    0.00000    0.00000   -0.00000
  -0.00000   -0.00000    0.00000   -0.00000    0.00000   -0.00000    0.00000   -0.00000
   0.00000   -0.00000   -0.00000    0.00000   -0.00000    0.00000   -0.00000   -0.00000
  -0.00000    0.00000   -0.00000    0.00000   -0.00000    0.00000    0.00000    0.00000
   0.00000    0.00000   -0.00000    0.00000   -0.00000   -0.00000    0.00000    0.00000
   0.00000    0.00000    0.00000   -0.00000    0.00000   -0.00000    0.00000   -0.00000
   0.00000   -0.00000   -0.00000    0.00000    0.00000   -0.00000   -0.00000   -0.00000
   0.00000    0.00000    0.00000    0.00000   -0.00000   -0.00000    0.00000   -0.00000
   0.00000   -0.00000   -0.00000    0.00000   -0.00000    0.00000   -0.00000    0.00000
   0.00000    0.00000    0.00000    0.00000    0.00000    0.00000    0.00000    0.00000
  -0.00000    0.00000    0.00000    0.00000    0.00000    0.00000   -0.00000    0.00000
   0.00000   -0.00000    0.00000    0.00000    0.00000    0.00000    0.00000   -0.00000
   0.00000    0.00000    0.00000   -0.00000    0.00000   -0.00000    0.00000    0.00000
   0.00000    0.00000    0.00000   -0.00000    0.00000    0.00000   -0.00000    0.00000
   0.00000    0.00000   -0.00000   -0.00000    0.00000    0.00000   -0.00000    0.00000
   0.00000   -0.00000    0.00000   -0.00000    0.00000   -0.00000    0.00000    0.00000
   0.00000    0.00000    0.00000   -0.00000   -0.00000   -0.00000   -0.00000   -0.00000
   0.00000   -0.00000   -0.00000    0.00000   -0.00000   -0.00000   -0.00000   -0.00000
  -0.00000    0.00000    0.00000   -0.00000   -0.00000    0.00000    0.00000   -0.00000
  -0.00000   -0.00000   -0.00000    0.00000   -0.00000   -0.00000   -0.00000    0.00000
   0.00000   -0.00000    0.00000   -0.00000    0.00000    0.00000    0.00000    0.00000
   0.00000   -0.00000    0.00000    0.00000   -0.00000   -0.00000    0.00000   -0.00000
  -0.00000    0.00000   -0.00000   -0.00000   -0.00000   -0.00000    0.00000    0.00000
  -0.00000   -0.00000    0.00000    0.00000    0.00000    0.00000   -0.00000   -0.00000
  -0.00000    0.00000   -0.00000   -0.00000   -0.00000    0.00000    0.00000   -0.00000
   0.00000    0.00000   -0.00000   -0.00000    0.00000   -0.00000    0.00000   -0.00000
  -0.00000    0.00000   -0.00000   -0.00000   -0.00000   -0.00000   -0.00000   -0.00000
  -0.00000   -0.00000   -0.00000   -0.00000    0.00000    0.00000    0.00000   -0.00000
   0.00000    0.00000    0.00000    0.00000    0.00000   -0.00000    0.00000   -0.00000
   0.00000    0.00000    0.00000   -0.00000   -0.00000   -0.00000   -0.00000    0.00000
  -0.00000   -0.00000   -0.00000   -0.00000    0.00000   -0.00000    0.00000   -0.00000
   0.00000    0.00000    0.00000    0.00000    0.00000    0.00000    0.00000   -0.00000
   0.00000   -0.00000   -0.00000    0.00000   -0.00000    0.00000    0.00000   -0.00000
  -0.00000   -0.00000   -0.00000    0.00000   -0.00000   -0.00000    0.00000    0.00000
   0.00000   -0.00000   -0.00000    0.00000    0.00000   -0.00000    0.00000   -0.00000
  -0.00000   -0.00000   -0.00000   -0.00000   -0.00000   -0.00000   -0.00000   -0.00000
   0.00000   -0.00000    0.00000   -0.00000    0.00000   -0.00000    0.00000    0.00003
 kpt#  18, nband=320, wtk=  0.05556, kpt= -0.0833  0.4167  0.5000 (reduced coord)
  -0.00000    0.00000    0.00000   -0.00000    0.00000    0.00000   -0.00000    0.00000
   0.00000   -0.00000   -0.00000    0.00000   -0.00000    0.00000   -0.00000   -0.00000
  -0.00000   -0.00000    0.00000    0.00000    0.00000   -0.00000   -0.00000   -0.00000
   0.00000    0.00000    0.00000   -0.00000   -0.00000   -0.00000   -0.00000    0.00000
   0.00000    0.00000   -0.00000   -0.00000   -0.00000    0.00000    0.00000   -0.00000
   0.00000    0.00000   -0.00000   -0.00000    0.00000   -0.00000   -0.00000    0.00000
   0.00000   -0.00000    0.00000    0.00000   -0.00000    0.00000   -0.00000   -0.00000
  -0.00000   -0.00000   -0.00000   -0.00000    0.00000   -0.00000    0.00000   -0.00000
   0.00000   -0.00000   -0.00000   -0.00000   -0.00000    0.00000    0.00000    0.00000
   0.00000   -0.00000   -0.00000   -0.00000    0.00000    0.00000   -0.00000    0.00000
   0.00000   -0.00000   -0.00000    0.00000   -0.00000   -0.00000   -0.00000    0.00000
   0.00000    0.00000   -0.00000   -0.00000   -0.00000    0.00000    0.00000    0.00000
  -0.00000   -0.00000   -0.00000   -0.00000   -0.00000   -0.00000   -0.00000    0.00000
   0.00000    0.00000    0.00000    0.00000    0.00000    0.00000   -0.00000    0.00000
   0.00000    0.00000   -0.00000   -0.00000   -0.00000    0.00000   -0.00000    0.00000
  -0.00000    0.00000   -0.00000   -0.00000   -0.00000   -0.00000    0.00000    0.00000
  -0.00000    0.00000   -0.00000   -0.00000    0.00000   -0.00000   -0.00000   -0.00000
  -0.00000   -0.00000    0.00000    0.00000    0.00000   -0.00000   -0.00000    0.00000
   0.00000    0.00000    0.00000   -0.00000    0.00000    0.00000    0.00000   -0.00000
  -0.00000    0.00000   -0.00000   -0.00000   -0.00000    0.00000    0.00000   -0.00000
  -0.00000   -0.00000   -0.00000    0.00000   -0.00000   -0.00000    0.00000    0.00000
  -0.00000    0.00000    0.00000   -0.00000    0.00000    0.00000    0.00000   -0.00000
  -0.00000   -0.00000    0.00000    0.00000   -0.00000   -0.00000    0.00000    0.00000
   0.00000   -0.00000    0.00000    0.00000    0.00000   -0.00000    0.00000    0.00000
  -0.00000   -0.00000    0.00000   -0.00000    0.00000    0.00000   -0.00000   -0.00000
  -0.00000   -0.00000   -0.00000    0.00000    0.00000   -0.00000   -0.00000   -0.00000
  -0.00000   -0.00000   -0.00000   -0.00000    0.00000   -0.00000   -0.00000   -0.00000
   0.00000    0.00000    0.00000    0.00000    0.00000    0.00000    0.00000    0.00000
  -0.00000    0.00000   -0.00000    0.00000   -0.00000   -0.00000   -0.00000   -0.00000
   0.00000   -0.00000   -0.00000   -0.00000    0.00000    0.00000    0.00000   -0.00000
   0.00000   -0.00000   -0.00000   -0.00000   -0.00000   -0.00000   -0.00000   -0.00000
  -0.00000   -0.00000   -0.00000   -0.00000    0.00000    0.00000   -0.00000    0.00000
  -0.00000    0.00000   -0.00000    0.00000   -0.00000    0.00000   -0.00000    0.00000
  -0.00000    0.00000   -0.00000    0.00000   -0.00000    0.00000    0.00000    0.00000
  -0.00000    0.00000   -0.00000    0.00000    0.00000   -0.00000   -0.00000    0.00000
  -0.00000    0.00000   -0.00000   -0.00000    0.00000    0.00000    0.00000    0.00000
   0.00000   -0.00000   -0.00000   -0.00000   -0.00000    0.00000   -0.00000   -0.00000
   0.00000    0.00000    0.00000   -0.00000   -0.00000    0.00000    0.00000    0.00000
   0.00000    0.00000   -0.00000   -0.00000    0.00000   -0.00000    0.00000   -0.00000
  -0.00000   -0.00000    0.00000   -0.00000    0.00000    0.00000    0.00000    0.00000
