 Eigenvalues (hartree) for nkpt=   6  k points:
 kpt#   1, nband=320, wtk=  0.11111, kpt=  0.0833  0.0833  0.5000 (reduced coord)
  -1.64623   -1.64453   -1.64310   -1.64295   -1.64185   -1.64101   -1.64093   -1.64088
  -1.63985   -1.63977   -1.63952   -1.63907   -1.63844   -1.63822   -1.63809   -1.63747
  -1.63719   -1.63715   -1.63699   -1.63694   -1.63656   -1.63610   -1.63573   -1.63554
  -1.63551   -1.63539   -1.63514   -1.63485   -1.63482   -1.63428   -1.63401   -1.63365
  -1.63361   -1.63322   -1.63285   -1.63199   -1.62931   -1.62801   -1.62683   -1.62594
  -1.61454   -1.61453   -1.61435   -1.61434   -1.61321   -1.61092   -1.61036   -1.60986
  -1.60940   -1.60926   -0.63658   -0.63651   -0.63568   -0.63525   -0.63524   -0.63513
  -0.63504   -0.63497   -0.63429   -0.63411   -0.63398   -0.63397   -0.63392   -0.63378
  -0.63376   -0.63373   -0.63370   -0.63345   -0.63342   -0.63333   -0.63332   -0.63302
  -0.63279   -0.63271   -0.63229   -0.63228   -0.63209   -0.63198   -0.63151   -0.63151
  -0.62882   -0.62875   -0.62829   -0.62818   -0.62815   -0.62808   -0.62671   -0.62671
  -0.62665   -0.62662   -0.62648   -0.62633   -0.62551   -0.62547   -0.62539   -0.62532
  -0.62498   -0.62486   -0.62483   -0.62478   -0.39148   -0.38724   -0.38048   -0.37172
  -0.36207   -0.35045   -0.33907   -0.32913   -0.31935   -0.31878   -0.11438   -0.11438
  -0.10608   -0.10247   -0.09127   -0.08549   -0.07265   -0.06351   -0.05026   -0.03856
  -0.02534   -0.02283   -0.00911   -0.00382    0.00231    0.00448    0.01487    0.02412
   0.02614    0.02904    0.03663    0.03884    0.04184    0.04969    0.05141    0.05536
   0.06207    0.06257    0.06454    0.07068    0.07254    0.07264    0.07289    0.09769
   0.10290    0.10497    0.11054    0.13152    0.14512    0.15703    0.23146    0.23603
   0.26503    0.27146    0.27166    0.27694    0.28067    0.28117    0.28497    0.28605
   0.29406    0.29438    0.29880    0.30437    0.30808    0.30921    0.31249    0.31325
   0.31798    0.31899    0.31972    0.32720    0.32928    0.33198    0.34393    0.34641
   0.35250    0.35265    0.35709    0.36474    0.36892    0.36973    0.37215    0.37657
   0.38172    0.38443    0.38494    0.39373    0.39652    0.39669    0.40125    0.41062
   0.41293    0.41575    0.42614    0.42771    0.43147    0.44915    0.45848    0.47649
   0.48075    0.48870    0.49445    0.49702    0.50506    0.50563    0.51304    0.51733
   0.52661    0.52968    0.53576    0.53645    0.54069    0.54702    0.55567    0.55971
   0.56403    0.56472    0.56709    0.56938    0.57466    0.57936    0.58273    0.58329
   0.58367    0.58877    0.59639    0.60005    0.60167    0.60716    0.60782    0.60896
   0.62072    0.62256    0.62690    0.63182    0.63514    0.63938    0.64066    0.64951
   0.65524    0.65725    0.66868    0.67016    0.67322    0.67640    0.68056    0.68548
   0.68644    0.69994    0.70651    0.70997    0.71285    0.71316    0.72110    0.72686
   0.73051    0.73322    0.74165    0.74169    0.74337    0.74390    0.75024    0.76061
   0.76107    0.77042    0.77230    0.78485    0.78914    0.79385    0.79413    0.79688
   0.80229    0.80759    0.81039    0.81450    0.82692    0.82732    0.83511    0.83991
   0.85147    0.86016    0.87397    0.87501    0.87669    0.87720    0.87765    0.87906
   0.88161    0.88535    0.88689    0.89688    0.90303    0.90881    0.90966    0.91069
   0.93097    0.93436    0.93867    0.93963    0.94026    0.94230    0.94297    0.94643
   0.94929    0.95561    0.95912    0.96061    0.96421    0.97068    0.97174    0.97387
   0.97562    0.97915    0.98112    0.98292    0.98453    0.98612    0.99072    0.99379
 kpt#   2, nband=320, wtk=  0.22222, kpt=  0.2500  0.0833  0.5000 (reduced coord)
  -1.64294   -1.64195   -1.64167   -1.64148   -1.64118   -1.64015   -1.64004   -1.63884
  -1.63880   -1.63829   -1.63810   -1.63729   -1.63724   -1.63698   -1.63648   -1.63617
  -1.63615   -1.63590   -1.63563   -1.63515   -1.63491   -1.63469   -1.63418   -1.63391
  -1.63341   -1.63310   -1.63298   -1.63261   -1.63240   -1.63162   -1.63145   -1.63099
  -1.63055   -1.63014   -1.63010   -1.62937   -1.62894   -1.62841   -1.62695   -1.62683
  -1.61378   -1.61268   -1.61161   -1.61106   -1.61061   -1.61045   -1.61009   -1.61002
  -1.60890   -1.60723   -0.63614   -0.63609   -0.63523   -0.63477   -0.63474   -0.63451
  -0.63440   -0.63433   -0.63426   -0.63404   -0.63397   -0.63384   -0.63365   -0.63347
  -0.63346   -0.63335   -0.63306   -0.63302   -0.63292   -0.63286   -0.63270   -0.63257
  -0.63248   -0.63248   -0.63240   -0.63232   -0.63224   -0.63192   -0.63186   -0.63175
  -0.62851   -0.62846   -0.62779   -0.62778   -0.62734   -0.62730   -0.62670   -0.62668
  -0.62657   -0.62650   -0.62634   -0.62616   -0.62510   -0.62507   -0.62502   -0.62494
  -0.62494   -0.62493   -0.62470   -0.62461   -0.38014   -0.37639   -0.37046   -0.36291
  -0.35483   -0.34551   -0.33694   -0.33026   -0.31834   -0.31828   -0.13781   -0.13704
  -0.12813   -0.12720   -0.11434   -0.11340   -0.10304   -0.08981   -0.07312   -0.06385
  -0.05220   -0.02642   -0.00414   -0.00176    0.00762    0.01097    0.02016    0.02775
   0.03485    0.04124    0.04137    0.05335    0.05460    0.06339    0.06786    0.07361
   0.07522    0.07605    0.07864    0.07958    0.08362    0.08763    0.10414    0.12818
   0.13941    0.13968    0.14490    0.14645    0.16332    0.16766    0.20731    0.21635
   0.21896    0.21933    0.22356    0.23100    0.23638    0.23998    0.24512    0.26038
   0.26756    0.27453    0.27469    0.27799    0.28195    0.28239    0.28681    0.29346
   0.29512    0.30546    0.30816    0.31491    0.31864    0.32351    0.32430    0.32783
   0.33316    0.34109    0.35677    0.36964    0.37225    0.38363    0.38460    0.38650
   0.38678    0.39190    0.39724    0.39740    0.40122    0.40357    0.40907    0.42273
   0.42717    0.44092    0.44729    0.45566    0.45976    0.47127    0.47276    0.47724
   0.47947    0.49633    0.50881    0.51085    0.51908    0.52411    0.53057    0.53566
   0.54188    0.55442    0.56514    0.56546    0.56706    0.57008    0.57251    0.58497
   0.58557    0.58754    0.58865    0.59495    0.59866    0.60412    0.60628    0.60675
   0.60848    0.61147    0.62276    0.62352    0.62957    0.63541    0.63710    0.64094
   0.64365    0.64873    0.65329    0.66056    0.66276    0.66459    0.66753    0.67000
   0.67392    0.67905    0.68328    0.68645    0.68872    0.69168    0.70080    0.71198
   0.71281    0.72140    0.72170    0.72624    0.72855    0.73128    0.73906    0.74115
   0.74897    0.75136    0.75731    0.76232    0.76407    0.76492    0.76767    0.77204
   0.77780    0.78451    0.78517    0.78762    0.79143    0.80007    0.80295    0.80405
   0.80479    0.80888    0.81026    0.81346    0.81648    0.82030    0.82208    0.82522
   0.82957    0.84106    0.84626    0.85213    0.85466    0.86025    0.86463    0.86943
   0.87159    0.87262    0.87715    0.88260    0.88710    0.88952    0.89339    0.89386
   0.89858    0.90645    0.90794    0.91265    0.91829    0.92481    0.92863    0.93427
   0.93586    0.93989    0.94520    0.94534    0.95072    0.95494    0.96174    0.96372
   0.96597    0.96803    0.97043    0.97873    0.97907    0.97992    0.98319    0.98349
 kpt#   3, nband=320, wtk=  0.22222, kpt=  0.4167  0.0833  0.5000 (reduced coord)
  -1.64210   -1.64209   -1.64158   -1.64122   -1.64103   -1.64064   -1.64031   -1.64013
  -1.63944   -1.63939   -1.63884   -1.63860   -1.63817   -1.63788   -1.63753   -1.63731
  -1.63699   -1.63691   -1.63685   -1.63670   -1.63636   -1.63631   -1.63559   -1.63554
  -1.63500   -1.63496   -1.63458   -1.63444   -1.63407   -1.63349   -1.63334   -1.63328
  -1.63227   -1.63203   -1.63195   -1.63158   -1.62936   -1.62932   -1.62726   -1.62716
  -1.61452   -1.61415   -1.61270   -1.61215   -1.61167   -1.61147   -1.61071   -1.61032
  -1.61015   -1.60994   -0.63593   -0.63583   -0.63520   -0.63515   -0.63472   -0.63462
  -0.63459   -0.63443   -0.63426   -0.63411   -0.63409   -0.63396   -0.63387   -0.63386
  -0.63370   -0.63357   -0.63346   -0.63334   -0.63319   -0.63313   -0.63293   -0.63287
  -0.63277   -0.63274   -0.63245   -0.63241   -0.63222   -0.63220   -0.63200   -0.63180
  -0.62837   -0.62833   -0.62811   -0.62809   -0.62760   -0.62758   -0.62692   -0.62687
  -0.62658   -0.62649   -0.62647   -0.62620   -0.62548   -0.62540   -0.62536   -0.62512
  -0.62501   -0.62492   -0.62488   -0.62486   -0.36064   -0.35829   -0.35480   -0.35079
  -0.34717   -0.34391   -0.34180   -0.34073   -0.31822   -0.31822   -0.15907   -0.15739
  -0.15047   -0.14706   -0.13703   -0.13308   -0.12208   -0.12109   -0.10911   -0.10294
  -0.02910   -0.00573    0.00349    0.01842    0.02585    0.02906    0.03395    0.03821
   0.04599    0.04975    0.05190    0.06029    0.06196    0.06452    0.06461    0.06792
   0.07551    0.07626    0.08687    0.08825    0.12365    0.13090    0.14159    0.14360
   0.14643    0.15094    0.15336    0.15973    0.16783    0.17742    0.18335    0.18351
   0.19311    0.19409    0.20383    0.20397    0.21160    0.21322    0.21912    0.22148
   0.22505    0.22790    0.24388    0.24503    0.25042    0.25403    0.25694    0.26115
   0.26632    0.27043    0.27915    0.29191    0.29601    0.29837    0.30329    0.33155
   0.33808    0.33911    0.36045    0.36398    0.36568    0.38492    0.41123    0.41586
   0.41872    0.42987    0.43483    0.44613    0.45198    0.45418    0.45706    0.46189
   0.46390    0.46613    0.47763    0.47788    0.47870    0.49046    0.49761    0.49914
   0.50489    0.51141    0.52301    0.52950    0.53252    0.53352    0.53934    0.54523
   0.54913    0.55173    0.55544    0.55936    0.56198    0.57021    0.58331    0.58381
   0.58643    0.59097    0.59270    0.59409    0.59751    0.59977    0.60596    0.61435
   0.61970    0.62748    0.64185    0.64300    0.64362    0.64705    0.65059    0.65725
   0.66184    0.66196    0.67267    0.67352    0.67713    0.68047    0.68164    0.68391
   0.69226    0.70005    0.70338    0.70523    0.70548    0.70959    0.71167    0.71463
   0.72056    0.72945    0.73377    0.73456    0.74175    0.74672    0.74809    0.75464
   0.75819    0.76503    0.76555    0.76789    0.77198    0.78416    0.78958    0.79064
   0.79212    0.79322    0.79518    0.79733    0.81021    0.81292    0.81540    0.81604
   0.82398    0.82695    0.82956    0.83445    0.83571    0.83978    0.84126    0.84525
   0.84591    0.85161    0.85717    0.86035    0.86500    0.86670    0.86794    0.87136
   0.87350    0.87655    0.87785    0.88167    0.88376    0.88384    0.89104    0.89556
   0.90068    0.90389    0.90714    0.90820    0.91339    0.91989    0.92456    0.92622
   0.92837    0.93053    0.93634    0.93988    0.94430    0.94509    0.95275    0.95299
   0.95387    0.95719    0.96195    0.96241    0.96688    0.96938    0.96978    0.97416
 kpt#   4, nband=320, wtk=  0.11111, kpt=  0.2500  0.2500  0.5000 (reduced coord)
  -1.64400   -1.64387   -1.64205   -1.64196   -1.64170   -1.64150   -1.64146   -1.64039
  -1.64026   -1.64022   -1.63982   -1.63883   -1.63726   -1.63719   -1.63690   -1.63670
  -1.63641   -1.63591   -1.63590   -1.63559   -1.63554   -1.63547   -1.63536   -1.63492
  -1.63419   -1.63379   -1.63356   -1.63317   -1.63308   -1.63281   -1.63273   -1.63234
  -1.63207   -1.63165   -1.63132   -1.63038   -1.63019   -1.63015   -1.62921   -1.62818
  -1.61607   -1.61347   -1.61267   -1.61218   -1.61213   -1.61191   -1.61002   -1.60986
  -1.60926   -1.60895   -0.63618   -0.63608   -0.63558   -0.63552   -0.63511   -0.63470
  -0.63451   -0.63443   -0.63442   -0.63428   -0.63409   -0.63407   -0.63406   -0.63399
  -0.63359   -0.63358   -0.63314   -0.63309   -0.63303   -0.63297   -0.63284   -0.63260
  -0.63257   -0.63256   -0.63237   -0.63236   -0.63225   -0.63202   -0.63201   -0.63195
  -0.62881   -0.62872   -0.62814   -0.62806   -0.62728   -0.62715   -0.62684   -0.62678
  -0.62667   -0.62667   -0.62635   -0.62616   -0.62588   -0.62546   -0.62538   -0.62519
  -0.62505   -0.62498   -0.62466   -0.62434   -0.36947   -0.36620   -0.36108   -0.35469
  -0.34806   -0.34077   -0.33451   -0.33011   -0.31517   -0.31517   -0.13867   -0.13688
  -0.12899   -0.12697   -0.11446   -0.11265   -0.10093   -0.09566   -0.08045   -0.07288
  -0.04601   -0.04047   -0.03954   -0.03173   -0.02072   -0.01150   -0.00850    0.00537
   0.01956    0.02102    0.02414    0.03254    0.04194    0.04250    0.04532    0.05186
   0.05878    0.06770    0.07565    0.07767    0.09580    0.11363    0.12675    0.13006
   0.13313    0.13377    0.14230    0.14867    0.16082    0.16912    0.21000    0.21031
   0.21353    0.21426    0.22129    0.22307    0.22980    0.23485    0.24453    0.25439
   0.25582    0.26022    0.26466    0.29190    0.30358    0.30631    0.30633    0.31245
   0.31817    0.32934    0.33237    0.33486    0.33963    0.34178    0.34610    0.34662
   0.34873    0.35051    0.35910    0.36247    0.36602    0.36824    0.37915    0.38519
   0.40581    0.40838    0.44174    0.44224    0.44388    0.44782    0.44924    0.45174
   0.45609    0.45842    0.46513    0.47325    0.47662    0.47813    0.48060    0.49660
   0.49888    0.50484    0.51357    0.51971    0.52028    0.52200    0.52490    0.52548
   0.52785    0.52879    0.53138    0.53691    0.54093    0.54520    0.55914    0.56137
   0.56657    0.57932    0.58462    0.58860    0.58914    0.59919    0.60203    0.61081
   0.61675    0.62323    0.62421    0.63309    0.64234    0.64846    0.64949    0.65430
   0.65674    0.65990    0.66466    0.66704    0.67247    0.68920    0.68982    0.69422
   0.69900    0.70301    0.70370    0.70502    0.72430    0.72541    0.73089    0.73573
   0.74894    0.74966    0.75406    0.75416    0.75427    0.76403    0.77002    0.77245
   0.77348    0.77851    0.77899    0.78548    0.78973    0.79080    0.79226    0.79442
   0.79640    0.79747    0.79798    0.79904    0.79966    0.80172    0.80297    0.80355
   0.80483    0.80723    0.81589    0.82115    0.82736    0.82872    0.83512    0.83861
   0.83910    0.83941    0.84051    0.84533    0.85147    0.85162    0.85678    0.85806
   0.86720    0.86821    0.86991    0.87282    0.87397    0.87587    0.87934    0.87980
   0.88336    0.88713    0.89007    0.89370    0.89394    0.89817    0.89885    0.90359
   0.91426    0.91714    0.91816    0.91891    0.91951    0.92010    0.93247    0.93442
   0.93916    0.95155    0.95804    0.96464    0.96550    0.96741    0.97026    0.98119
 kpt#   5, nband=320, wtk=  0.22222, kpt=  0.4167  0.2500  0.5000 (reduced coord)
  -1.64382   -1.64286   -1.64245   -1.64155   -1.64146   -1.64031   -1.63962   -1.63941
  -1.63853   -1.63837   -1.63807   -1.63799   -1.63751   -1.63716   -1.63689   -1.63683
  -1.63640   -1.63619   -1.63615   -1.63601   -1.63572   -1.63523   -1.63511   -1.63489
  -1.63459   -1.63423   -1.63421   -1.63369   -1.63346   -1.63317   -1.63255   -1.63242
  -1.63224   -1.63208   -1.63123   -1.63010   -1.62974   -1.62963   -1.62912   -1.62864
  -1.61389   -1.61361   -1.61228   -1.61190   -1.61120   -1.61115   -1.61098   -1.61038
  -1.61020   -1.60998   -0.63593   -0.63591   -0.63573   -0.63566   -0.63507   -0.63471
  -0.63450   -0.63443   -0.63428   -0.63419   -0.63411   -0.63406   -0.63401   -0.63389
  -0.63371   -0.63350   -0.63318   -0.63310   -0.63287   -0.63284   -0.63276   -0.63265
  -0.63259   -0.63250   -0.63236   -0.63231   -0.63220   -0.63220   -0.63205   -0.63193
  -0.62886   -0.62876   -0.62804   -0.62794   -0.62730   -0.62721   -0.62685   -0.62678
  -0.62666   -0.62652   -0.62614   -0.62608   -0.62581   -0.62573   -0.62523   -0.62513
  -0.62505   -0.62498   -0.62463   -0.62452   -0.35213   -0.35015   -0.34724   -0.34399
  -0.34114   -0.33868   -0.33718   -0.33647   -0.31226   -0.31226   -0.14533   -0.14377
  -0.13666   -0.13354   -0.12313   -0.11922   -0.10764   -0.10639   -0.09674   -0.09263
  -0.03564   -0.03481   -0.02642   -0.01976   -0.01339   -0.00592   -0.00077    0.00406
   0.00764    0.00948    0.01235    0.01759    0.02241    0.02827    0.02850    0.03361
   0.03611    0.04229    0.05599    0.05689    0.06981    0.08446    0.09064    0.09997
   0.10305    0.10561    0.11288    0.12939    0.14243    0.15667    0.21845    0.23618
   0.24466    0.24929    0.24986    0.25386    0.26370    0.26939    0.27251    0.28006
   0.28177    0.28908    0.29013    0.29748    0.30763    0.31141    0.31397    0.31899
   0.32192    0.32396    0.32625    0.32992    0.33255    0.33668    0.33722    0.34347
   0.35613    0.35770    0.36427    0.36463    0.36932    0.37049    0.38602    0.39369
   0.40422    0.40846    0.41182    0.42840    0.43123    0.43205    0.43525    0.44683
   0.46768    0.48163    0.48420    0.49584    0.50187    0.50377    0.50895    0.51744
   0.52482    0.53065    0.53382    0.53848    0.54005    0.55272    0.55661    0.56119
   0.56652    0.57212    0.57470    0.57863    0.58531    0.58763    0.59213    0.60232
   0.60273    0.60522    0.61122    0.61309    0.61709    0.61940    0.62348    0.62878
   0.63034    0.63472    0.63533    0.63561    0.63890    0.64300    0.65297    0.65696
   0.65734    0.66015    0.66669    0.67075    0.67663    0.67766    0.68044    0.68345
   0.68363    0.68648    0.68690    0.69569    0.70207    0.70585    0.71227    0.71930
   0.72004    0.72672    0.72978    0.73231    0.73578    0.73899    0.73960    0.75152
   0.75628    0.76080    0.76427    0.76605    0.76909    0.78089    0.78198    0.78587
   0.78994    0.79062    0.79400    0.80067    0.80205    0.80395    0.80867    0.81115
   0.82001    0.82144    0.82215    0.82613    0.83293    0.83359    0.83602    0.83760
   0.83867    0.84140    0.85039    0.85625    0.86305    0.86316    0.87218    0.87276
   0.87860    0.87933    0.88000    0.88088    0.88361    0.88420    0.89008    0.89469
   0.89612    0.89905    0.90085    0.90379    0.90448    0.90662    0.90882    0.91123
   0.91337    0.91340    0.91441    0.92680    0.93013    0.93148    0.93417    0.93641
   0.93791    0.94055    0.95029    0.95297    0.95667    0.95769    0.95838    0.96600
 kpt#   6, nband=320, wtk=  0.11111, kpt=  0.4167  0.4167  0.5000 (reduced coord)
  -1.64284   -1.64254   -1.64251   -1.64218   -1.64113   -1.64094   -1.64094   -1.64076
  -1.63950   -1.63947   -1.63925   -1.63907   -1.63901   -1.63895   -1.63831   -1.63803
  -1.63749   -1.63734   -1.63700   -1.63675   -1.63651   -1.63641   -1.63627   -1.63583
  -1.63549   -1.63518   -1.63501   -1.63500   -1.63480   -1.63433   -1.63380   -1.63273
  -1.63244   -1.63204   -1.63177   -1.63014   -1.62977   -1.62959   -1.62711   -1.62691
  -1.61423   -1.61416   -1.61354   -1.61274   -1.61133   -1.61116   -1.61091   -1.61089
  -1.61045   -1.61028   -0.63643   -0.63642   -0.63585   -0.63577   -0.63526   -0.63525
  -0.63484   -0.63476   -0.63432   -0.63425   -0.63421   -0.63420   -0.63409   -0.63401
  -0.63379   -0.63378   -0.63327   -0.63303   -0.63281   -0.63281   -0.63279   -0.63276
  -0.63272   -0.63267   -0.63237   -0.63221   -0.63217   -0.63215   -0.63213   -0.63211
  -0.62949   -0.62940   -0.62799   -0.62793   -0.62711   -0.62709   -0.62695   -0.62686
  -0.62676   -0.62668   -0.62639   -0.62634   -0.62608   -0.62605   -0.62528   -0.62518
  -0.62513   -0.62513   -0.62449   -0.62438   -0.34042   -0.33928   -0.33770   -0.33614
  -0.33505   -0.33439   -0.33390   -0.33389   -0.30583   -0.30582   -0.12607   -0.12543
  -0.11643   -0.11557   -0.10167   -0.10120   -0.08730   -0.08616   -0.07761   -0.07368
  -0.06863   -0.06800   -0.05905   -0.04776   -0.03819   -0.03733   -0.03508   -0.02750
  -0.02579   -0.02073   -0.01429   -0.00581   -0.00465   -0.00271    0.00804    0.01047
   0.01101    0.01550    0.01822    0.02242    0.03843    0.04222    0.04718    0.04920
   0.07272    0.08061    0.11041    0.11955    0.14626    0.15232    0.23808    0.24534
   0.27416    0.27737    0.28497    0.28564    0.29061    0.29512    0.30537    0.30767
   0.31749    0.32088    0.32525    0.33215    0.33384    0.33539    0.34343    0.34433
   0.35448    0.35468    0.35828    0.36731    0.36886    0.37029    0.37243    0.38007
   0.38107    0.38416    0.38435    0.38720    0.39206    0.39402    0.39708    0.40163
   0.40613    0.40813    0.41568    0.42254    0.42787    0.42816    0.43072    0.45722
   0.46781    0.47032    0.47448    0.49441    0.49857    0.50794    0.51396    0.52538
   0.55359    0.56212    0.56248    0.57289    0.57608    0.57889    0.57921    0.58079
   0.58518    0.59368    0.59382    0.59813    0.60210    0.60472    0.60701    0.61480
   0.61812    0.62718    0.62971    0.63379    0.63424    0.64105    0.64230    0.64276
   0.64688    0.64926    0.64965    0.65154    0.65672    0.65822    0.66035    0.66099
   0.66211    0.66272    0.66579    0.67166    0.67375    0.67781    0.68377    0.68401
   0.69836    0.70008    0.70242    0.70263    0.70313    0.71014    0.71014    0.71498
   0.71689    0.71768    0.72350    0.72554    0.72695    0.73006    0.73293    0.73541
   0.73850    0.73852    0.74138    0.74630    0.75083    0.75328    0.75413    0.75726
   0.75974    0.76277    0.76370    0.77110    0.77324    0.77943    0.78124    0.78801
   0.78961    0.79420    0.79503    0.79985    0.80239    0.81389    0.81406    0.81694
   0.81767    0.81826    0.82508    0.82618    0.83005    0.83145    0.84003    0.84020
   0.84077    0.84165    0.84294    0.84765    0.84943    0.85009    0.85409    0.85819
   0.86581    0.86724    0.87042    0.87297    0.87319    0.88473    0.89077    0.89083
   0.89675    0.89870    0.90235    0.91087    0.91149    0.91668    0.91858    0.91867
   0.92579    0.92580    0.93257    0.93275    0.93753    0.94215    0.94556    0.94969
