
 **** DERIVATIVE DATABASE ****    
+DDB, Version number    100401

  Note : temporary (transfer) database

    usepaw         0
     natom        20
      nkpt         6
    nsppol         1
      nsym        16
    ntypat         2
    occopt         1
     nband       153
     acell  0.77624316804222D+01  0.77624316804222D+01  0.77624316804222D+01
       amu  0.11871000000000D+03  0.78960000000000D+02
   dilatmx  0.10000000000000D+01
      ecut  0.22500000000000D+02
    ecutsm  0.00000000000000D+00
     intxc         0
      iscf         7
       ixc        11
       kpt  0.83333333333333D-01  0.83333333333333D-01  0.50000000000000D+00
            0.25000000000000D+00  0.83333333333333D-01  0.50000000000000D+00
            0.41666666666667D+00  0.83333333333333D-01  0.50000000000000D+00
            0.25000000000000D+00  0.25000000000000D+00  0.50000000000000D+00
            0.41666666666667D+00  0.25000000000000D+00  0.50000000000000D+00
            0.41666666666667D+00  0.41666666666667D+00  0.50000000000000D+00
    kptnrm  0.10000000000000D+01
     ngfft        36   36  288
    nspden         1
   nspinor         1
       occ  0.20000000000000D+01  0.20000000000000D+01  0.20000000000000D+01
            0.20000000000000D+01  0.20000000000000D+01  0.20000000000000D+01
            0.20000000000000D+01  0.20000000000000D+01  0.20000000000000D+01
            0.20000000000000D+01  0.20000000000000D+01  0.20000000000000D+01
            0.20000000000000D+01  0.20000000000000D+01  0.20000000000000D+01
            0.20000000000000D+01  0.20000000000000D+01  0.20000000000000D+01
            0.20000000000000D+01  0.20000000000000D+01  0.20000000000000D+01
            0.20000000000000D+01  0.20000000000000D+01  0.20000000000000D+01
            0.20000000000000D+01  0.20000000000000D+01  0.20000000000000D+01
            0.20000000000000D+01  0.20000000000000D+01  0.20000000000000D+01
            0.20000000000000D+01  0.20000000000000D+01  0.20000000000000D+01
            0.20000000000000D+01  0.20000000000000D+01  0.20000000000000D+01
            0.20000000000000D+01  0.20000000000000D+01  0.20000000000000D+01
            0.20000000000000D+01  0.20000000000000D+01  0.20000000000000D+01
            0.20000000000000D+01  0.20000000000000D+01  0.20000000000000D+01
            0.20000000000000D+01  0.20000000000000D+01  0.20000000000000D+01
            0.20000000000000D+01  0.20000000000000D+01  0.20000000000000D+01
            0.20000000000000D+01  0.20000000000000D+01  0.20000000000000D+01
            0.20000000000000D+01  0.20000000000000D+01  0.20000000000000D+01
            0.20000000000000D+01  0.20000000000000D+01  0.20000000000000D+01
            0.20000000000000D+01  0.20000000000000D+01  0.20000000000000D+01
            0.20000000000000D+01  0.20000000000000D+01  0.20000000000000D+01
            0.20000000000000D+01  0.20000000000000D+01  0.20000000000000D+01
            0.20000000000000D+01  0.20000000000000D+01  0.20000000000000D+01
            0.20000000000000D+01  0.20000000000000D+01  0.20000000000000D+01
            0.20000000000000D+01  0.20000000000000D+01  0.20000000000000D+01
            0.20000000000000D+01  0.20000000000000D+01  0.20000000000000D+01
            0.20000000000000D+01  0.20000000000000D+01  0.20000000000000D+01
            0.20000000000000D+01  0.20000000000000D+01  0.20000000000000D+01
            0.20000000000000D+01  0.20000000000000D+01  0.20000000000000D+01
            0.20000000000000D+01  0.20000000000000D+01  0.20000000000000D+01
            0.20000000000000D+01  0.20000000000000D+01  0.20000000000000D+01
            0.20000000000000D+01  0.20000000000000D+01  0.20000000000000D+01
            0.20000000000000D+01  0.20000000000000D+01  0.20000000000000D+01
            0.20000000000000D+01  0.20000000000000D+01  0.20000000000000D+01
            0.20000000000000D+01  0.20000000000000D+01  0.20000000000000D+01
            0.20000000000000D+01  0.20000000000000D+01  0.20000000000000D+01
            0.20000000000000D+01  0.20000000000000D+01  0.20000000000000D+01
            0.20000000000000D+01  0.20000000000000D+01  0.20000000000000D+01
            0.20000000000000D+01  0.20000000000000D+01  0.20000000000000D+01
            0.20000000000000D+01  0.20000000000000D+01  0.20000000000000D+01
            0.20000000000000D+01  0.20000000000000D+01  0.20000000000000D+01
            0.20000000000000D+01  0.20000000000000D+01  0.20000000000000D+01
            0.20000000000000D+01  0.20000000000000D+01  0.20000000000000D+01
            0.20000000000000D+01  0.20000000000000D+01  0.20000000000000D+01
            0.20000000000000D+01  0.20000000000000D+01  0.20000000000000D+01
            0.20000000000000D+01  0.20000000000000D+01  0.20000000000000D+01
            0.20000000000000D+01  0.20000000000000D+01  0.20000000000000D+01
            0.20000000000000D+01  0.20000000000000D+01  0.20000000000000D+01
            0.20000000000000D+01  0.20000000000000D+01  0.20000000000000D+01
            0.00000000000000D+00  0.00000000000000D+00  0.00000000000000D+00
     rprim  0.10000000000000D+01  0.00000000000000D+00  0.00000000000000D+00
            0.00000000000000D+00  0.10000000000000D+01  0.00000000000000D+00
            0.10000000000000D-14  0.10000000000000D-14  0.82346474987718D+01
  dfpt_sciss  0.00000000000000D+00
    spinat  0.00000000000000D+00  0.00000000000000D+00  0.00000000000000D+00
            0.00000000000000D+00  0.00000000000000D+00  0.00000000000000D+00
            0.00000000000000D+00  0.00000000000000D+00  0.00000000000000D+00
            0.00000000000000D+00  0.00000000000000D+00  0.00000000000000D+00
            0.00000000000000D+00  0.00000000000000D+00  0.00000000000000D+00
            0.00000000000000D+00  0.00000000000000D+00  0.00000000000000D+00
            0.00000000000000D+00  0.00000000000000D+00  0.00000000000000D+00
            0.00000000000000D+00  0.00000000000000D+00  0.00000000000000D+00
            0.00000000000000D+00  0.00000000000000D+00  0.00000000000000D+00
            0.00000000000000D+00  0.00000000000000D+00  0.00000000000000D+00
            0.00000000000000D+00  0.00000000000000D+00  0.00000000000000D+00
            0.00000000000000D+00  0.00000000000000D+00  0.00000000000000D+00
            0.00000000000000D+00  0.00000000000000D+00  0.00000000000000D+00
            0.00000000000000D+00  0.00000000000000D+00  0.00000000000000D+00
            0.00000000000000D+00  0.00000000000000D+00  0.00000000000000D+00
            0.00000000000000D+00  0.00000000000000D+00  0.00000000000000D+00
            0.00000000000000D+00  0.00000000000000D+00  0.00000000000000D+00
            0.00000000000000D+00  0.00000000000000D+00  0.00000000000000D+00
            0.00000000000000D+00  0.00000000000000D+00  0.00000000000000D+00
            0.00000000000000D+00  0.00000000000000D+00  0.00000000000000D+00
    symafm         1    1    1    1    1    1    1    1    1    1    1    1
                   1    1    1    1
    symrel         1    0    0    0    1    0    0    0    1
                  -1    0    0    0   -1    0    0    0   -1
                  -1    0    0    0    1    0    0    0   -1
                   1    0    0    0   -1    0    0    0    1
                  -1    0    0    0   -1    0    0    0    1
                   1    0    0    0    1    0    0    0   -1
                   1    0    0    0   -1    0    0    0   -1
                  -1    0    0    0    1    0    0    0    1
                   0    1    0    1    0    0    0    0    1
                   0   -1    0   -1    0    0    0    0   -1
                   0   -1    0    1    0    0    0    0   -1
                   0    1    0   -1    0    0    0    0    1
                   0   -1    0   -1    0    0    0    0    1
                   0    1    0    1    0    0    0    0   -1
                   0    1    0   -1    0    0    0    0   -1
                   0   -1    0    1    0    0    0    0    1
     tnons  0.00000000000000D+00  0.00000000000000D+00  0.00000000000000D+00
            0.50000000000000D+00  0.50000000000000D+00 -0.22204460492503D-15
            0.50000000000000D+00  0.50000000000000D+00 -0.22204460492503D-15
            0.00000000000000D+00  0.48707143249864D-31  0.00000000000000D+00
            0.00000000000000D+00  0.48707143249864D-31  0.00000000000000D+00
            0.50000000000000D+00  0.50000000000000D+00 -0.22204460492503D-15
            0.50000000000000D+00  0.50000000000000D+00 -0.22204460492503D-15
            0.00000000000000D+00  0.00000000000000D+00  0.00000000000000D+00
            0.50000000000000D+00  0.50000000000000D+00  0.00000000000000D+00
            0.18519486394752D-30 -0.11102230246252D-15 -0.22204460492503D-15
            0.13648772069765D-30 -0.11102230246252D-15 -0.22204460492503D-15
            0.50000000000000D+00  0.50000000000000D+00  0.00000000000000D+00
            0.50000000000000D+00  0.50000000000000D+00  0.00000000000000D+00
            0.13648772069765D-30 -0.11102230246252D-15 -0.22204460492503D-15
            0.18519486394752D-30 -0.11102230246252D-15 -0.22204460492503D-15
            0.50000000000000D+00  0.50000000000000D+00  0.00000000000000D+00
    tolwfr  0.10000000000000D+01
   tphysel  0.00000000000000D+00
    tsmear  0.10000000000000D-01
     typat         1    1    1    1    1    1    1    1    1    1    2    2
                   2    2    2    2    2    2    2    2
       wtk  0.11111111111111D+00  0.22222222222222D+00  0.22222222222222D+00
            0.11111111111111D+00  0.22222222222222D+00  0.11111111111111D+00
      xred  0.50000000000000D+00  0.24353571624932D-31  0.13795700000000D+00
            0.50797376041359D-31  0.50000000000000D+00  0.21924600000000D+00
            0.50000000000000D+00  0.27935998401792D-31  0.29865600000000D+00
            0.50759962419060D-32  0.50000000000000D+00  0.37994500000000D+00
            0.50000000000000D+00  0.12723263435244D-30  0.45935600000000D+00
            0.82614132883236D-31  0.50000000000000D+00  0.54064400000000D+00
            0.50000000000000D+00  0.44307255739647D-31  0.62005500000000D+00
           -0.21580505233961D-31  0.50000000000000D+00  0.70134400000000D+00
            0.50000000000000D+00  0.14067353566875D-30  0.78075400000000D+00
            0.16084129232259D-30  0.50000000000000D+00  0.86204300000000D+00
            0.25800961354192D-31  0.50000000000000D+00  0.13889600000000D+00
            0.50000000000000D+00 -0.30918441455098D-32  0.21830700000000D+00
            0.29628008033508D-31  0.50000000000000D+00  0.29959600000000D+00
            0.50000000000000D+00  0.25142485919507D-31  0.37900600000000D+00
            0.51586290335934D-31  0.50000000000000D+00  0.46029500000000D+00
            0.50000000000000D+00  0.59652863747114D-31  0.53970500000000D+00
            0.17842823355358D-30  0.50000000000000D+00  0.62099400000000D+00
            0.50000000000000D+00  0.13091495262585D-30  0.70040400000000D+00
            0.16363480480487D-30  0.50000000000000D+00  0.78169300000000D+00
            0.50000000000000D+00  0.13788002318646D-30  0.86110400000000D+00
     znucl  0.50000000000000D+02  0.34000000000000D+02
      zion  0.14000000000000D+02  0.16000000000000D+02
 
 No information on the potentials yet 
 
 **** Database of total energy derivatives ****
 Number of data blocks=    2
  
 Total energy                 - # elements :       1
 -0.19894178451207D+04  0.00000000000000D+00
  
 1st derivatives              - # elements :      66
   1   1  0.63108872417681D-29  0.00000000000000D+00
   2   1  0.12621774483536D-28  0.00000000000000D+00
   3   1  0.84358787801981D+00  0.00000000000000D+00
   1   2  0.12621774483536D-28  0.00000000000000D+00
   2   2  0.12621774483536D-28  0.00000000000000D+00
   3   2  0.87728438975774D+00  0.00000000000000D+00
   1   3  0.94663308626521D-29  0.00000000000000D+00
   2   3  0.12621774483536D-28  0.00000000000000D+00
   3   3 -0.28654531676010D+00  0.00000000000000D+00
   1   4  0.00000000000000D+00  0.00000000000000D+00
   2   4  0.00000000000000D+00  0.00000000000000D+00
   3   4  0.15239059388923D+00  0.00000000000000D+00
   1   5  0.15777218104420D-29  0.00000000000000D+00
   2   5  0.00000000000000D+00  0.00000000000000D+00
   3   5 -0.15660993316280D+00  0.00000000000000D+00
   1   6  0.00000000000000D+00  0.00000000000000D+00
   2   6  0.00000000000000D+00  0.00000000000000D+00
   3   6  0.15660993316280D+00  0.00000000000000D+00
   1   7 -0.31554436208840D-29  0.00000000000000D+00
   2   7  0.00000000000000D+00  0.00000000000000D+00
   3   7 -0.15239059388923D+00  0.00000000000000D+00
   1   8  0.00000000000000D+00  0.00000000000000D+00
   2   8  0.00000000000000D+00  0.00000000000000D+00
   3   8  0.28654531676010D+00  0.00000000000000D+00
   1   9 -0.63108872417681D-29  0.00000000000000D+00
   2   9 -0.12621774483536D-28  0.00000000000000D+00
   3   9 -0.87728438975774D+00  0.00000000000000D+00
   1  10 -0.12621774483536D-28  0.00000000000000D+00
   2  10 -0.12621774483536D-28  0.00000000000000D+00
   3  10 -0.84358787801981D+00  0.00000000000000D+00
   1  11  0.12621774483536D-28  0.00000000000000D+00
   2  11  0.94663308626521D-29  0.00000000000000D+00
   3  11  0.88577824510659D+00  0.00000000000000D+00
   1  12  0.31554436208840D-29  0.00000000000000D+00
   2  12  0.00000000000000D+00  0.00000000000000D+00
   3  12  0.68772565007542D+00  0.00000000000000D+00
   1  13  0.12621774483536D-28  0.00000000000000D+00
   2  13  0.63108872417681D-29  0.00000000000000D+00
   3  13 -0.16438146272062D+00  0.00000000000000D+00
   1  14 -0.63108872417681D-29  0.00000000000000D+00
   2  14 -0.12621774483536D-28  0.00000000000000D+00
   3  14  0.57191153380486D-01  0.00000000000000D+00
   1  15  0.12621774483536D-28  0.00000000000000D+00
   2  15  0.12621774483536D-28  0.00000000000000D+00
   3  15  0.19433453184839D-01  0.00000000000000D+00
   1  16 -0.63108872417681D-29  0.00000000000000D+00
   2  16 -0.12621774483536D-28  0.00000000000000D+00
   3  16 -0.19433453184839D-01  0.00000000000000D+00
   1  17  0.00000000000000D+00  0.00000000000000D+00
   2  17  0.00000000000000D+00  0.00000000000000D+00
   3  17 -0.57191153380486D-01  0.00000000000000D+00
   1  18  0.94663308626521D-29  0.00000000000000D+00
   2  18  0.12621774483536D-28  0.00000000000000D+00
   3  18  0.16438146272062D+00  0.00000000000000D+00
   1  19  0.00000000000000D+00  0.00000000000000D+00
   2  19  0.00000000000000D+00  0.00000000000000D+00
   3  19 -0.68772565007542D+00  0.00000000000000D+00
   1  20  0.00000000000000D+00  0.00000000000000D+00
   2  20 -0.63108872417681D-29  0.00000000000000D+00
   3  20 -0.88577824510659D+00  0.00000000000000D+00
   1  23  0.14854402383022D-01  0.00000000000000D+00
   2  23  0.14854402383022D-01  0.00000000000000D+00
   3  23  0.14472903849393D-01  0.00000000000000D+00
   1  24  0.00000000000000D+00  0.00000000000000D+00
   2  24  0.00000000000000D+00  0.00000000000000D+00
   3  24  0.00000000000000D+00  0.00000000000000D+00
