 Fermi (or HOMO) energy (hartree) =   0.17742   Average Vxc (hartree)=  -0.33778
 Eigenvalues (hartree) for nkpt=   6  k points:
 kpt#   1, nband=153, wtk=  0.11111, kpt=  0.0833  0.0833  0.5000 (reduced coord)
  -1.64623   -1.64453   -1.64310   -1.64295   -1.64185   -1.64101   -1.64093   -1.64088
  -1.63985   -1.63977   -1.63952   -1.63907   -1.63844   -1.63822   -1.63809   -1.63747
  -1.63719   -1.63715   -1.63699   -1.63694   -1.63656   -1.63610   -1.63573   -1.63554
  -1.63551   -1.63539   -1.63514   -1.63485   -1.63482   -1.63428   -1.63401   -1.63365
  -1.63361   -1.63322   -1.63285   -1.63199   -1.62931   -1.62801   -1.62683   -1.62594
  -1.61454   -1.61453   -1.61435   -1.61434   -1.61321   -1.61092   -1.61036   -1.60986
  -1.60940   -1.60926   -0.63658   -0.63651   -0.63568   -0.63525   -0.63524   -0.63513
  -0.63504   -0.63497   -0.63429   -0.63411   -0.63398   -0.63397   -0.63392   -0.63378
  -0.63376   -0.63373   -0.63370   -0.63345   -0.63342   -0.63333   -0.63332   -0.63302
  -0.63279   -0.63271   -0.63229   -0.63228   -0.63209   -0.63198   -0.63151   -0.63151
  -0.62882   -0.62875   -0.62829   -0.62818   -0.62815   -0.62808   -0.62671   -0.62671
  -0.62665   -0.62662   -0.62648   -0.62633   -0.62551   -0.62547   -0.62539   -0.62532
  -0.62498   -0.62486   -0.62483   -0.62478   -0.39148   -0.38724   -0.38048   -0.37172
  -0.36207   -0.35045   -0.33907   -0.32913   -0.31935   -0.31878   -0.11438   -0.11438
  -0.10608   -0.10247   -0.09127   -0.08549   -0.07265   -0.06351   -0.05026   -0.03856
  -0.02534   -0.02283   -0.00911   -0.00382    0.00231    0.00448    0.01487    0.02412
   0.02614    0.02904    0.03663    0.03884    0.04184    0.04969    0.05141    0.05536
   0.06207    0.06257    0.06454    0.07068    0.07254    0.07264    0.07289    0.09769
   0.10290    0.10497    0.11054    0.13152    0.14512    0.15703    0.23146    0.23603
   0.26503
 kpt#   2, nband=153, wtk=  0.22222, kpt=  0.2500  0.0833  0.5000 (reduced coord)
  -1.64294   -1.64195   -1.64167   -1.64148   -1.64118   -1.64015   -1.64004   -1.63884
  -1.63880   -1.63829   -1.63810   -1.63729   -1.63724   -1.63698   -1.63648   -1.63617
  -1.63615   -1.63590   -1.63563   -1.63515   -1.63491   -1.63469   -1.63418   -1.63391
  -1.63341   -1.63310   -1.63298   -1.63261   -1.63240   -1.63162   -1.63145   -1.63099
  -1.63055   -1.63014   -1.63010   -1.62937   -1.62894   -1.62841   -1.62695   -1.62683
  -1.61378   -1.61268   -1.61161   -1.61106   -1.61061   -1.61045   -1.61009   -1.61002
  -1.60890   -1.60723   -0.63614   -0.63609   -0.63523   -0.63477   -0.63474   -0.63451
  -0.63440   -0.63433   -0.63426   -0.63404   -0.63397   -0.63384   -0.63365   -0.63347
  -0.63346   -0.63335   -0.63306   -0.63302   -0.63292   -0.63286   -0.63270   -0.63257
  -0.63248   -0.63248   -0.63240   -0.63232   -0.63224   -0.63192   -0.63186   -0.63175
  -0.62851   -0.62846   -0.62779   -0.62778   -0.62734   -0.62730   -0.62670   -0.62668
  -0.62657   -0.62650   -0.62634   -0.62616   -0.62510   -0.62507   -0.62502   -0.62494
  -0.62494   -0.62493   -0.62470   -0.62461   -0.38014   -0.37639   -0.37046   -0.36291
  -0.35483   -0.34551   -0.33694   -0.33026   -0.31834   -0.31828   -0.13781   -0.13704
  -0.12813   -0.12720   -0.11434   -0.11340   -0.10304   -0.08981   -0.07312   -0.06385
  -0.05220   -0.02642   -0.00414   -0.00176    0.00762    0.01097    0.02016    0.02775
   0.03485    0.04124    0.04137    0.05335    0.05460    0.06339    0.06786    0.07361
   0.07522    0.07605    0.07864    0.07958    0.08362    0.08763    0.10414    0.12818
   0.13941    0.13968    0.14490    0.14645    0.16332    0.16766    0.20731    0.21635
   0.21896
 kpt#   3, nband=153, wtk=  0.22222, kpt=  0.4167  0.0833  0.5000 (reduced coord)
  -1.64210   -1.64209   -1.64158   -1.64122   -1.64103   -1.64064   -1.64031   -1.64013
  -1.63944   -1.63939   -1.63884   -1.63860   -1.63817   -1.63788   -1.63753   -1.63731
  -1.63699   -1.63691   -1.63685   -1.63670   -1.63636   -1.63631   -1.63559   -1.63554
  -1.63500   -1.63496   -1.63458   -1.63444   -1.63407   -1.63349   -1.63334   -1.63328
  -1.63227   -1.63203   -1.63195   -1.63158   -1.62936   -1.62932   -1.62726   -1.62716
  -1.61452   -1.61415   -1.61270   -1.61215   -1.61167   -1.61147   -1.61071   -1.61032
  -1.61015   -1.60994   -0.63593   -0.63583   -0.63520   -0.63515   -0.63472   -0.63462
  -0.63459   -0.63443   -0.63426   -0.63411   -0.63409   -0.63396   -0.63387   -0.63386
  -0.63370   -0.63357   -0.63346   -0.63334   -0.63319   -0.63313   -0.63293   -0.63287
  -0.63277   -0.63274   -0.63245   -0.63241   -0.63222   -0.63220   -0.63200   -0.63180
  -0.62837   -0.62833   -0.62811   -0.62809   -0.62760   -0.62758   -0.62692   -0.62687
  -0.62658   -0.62649   -0.62647   -0.62620   -0.62548   -0.62540   -0.62536   -0.62512
  -0.62501   -0.62492   -0.62488   -0.62486   -0.36064   -0.35829   -0.35480   -0.35079
  -0.34717   -0.34391   -0.34180   -0.34073   -0.31822   -0.31822   -0.15907   -0.15739
  -0.15047   -0.14706   -0.13703   -0.13308   -0.12208   -0.12109   -0.10911   -0.10294
  -0.02910   -0.00573    0.00349    0.01842    0.02585    0.02906    0.03395    0.03821
   0.04599    0.04975    0.05190    0.06029    0.06196    0.06452    0.06461    0.06792
   0.07551    0.07626    0.08687    0.08825    0.12365    0.13090    0.14159    0.14360
   0.14643    0.15094    0.15336    0.15973    0.16783    0.17742    0.18335    0.18351
   0.19311
 kpt#   4, nband=153, wtk=  0.11111, kpt=  0.2500  0.2500  0.5000 (reduced coord)
  -1.64400   -1.64387   -1.64205   -1.64196   -1.64170   -1.64150   -1.64146   -1.64039
  -1.64026   -1.64022   -1.63982   -1.63883   -1.63726   -1.63719   -1.63690   -1.63670
  -1.63641   -1.63591   -1.63590   -1.63559   -1.63554   -1.63547   -1.63536   -1.63492
  -1.63419   -1.63379   -1.63356   -1.63317   -1.63308   -1.63281   -1.63273   -1.63234
  -1.63207   -1.63165   -1.63132   -1.63038   -1.63019   -1.63015   -1.62921   -1.62818
  -1.61607   -1.61347   -1.61267   -1.61218   -1.61213   -1.61191   -1.61002   -1.60986
  -1.60926   -1.60895   -0.63618   -0.63608   -0.63558   -0.63552   -0.63511   -0.63470
  -0.63451   -0.63443   -0.63442   -0.63428   -0.63409   -0.63407   -0.63406   -0.63399
  -0.63359   -0.63358   -0.63314   -0.63309   -0.63303   -0.63297   -0.63284   -0.63260
  -0.63257   -0.63256   -0.63237   -0.63236   -0.63225   -0.63202   -0.63201   -0.63195
  -0.62881   -0.62872   -0.62814   -0.62806   -0.62728   -0.62715   -0.62684   -0.62678
  -0.62667   -0.62667   -0.62635   -0.62616   -0.62588   -0.62546   -0.62538   -0.62519
  -0.62505   -0.62498   -0.62466   -0.62434   -0.36947   -0.36620   -0.36108   -0.35469
  -0.34806   -0.34077   -0.33451   -0.33011   -0.31517   -0.31517   -0.13867   -0.13688
  -0.12899   -0.12697   -0.11446   -0.11265   -0.10093   -0.09566   -0.08045   -0.07288
  -0.04601   -0.04047   -0.03954   -0.03173   -0.02072   -0.01150   -0.00850    0.00537
   0.01956    0.02102    0.02414    0.03254    0.04194    0.04250    0.04532    0.05186
   0.05878    0.06770    0.07565    0.07767    0.09580    0.11363    0.12675    0.13006
   0.13313    0.13377    0.14230    0.14867    0.16082    0.16912    0.21000    0.21031
   0.21353
 kpt#   5, nband=153, wtk=  0.22222, kpt=  0.4167  0.2500  0.5000 (reduced coord)
  -1.64382   -1.64286   -1.64245   -1.64155   -1.64146   -1.64031   -1.63962   -1.63941
  -1.63853   -1.63837   -1.63807   -1.63799   -1.63751   -1.63716   -1.63689   -1.63683
  -1.63640   -1.63619   -1.63615   -1.63601   -1.63572   -1.63523   -1.63511   -1.63489
  -1.63459   -1.63423   -1.63421   -1.63369   -1.63346   -1.63317   -1.63255   -1.63242
  -1.63224   -1.63208   -1.63123   -1.63010   -1.62974   -1.62963   -1.62912   -1.62864
  -1.61389   -1.61361   -1.61228   -1.61190   -1.61120   -1.61115   -1.61098   -1.61038
  -1.61020   -1.60998   -0.63593   -0.63591   -0.63573   -0.63566   -0.63507   -0.63471
  -0.63450   -0.63443   -0.63428   -0.63419   -0.63411   -0.63406   -0.63401   -0.63389
  -0.63371   -0.63350   -0.63318   -0.63310   -0.63287   -0.63284   -0.63276   -0.63265
  -0.63259   -0.63250   -0.63236   -0.63231   -0.63220   -0.63220   -0.63205   -0.63193
  -0.62886   -0.62876   -0.62804   -0.62794   -0.62730   -0.62721   -0.62685   -0.62678
  -0.62666   -0.62652   -0.62614   -0.62608   -0.62581   -0.62573   -0.62523   -0.62513
  -0.62505   -0.62498   -0.62463   -0.62452   -0.35213   -0.35015   -0.34724   -0.34399
  -0.34114   -0.33868   -0.33718   -0.33647   -0.31226   -0.31226   -0.14533   -0.14377
  -0.13666   -0.13354   -0.12313   -0.11922   -0.10764   -0.10639   -0.09674   -0.09263
  -0.03564   -0.03481   -0.02642   -0.01976   -0.01339   -0.00592   -0.00077    0.00406
   0.00764    0.00948    0.01235    0.01759    0.02241    0.02827    0.02850    0.03361
   0.03611    0.04229    0.05599    0.05689    0.06981    0.08446    0.09064    0.09997
   0.10305    0.10561    0.11288    0.12939    0.14243    0.15667    0.21845    0.23618
   0.24466
 kpt#   6, nband=153, wtk=  0.11111, kpt=  0.4167  0.4167  0.5000 (reduced coord)
  -1.64284   -1.64254   -1.64251   -1.64218   -1.64113   -1.64094   -1.64094   -1.64076
  -1.63950   -1.63947   -1.63925   -1.63907   -1.63901   -1.63895   -1.63831   -1.63803
  -1.63749   -1.63734   -1.63700   -1.63675   -1.63651   -1.63641   -1.63627   -1.63583
  -1.63549   -1.63518   -1.63501   -1.63500   -1.63480   -1.63433   -1.63380   -1.63273
  -1.63244   -1.63204   -1.63177   -1.63014   -1.62977   -1.62959   -1.62711   -1.62691
  -1.61423   -1.61416   -1.61354   -1.61274   -1.61133   -1.61116   -1.61091   -1.61089
  -1.61045   -1.61028   -0.63643   -0.63642   -0.63585   -0.63577   -0.63526   -0.63525
  -0.63484   -0.63476   -0.63432   -0.63425   -0.63421   -0.63420   -0.63409   -0.63401
  -0.63379   -0.63378   -0.63327   -0.63303   -0.63281   -0.63281   -0.63279   -0.63276
  -0.63272   -0.63267   -0.63237   -0.63221   -0.63217   -0.63215   -0.63213   -0.63211
  -0.62949   -0.62940   -0.62799   -0.62793   -0.62711   -0.62709   -0.62695   -0.62686
  -0.62676   -0.62668   -0.62639   -0.62634   -0.62608   -0.62605   -0.62528   -0.62518
  -0.62513   -0.62513   -0.62449   -0.62438   -0.34042   -0.33928   -0.33770   -0.33614
  -0.33505   -0.33439   -0.33390   -0.33389   -0.30583   -0.30582   -0.12607   -0.12543
  -0.11643   -0.11557   -0.10167   -0.10120   -0.08730   -0.08616   -0.07761   -0.07368
  -0.06863   -0.06800   -0.05905   -0.04776   -0.03819   -0.03733   -0.03508   -0.02750
  -0.02579   -0.02073   -0.01429   -0.00581   -0.00465   -0.00271    0.00804    0.01047
   0.01101    0.01550    0.01822    0.02242    0.03843    0.04222    0.04718    0.04920
   0.07272    0.08061    0.11041    0.11955    0.14626    0.15232    0.23808    0.24534
   0.27416
