 Fermi (or HOMO) energy (hartree) =   0.15492   Average Vxc (hartree)=  -0.32615
 Eigenvalues (hartree) for nkpt=   6  k points:
 kpt#   1, nband=159, wtk=  0.11111, kpt=  0.0833  0.0833  0.5000 (reduced coord)
  -4.70488   -4.70487   -2.94192   -2.94179   -2.93995   -2.93978   -2.93956   -2.93949
  -1.66447   -1.66423   -1.66322   -1.66246   -1.66230   -1.66183   -1.66115   -1.66079
  -1.66022   -1.65949   -1.65900   -1.65868   -1.65832   -1.65828   -1.65819   -1.65784
  -1.65695   -1.65687   -1.65675   -1.65658   -1.65652   -1.65610   -1.65508   -1.65482
  -1.65481   -1.65427   -1.65397   -1.65311   -1.65303   -1.65268   -1.65248   -1.65171
  -1.65109   -1.64906   -1.64835   -1.64813   -1.64789   -1.64627   -1.64455   -1.64334
  -1.63711   -1.63630   -1.63584   -1.63409   -1.63366   -1.63327   -1.63286   -1.63215
  -1.62992   -1.62970   -0.65851   -0.65769   -0.65687   -0.65678   -0.65614   -0.65599
  -0.65588   -0.65574   -0.65573   -0.65498   -0.65480   -0.65461   -0.65459   -0.65443
  -0.65423   -0.65418   -0.65343   -0.65330   -0.65279   -0.65271   -0.65062   -0.64903
  -0.64896   -0.64877   -0.64860   -0.64857   -0.64839   -0.64821   -0.64813   -0.64808
  -0.64803   -0.64685   -0.64671   -0.64668   -0.64649   -0.64644   -0.64566   -0.64561
  -0.64522   -0.64517   -0.41176   -0.40487   -0.39486   -0.38328   -0.37783   -0.36793
  -0.35553   -0.35146   -0.34067   -0.33912   -0.16784   -0.16545   -0.16502   -0.16497
  -0.16407   -0.15237   -0.15190   -0.15100   -0.14671   -0.14454   -0.13417   -0.13320
  -0.12004   -0.11629   -0.09893   -0.09232   -0.07169   -0.06518   -0.05283   -0.04403
  -0.03370   -0.02919   -0.02077   -0.00872   -0.00354    0.00475    0.00910    0.01178
   0.01484    0.01816    0.02111    0.02688    0.03320    0.03595    0.03852    0.04334
   0.04751    0.05162    0.05262    0.06430    0.07916    0.08202    0.08538    0.08662
   0.08976    0.09777    0.12792    0.13272    0.18296    0.19809    0.21188
 kpt#   2, nband=159, wtk=  0.22222, kpt=  0.2500  0.0833  0.5000 (reduced coord)
  -4.70488   -4.70486   -2.94143   -2.94021   -2.94007   -2.93984   -2.93969   -2.93919
  -1.66312   -1.66271   -1.66246   -1.66210   -1.66088   -1.66075   -1.65988   -1.65967
  -1.65933   -1.65901   -1.65869   -1.65842   -1.65786   -1.65704   -1.65658   -1.65606
  -1.65582   -1.65547   -1.65487   -1.65455   -1.65400   -1.65358   -1.65342   -1.65320
  -1.65308   -1.65231   -1.65219   -1.65200   -1.65176   -1.65126   -1.65114   -1.65082
  -1.64926   -1.64904   -1.64863   -1.64773   -1.64636   -1.64560   -1.64486   -1.64377
  -1.63650   -1.63462   -1.63437   -1.63402   -1.63300   -1.63215   -1.63151   -1.63082
  -1.63053   -1.62884   -0.65797   -0.65707   -0.65659   -0.65623   -0.65598   -0.65582
  -0.65570   -0.65556   -0.65525   -0.65489   -0.65487   -0.65452   -0.65438   -0.65411
  -0.65389   -0.65361   -0.65341   -0.65332   -0.65321   -0.65300   -0.64997   -0.64880
  -0.64866   -0.64843   -0.64836   -0.64829   -0.64825   -0.64809   -0.64782   -0.64758
  -0.64740   -0.64703   -0.64683   -0.64665   -0.64658   -0.64646   -0.64544   -0.64536
  -0.64534   -0.64505   -0.40050   -0.39438   -0.38568   -0.37592   -0.37138   -0.36342
  -0.35417   -0.35154   -0.33966   -0.33848   -0.16726   -0.16276   -0.16203   -0.16167
  -0.16089   -0.15779   -0.15556   -0.15489   -0.15031   -0.14997   -0.14762   -0.14702
  -0.14301   -0.14129   -0.12785   -0.11968   -0.09894   -0.08594   -0.06927   -0.05793
  -0.03915   -0.03235   -0.02016   -0.01785   -0.00472    0.00429    0.01180    0.01777
   0.02243    0.02883    0.03624    0.03741    0.04787    0.05110    0.05255    0.05472
   0.05896    0.06157    0.06196    0.07306    0.08242    0.08546    0.10528    0.11643
   0.11992    0.12361    0.13579    0.14990    0.18542    0.19544    0.20020
 kpt#   3, nband=159, wtk=  0.22222, kpt=  0.4167  0.0833  0.5000 (reduced coord)
  -4.70487   -4.70487   -2.94129   -2.94067   -2.94061   -2.93985   -2.93970   -2.93959
  -1.66248   -1.66226   -1.66205   -1.66179   -1.66148   -1.66123   -1.66069   -1.66020
  -1.65970   -1.65929   -1.65896   -1.65879   -1.65801   -1.65784   -1.65760   -1.65722
  -1.65669   -1.65629   -1.65587   -1.65572   -1.65547   -1.65473   -1.65462   -1.65420
  -1.65402   -1.65384   -1.65362   -1.65268   -1.65218   -1.65185   -1.65156   -1.65090
  -1.65029   -1.64950   -1.64910   -1.64840   -1.64673   -1.64628   -1.64612   -1.64521
  -1.63750   -1.63475   -1.63471   -1.63438   -1.63413   -1.63343   -1.63160   -1.63134
  -1.63068   -1.63003   -0.65761   -0.65694   -0.65668   -0.65638   -0.65608   -0.65600
  -0.65574   -0.65549   -0.65519   -0.65507   -0.65495   -0.65461   -0.65453   -0.65448
  -0.65402   -0.65394   -0.65360   -0.65346   -0.65318   -0.65297   -0.64959   -0.64892
  -0.64874   -0.64854   -0.64848   -0.64831   -0.64826   -0.64818   -0.64804   -0.64788
  -0.64755   -0.64715   -0.64685   -0.64674   -0.64662   -0.64646   -0.64570   -0.64563
  -0.64527   -0.64523   -0.38129   -0.37739   -0.37259   -0.36793   -0.36425   -0.36305
  -0.36199   -0.35294   -0.33983   -0.33831   -0.17876   -0.17640   -0.16576   -0.16361
  -0.16131   -0.16014   -0.15922   -0.15786   -0.15722   -0.15594   -0.15394   -0.15349
  -0.15192   -0.14852   -0.14737   -0.14477   -0.13323   -0.12447   -0.06937   -0.06854
  -0.04540   -0.01548   -0.01339    0.00714    0.01010    0.01511    0.02088    0.02713
   0.03178    0.03972    0.04084    0.04340    0.04606    0.04875    0.05499    0.05800
   0.05854    0.06725    0.07260    0.08243    0.10405    0.11645    0.12163    0.12737
   0.13109    0.13377    0.14389    0.15492    0.16415    0.16447    0.17834
 kpt#   4, nband=159, wtk=  0.11111, kpt=  0.2500  0.2500  0.5000 (reduced coord)
  -4.70488   -4.70487   -2.94105   -2.94069   -2.94043   -2.93994   -2.93983   -2.93962
  -1.66406   -1.66393   -1.66271   -1.66168   -1.66146   -1.66054   -1.66042   -1.66034
  -1.65970   -1.65939   -1.65871   -1.65855   -1.65749   -1.65732   -1.65726   -1.65684
  -1.65679   -1.65637   -1.65561   -1.65458   -1.65446   -1.65412   -1.65408   -1.65347
  -1.65339   -1.65328   -1.65300   -1.65240   -1.65228   -1.65212   -1.65121   -1.65108
  -1.65048   -1.65042   -1.64970   -1.64824   -1.64694   -1.64688   -1.64631   -1.64554
  -1.63718   -1.63471   -1.63447   -1.63396   -1.63367   -1.63366   -1.63110   -1.63086
  -1.63079   -1.63056   -0.65779   -0.65730   -0.65681   -0.65639   -0.65605   -0.65593
  -0.65592   -0.65554   -0.65534   -0.65512   -0.65500   -0.65485   -0.65443   -0.65430
  -0.65390   -0.65362   -0.65339   -0.65336   -0.65323   -0.65313   -0.64980   -0.64935
  -0.64887   -0.64868   -0.64842   -0.64835   -0.64815   -0.64802   -0.64794   -0.64780
  -0.64726   -0.64704   -0.64695   -0.64669   -0.64663   -0.64657   -0.64593   -0.64547
  -0.64544   -0.64492   -0.38993   -0.38455   -0.37713   -0.36911   -0.36566   -0.35921
  -0.35262   -0.35029   -0.33681   -0.33529   -0.17001   -0.16083   -0.15994   -0.15943
  -0.15857   -0.15721   -0.15581   -0.15535   -0.15189   -0.15146   -0.14906   -0.14878
  -0.14480   -0.13976   -0.12439   -0.12361   -0.10540   -0.09457   -0.06605   -0.06064
  -0.05723   -0.05439   -0.04457   -0.03367   -0.02906   -0.02169   -0.01249   -0.00567
   0.00451    0.00706    0.01807    0.01989    0.02402    0.02942    0.04294    0.04439
   0.05130    0.05637    0.05969    0.07360    0.08426    0.10237    0.10876    0.10965
   0.11723    0.12526    0.13275    0.15107    0.18827    0.19125    0.19487
 kpt#   5, nband=159, wtk=  0.22222, kpt=  0.4167  0.2500  0.5000 (reduced coord)
  -4.70488   -4.70487   -2.94172   -2.94099   -2.94015   -2.94009   -2.93982   -2.93951
  -1.66425   -1.66394   -1.66351   -1.66253   -1.66206   -1.66094   -1.66007   -1.65951
  -1.65943   -1.65905   -1.65824   -1.65813   -1.65792   -1.65777   -1.65758   -1.65718
  -1.65699   -1.65671   -1.65643   -1.65572   -1.65551   -1.65502   -1.65457   -1.65440
  -1.65385   -1.65354   -1.65324   -1.65297   -1.65255   -1.65232   -1.65184   -1.65172
  -1.65135   -1.65098   -1.65037   -1.64786   -1.64728   -1.64708   -1.64652   -1.64618
  -1.63649   -1.63579   -1.63464   -1.63444   -1.63407   -1.63358   -1.63276   -1.63126
  -1.63100   -1.63091   -0.65769   -0.65755   -0.65685   -0.65660   -0.65614   -0.65606
  -0.65597   -0.65549   -0.65532   -0.65516   -0.65505   -0.65499   -0.65450   -0.65425
  -0.65376   -0.65370   -0.65355   -0.65344   -0.65336   -0.65327   -0.64989   -0.64944
  -0.64895   -0.64882   -0.64853   -0.64844   -0.64809   -0.64802   -0.64796   -0.64778
  -0.64727   -0.64711   -0.64704   -0.64681   -0.64668   -0.64645   -0.64615   -0.64560
  -0.64552   -0.64497   -0.37285   -0.36953   -0.36562   -0.36196   -0.35942   -0.35854
  -0.35762   -0.34963   -0.33426   -0.33235   -0.16843   -0.16496   -0.16292   -0.16160
  -0.15939   -0.15848   -0.15696   -0.15332   -0.15312   -0.15232   -0.15159   -0.15042
  -0.14840   -0.14719   -0.13320   -0.12994   -0.11986   -0.11394   -0.06392   -0.05906
  -0.05563   -0.05249   -0.03978   -0.03420   -0.02523   -0.01942   -0.01325   -0.01110
  -0.00457   -0.00131    0.00086    0.00721    0.01146    0.01435    0.02132    0.02481
   0.03574    0.03687    0.04713    0.04953    0.05902    0.06940    0.07498    0.08310
   0.08650    0.09901    0.11878    0.13540    0.19607    0.21568    0.22818
 kpt#   6, nband=159, wtk=  0.11111, kpt=  0.4167  0.4167  0.5000 (reduced coord)
  -4.70488   -4.70487   -2.94141   -2.94066   -2.94052   -2.94008   -2.93985   -2.93957
  -1.66408   -1.66375   -1.66280   -1.66270   -1.66088   -1.66066   -1.66034   -1.66000
  -1.65904   -1.65866   -1.65858   -1.65854   -1.65839   -1.65796   -1.65775   -1.65760
  -1.65732   -1.65720   -1.65674   -1.65663   -1.65568   -1.65522   -1.65520   -1.65473
  -1.65413   -1.65405   -1.65311   -1.65261   -1.65224   -1.65193   -1.65177   -1.65084
  -1.65052   -1.64967   -1.64904   -1.64826   -1.64767   -1.64756   -1.64717   -1.64591
  -1.63659   -1.63606   -1.63412   -1.63370   -1.63365   -1.63334   -1.63333   -1.63110
  -1.63042   -1.62975   -0.65815   -0.65741   -0.65718   -0.65653   -0.65618   -0.65616
  -0.65588   -0.65587   -0.65548   -0.65515   -0.65507   -0.65496   -0.65426   -0.65412
  -0.65358   -0.65356   -0.65355   -0.65348   -0.65339   -0.65334   -0.65026   -0.64979
  -0.64938   -0.64882   -0.64851   -0.64849   -0.64785   -0.64778   -0.64769   -0.64769
  -0.64721   -0.64715   -0.64703   -0.64675   -0.64673   -0.64649   -0.64619   -0.64563
  -0.64559   -0.64479   -0.36135   -0.35934   -0.35747   -0.35603   -0.35540   -0.35445
  -0.35437   -0.34631   -0.32816   -0.32591   -0.17011   -0.16694   -0.15795   -0.15738
  -0.15465   -0.15114   -0.15074   -0.15046   -0.14996   -0.14959   -0.14553   -0.14466
  -0.13072   -0.12979   -0.11145   -0.11082   -0.10070   -0.09368   -0.09044   -0.08467
  -0.07168   -0.06122   -0.05816   -0.05761   -0.05509   -0.05497   -0.04486   -0.03852
  -0.03666   -0.02340   -0.02062   -0.01929   -0.00916   -0.00773   -0.00607    0.00092
   0.00333    0.01330    0.02216    0.02299    0.02448    0.03401    0.03602    0.04440
   0.07696    0.08721    0.12210    0.12962    0.21249    0.22425    0.24393
