 Eigenvalues (hartree) for nkpt=   6  k points:
 kpt#   1, nband=250, wtk=  0.11111, kpt=  0.0833  0.0833  0.5000 (reduced coord)
  -1.66111   -1.66052   -1.65747   -1.65730   -1.65665   -1.65643   -1.65635   -1.65572
  -1.65512   -1.65507   -1.65443   -1.65408   -1.65382   -1.65339   -1.65328   -1.65232
  -1.65230   -1.65222   -1.65152   -1.65123   -1.65077   -1.65062   -1.65056   -1.64966
  -1.64920   -1.64892   -1.64683   -1.64534   -1.64329   -1.64273   -1.63067   -1.63057
  -1.62986   -1.62969   -1.62891   -1.62600   -1.62599   -1.62565   -1.62510   -1.62509
  -0.65314   -0.65287   -0.65182   -0.65165   -0.65149   -0.65138   -0.65124   -0.65061
  -0.65057   -0.65050   -0.65045   -0.64998   -0.64997   -0.64991   -0.64983   -0.64963
  -0.64897   -0.64864   -0.64816   -0.64813   -0.64435   -0.64431   -0.64377   -0.64367
  -0.64349   -0.64342   -0.64271   -0.64233   -0.64222   -0.64210   -0.64201   -0.64200
  -0.64152   -0.64151   -0.64134   -0.64132   -0.64096   -0.64087   -0.64087   -0.64075
  -0.40699   -0.39988   -0.38959   -0.37755   -0.36296   -0.34925   -0.33570   -0.33440
  -0.12932   -0.12842   -0.11499   -0.11109   -0.09357   -0.08661   -0.06503   -0.05843
  -0.03911   -0.02991   -0.02443   -0.01577   -0.00349    0.00197    0.01038    0.01403
   0.02163    0.02609    0.03195    0.03927    0.04129    0.04384    0.04895    0.05365
   0.05669    0.05866    0.07663    0.08692    0.09047    0.09947    0.13045    0.13420
   0.21773    0.22019    0.25636    0.25847    0.26422    0.26490    0.26807    0.27173
   0.27633    0.27827    0.28859    0.28861    0.29258    0.29471    0.29974    0.29974
   0.31090    0.31125    0.31358    0.32627    0.33591    0.33860    0.33863    0.34379
   0.34665    0.35646    0.35683    0.36392    0.36536    0.37614    0.37759    0.38163
   0.38274    0.38975    0.39690    0.39963    0.41130    0.42210    0.42998    0.44985
   0.46617    0.47157    0.47365    0.48542    0.49110    0.49275    0.49773    0.51414
   0.52011    0.52403    0.52504    0.52776    0.53538    0.54157    0.54562    0.55121
   0.55663    0.55716    0.56599    0.56709    0.57080    0.57217    0.58186    0.58635
   0.58843    0.59322    0.60223    0.60651    0.60736    0.61040    0.61239    0.61434
   0.62850    0.63694    0.65481    0.65482    0.65506    0.65583    0.65822    0.66292
   0.67741    0.67796    0.68182    0.69063    0.69157    0.69972    0.70352    0.70977
   0.71764    0.72571    0.73394    0.73634    0.74440    0.74656    0.74751    0.75571
   0.76084    0.77736    0.77769    0.78053    0.78228    0.78546    0.79547    0.79757
   0.80446    0.82137    0.82991    0.83034    0.83889    0.84128    0.84632    0.85091
   0.85245    0.86870    0.87048    0.87681    0.87915    0.87936    0.90000    0.90005
   0.91028    0.92112    0.92274    0.92385    0.92443    0.92448    0.93140    0.93394
   0.93632    0.93984
 kpt#   2, nband=250, wtk=  0.22222, kpt=  0.2500  0.0833  0.5000 (reduced coord)
  -1.65959   -1.65837   -1.65792   -1.65708   -1.65680   -1.65624   -1.65590   -1.65488
  -1.65445   -1.65437   -1.65339   -1.65253   -1.65218   -1.65203   -1.65129   -1.65099
  -1.65072   -1.64989   -1.64933   -1.64849   -1.64837   -1.64740   -1.64698   -1.64648
  -1.64621   -1.64606   -1.64510   -1.64509   -1.64253   -1.64244   -1.62988   -1.62942
  -1.62697   -1.62679   -1.62670   -1.62613   -1.62507   -1.62456   -1.62445   -1.62295
  -0.65292   -0.65254   -0.65130   -0.65129   -0.65096   -0.65093   -0.65082   -0.65066
  -0.65052   -0.65028   -0.65014   -0.64993   -0.64973   -0.64941   -0.64927   -0.64901
  -0.64876   -0.64854   -0.64852   -0.64813   -0.64426   -0.64403   -0.64323   -0.64321
  -0.64288   -0.64280   -0.64261   -0.64236   -0.64210   -0.64200   -0.64193   -0.64177
  -0.64117   -0.64110   -0.64102   -0.64094   -0.64082   -0.64080   -0.64070   -0.64059
  -0.39574   -0.38941   -0.38044   -0.37026   -0.35859   -0.34878   -0.33427   -0.33404
  -0.15295   -0.15081   -0.13795   -0.13625   -0.12263   -0.11419   -0.09298   -0.08047
  -0.06305   -0.03063   -0.01536   -0.01296    0.00060    0.00977    0.01844    0.02297
   0.02824    0.04137    0.04549    0.05392    0.05732    0.05971    0.06286    0.06404
   0.06805    0.07947    0.10711    0.12309    0.12466    0.12821    0.14044    0.15242
   0.19133    0.20070    0.20482    0.20696    0.21824    0.22280    0.22735    0.23663
   0.25391    0.25571    0.26268    0.26618    0.26845    0.27700    0.28036    0.28522
   0.29066    0.29653    0.30771    0.30815    0.30969    0.32311    0.32676    0.35163
   0.35896    0.36411    0.36719    0.37242    0.37450    0.37724    0.38378    0.38812
   0.39300    0.40733    0.41019    0.42309    0.44095    0.44190    0.45293    0.45671
   0.46763    0.47475    0.48534    0.49027    0.50609    0.50655    0.52183    0.53111
   0.53744    0.53899    0.54757    0.55359    0.56038    0.56279    0.57326    0.57521
   0.57768    0.58147    0.58654    0.58752    0.59619    0.59660    0.60148    0.60595
   0.61390    0.61880    0.63428    0.63606    0.63640    0.63852    0.64480    0.64612
   0.65269    0.65613    0.65864    0.66281    0.66600    0.66871    0.68559    0.68662
   0.69095    0.70429    0.70453    0.70953    0.71304    0.71773    0.72239    0.73243
   0.73914    0.74089    0.74543    0.75326    0.75367    0.75645    0.76016    0.77015
   0.77056    0.77417    0.77831    0.78668    0.78684    0.79466    0.79529    0.80241
   0.80795    0.80808    0.81539    0.82582    0.82729    0.83358    0.83788    0.84230
   0.84239    0.84500    0.84551    0.85141    0.85448    0.85833    0.86392    0.86832
   0.87607    0.88204    0.89970    0.90617    0.91454    0.91598    0.91778    0.92701
   0.92720    0.93213
 kpt#   3, nband=250, wtk=  0.22222, kpt=  0.4167  0.0833  0.5000 (reduced coord)
  -1.65884   -1.65850   -1.65762   -1.65746   -1.65665   -1.65624   -1.65567   -1.65548
  -1.65395   -1.65363   -1.65339   -1.65332   -1.65320   -1.65297   -1.65286   -1.65213
  -1.65197   -1.65111   -1.65087   -1.65059   -1.64997   -1.64989   -1.64982   -1.64965
  -1.64908   -1.64845   -1.64737   -1.64730   -1.64562   -1.64451   -1.63005   -1.62977
  -1.62856   -1.62820   -1.62793   -1.62706   -1.62690   -1.62631   -1.62618   -1.62524
  -0.65235   -0.65220   -0.65162   -0.65162   -0.65112   -0.65098   -0.65077   -0.65066
  -0.65063   -0.65060   -0.65051   -0.65015   -0.64994   -0.64985   -0.64947   -0.64935
  -0.64902   -0.64885   -0.64866   -0.64864   -0.64389   -0.64362   -0.64360   -0.64345
  -0.64304   -0.64303   -0.64267   -0.64232   -0.64229   -0.64214   -0.64214   -0.64201
  -0.64149   -0.64141   -0.64139   -0.64116   -0.64114   -0.64109   -0.64103   -0.64096
  -0.37654   -0.37247   -0.36746   -0.36281   -0.35895   -0.35733   -0.33401   -0.33401
  -0.17390   -0.17163   -0.16055   -0.15594   -0.14179   -0.13989   -0.12724   -0.11918
  -0.04066   -0.00978   -0.00832    0.01319    0.01501    0.02155    0.02709    0.03331
   0.04092    0.04577    0.04759    0.04814    0.05918    0.06003    0.06990    0.07306
   0.10875    0.12127    0.12633    0.13363    0.13660    0.13849    0.14815    0.15957
   0.16876    0.16897    0.18283    0.18360    0.19378    0.19532    0.20238    0.20602
   0.20919    0.21321    0.23186    0.23329    0.23729    0.24295    0.25188    0.25591
   0.26021    0.27299    0.28072    0.29355    0.30483    0.32225    0.33606    0.34526
   0.34973    0.37035    0.39773    0.39991    0.40877    0.41539    0.42498    0.43805
   0.44151    0.44557    0.44682    0.45045    0.46070    0.46656    0.46982    0.48299
   0.48570    0.48702    0.50199    0.51307    0.51962    0.51989    0.52021    0.53623
   0.53691    0.54173    0.54595    0.55073    0.55266    0.56756    0.57188    0.57531
   0.58053    0.58195    0.58378    0.59526    0.60145    0.60542    0.62195    0.62344
   0.62549    0.63456    0.63475    0.64199    0.65386    0.65594    0.65972    0.66578
   0.66711    0.67121    0.67429    0.68648    0.68672    0.68885    0.69461    0.69678
   0.70291    0.71259    0.71503    0.72079    0.72616    0.72800    0.73579    0.74062
   0.74775    0.74961    0.75387    0.76266    0.76611    0.77227    0.77705    0.77863
   0.78519    0.79131    0.79455    0.79759    0.80025    0.80701    0.81253    0.81552
   0.81832    0.82644    0.82860    0.83265    0.83467    0.84182    0.84512    0.85140
   0.85359    0.85607    0.85917    0.86482    0.87063    0.87179    0.87395    0.87984
   0.88237    0.88399    0.88783    0.88987    0.89329    0.90132    0.90229    0.90955
   0.91447    0.91733
 kpt#   4, nband=250, wtk=  0.11111, kpt=  0.2500  0.2500  0.5000 (reduced coord)
  -1.65883   -1.65789   -1.65777   -1.65685   -1.65606   -1.65516   -1.65445   -1.65438
  -1.65373   -1.65346   -1.65309   -1.65270   -1.65228   -1.65203   -1.65189   -1.65169
  -1.65145   -1.65092   -1.65035   -1.65001   -1.64912   -1.64884   -1.64855   -1.64842
  -1.64815   -1.64689   -1.64599   -1.64583   -1.64501   -1.64448   -1.63033   -1.62941
  -1.62705   -1.62684   -1.62673   -1.62640   -1.62598   -1.62591   -1.62510   -1.62489
  -0.65250   -0.65242   -0.65193   -0.65191   -0.65090   -0.65082   -0.65072   -0.65063
  -0.65055   -0.65043   -0.65042   -0.65028   -0.64982   -0.64963   -0.64927   -0.64893
  -0.64860   -0.64860   -0.64857   -0.64844   -0.64431   -0.64405   -0.64353   -0.64345
  -0.64272   -0.64252   -0.64243   -0.64218   -0.64215   -0.64213   -0.64200   -0.64194
  -0.64161   -0.64158   -0.64123   -0.64110   -0.64098   -0.64093   -0.64057   -0.64048
  -0.38517   -0.37959   -0.37191   -0.36350   -0.35443   -0.34774   -0.33099   -0.33097
  -0.15371   -0.15060   -0.13966   -0.13480   -0.11874   -0.11866   -0.09947   -0.08920
  -0.06128   -0.05222   -0.05036   -0.03927   -0.02434   -0.01352   -0.00721    0.01008
   0.01215    0.02417    0.02615    0.02921    0.03540    0.04951    0.05880    0.06185
   0.08424    0.10546    0.11381    0.11431    0.12281    0.12981    0.13742    0.15401
   0.19364    0.19612    0.20026    0.20083    0.20943    0.21855    0.22163    0.23761
   0.24409    0.24455    0.25506    0.28848    0.29344    0.29559    0.30202    0.30640
   0.31201    0.32080    0.32348    0.32594    0.32961    0.33858    0.34429    0.34580
   0.35042    0.35085    0.36445    0.37998    0.38836    0.41820    0.42745    0.42752
   0.43364    0.43444    0.44086    0.44687    0.45230    0.46162    0.46628    0.46972
   0.47258    0.48798    0.49165    0.49564    0.49981    0.50541    0.51148    0.51270
   0.51830    0.52400    0.52883    0.52894    0.54524    0.54820    0.54845    0.55075
   0.56077    0.57122    0.58456    0.59262    0.59373    0.60257    0.61365    0.62104
   0.63079    0.63327    0.63604    0.63605    0.63990    0.64200    0.65511    0.66127
   0.67297    0.68283    0.68474    0.68878    0.69397    0.69510    0.70562    0.72017
   0.72303    0.73106    0.73586    0.73801    0.73853    0.74688    0.74893    0.75086
   0.76821    0.77002    0.77314    0.77548    0.77625    0.77713    0.78187    0.78279
   0.78281    0.78621    0.78905    0.78941    0.79258    0.79515    0.80104    0.80913
   0.81349    0.81487    0.81575    0.81976    0.82185    0.82710    0.83045    0.83267
   0.83792    0.84739    0.85526    0.85725    0.85902    0.85985    0.86257    0.86487
   0.87123    0.87480    0.87591    0.87619    0.87657    0.88108    0.88232    0.89086
   0.89292    0.89549
 kpt#   5, nband=250, wtk=  0.22222, kpt=  0.4167  0.2500  0.5000 (reduced coord)
  -1.65892   -1.65868   -1.65852   -1.65694   -1.65671   -1.65591   -1.65500   -1.65483
  -1.65430   -1.65418   -1.65374   -1.65330   -1.65327   -1.65239   -1.65224   -1.65217
  -1.65166   -1.65165   -1.65123   -1.65041   -1.65033   -1.64995   -1.64955   -1.64899
  -1.64859   -1.64827   -1.64815   -1.64706   -1.64671   -1.64596   -1.63060   -1.62953
  -1.62893   -1.62827   -1.62750   -1.62703   -1.62699   -1.62665   -1.62607   -1.62594
  -0.65239   -0.65238   -0.65232   -0.65215   -0.65110   -0.65090   -0.65077   -0.65069
  -0.65061   -0.65058   -0.65050   -0.65050   -0.64986   -0.64974   -0.64916   -0.64913
  -0.64892   -0.64886   -0.64875   -0.64868   -0.64443   -0.64428   -0.64353   -0.64353
  -0.64285   -0.64270   -0.64239   -0.64227   -0.64223   -0.64218   -0.64212   -0.64210
  -0.64186   -0.64180   -0.64135   -0.64129   -0.64122   -0.64109   -0.64078   -0.64063
  -0.36811   -0.36463   -0.36050   -0.35686   -0.35395   -0.35295   -0.32805   -0.32805
  -0.16010   -0.15813   -0.14650   -0.14256   -0.12770   -0.12483   -0.11387   -0.10867
  -0.05110   -0.04759   -0.03458   -0.02904   -0.01965   -0.01455   -0.00831   -0.00580
   0.00444    0.00527    0.00723    0.01248    0.01835    0.02596    0.04035    0.04098
   0.05754    0.07204    0.08035    0.08785    0.09061    0.10244    0.12193    0.13811
   0.20295    0.22353    0.23299    0.23570    0.23734    0.24649    0.25812    0.26185
   0.27131    0.27496    0.28111    0.28230    0.29544    0.29996    0.30463    0.30916
   0.31529    0.31633    0.31873    0.31901    0.33074    0.34137    0.34518    0.34972
   0.35176    0.35472    0.37444    0.38638    0.38787    0.39227    0.40438    0.41754
   0.42564    0.43470    0.43612    0.45171    0.48347    0.48717    0.48865    0.49171
   0.50106    0.50381    0.50960    0.51957    0.52693    0.53702    0.54385    0.54446
   0.55403    0.55645    0.55844    0.57443    0.57471    0.57984    0.58718    0.58939
   0.59667    0.60144    0.60217    0.60541    0.60570    0.61453    0.61837    0.62026
   0.62084    0.63171    0.63343    0.64582    0.64765    0.65174    0.65476    0.65735
   0.66503    0.66979    0.67019    0.67101    0.67636    0.68435    0.68777    0.69516
   0.70135    0.70600    0.71530    0.71909    0.72143    0.72616    0.72919    0.73980
   0.74442    0.75165    0.75204    0.75843    0.76171    0.76772    0.77264    0.77274
   0.78259    0.78909    0.78981    0.79691    0.80263    0.80626    0.80670    0.81085
   0.81577    0.82216    0.82513    0.82554    0.83639    0.84054    0.84553    0.84907
   0.85170    0.85190    0.85560    0.86455    0.86777    0.86836    0.87288    0.87340
   0.87911    0.88305    0.88351    0.89042    0.89384    0.89615    0.89848    0.90234
   0.90690    0.91095
 kpt#   6, nband=250, wtk=  0.11111, kpt=  0.4167  0.4167  0.5000 (reduced coord)
  -1.65964   -1.65944   -1.65695   -1.65678   -1.65611   -1.65589   -1.65544   -1.65491
  -1.65482   -1.65417   -1.65331   -1.65319   -1.65307   -1.65304   -1.65291   -1.65235
  -1.65223   -1.65192   -1.65184   -1.65125   -1.65084   -1.65074   -1.64924   -1.64860
  -1.64836   -1.64799   -1.64766   -1.64536   -1.64447   -1.64413   -1.63053   -1.62976
  -1.62921   -1.62900   -1.62760   -1.62722   -1.62659   -1.62588   -1.62548   -1.62382
  -0.65301   -0.65286   -0.65211   -0.65207   -0.65148   -0.65106   -0.65096   -0.65078
  -0.65054   -0.65052   -0.65042   -0.65023   -0.64963   -0.64958   -0.64909   -0.64900
  -0.64889   -0.64885   -0.64866   -0.64860   -0.64494   -0.64492   -0.64349   -0.64322
  -0.64260   -0.64250   -0.64238   -0.64236   -0.64232   -0.64228   -0.64214   -0.64212
  -0.64181   -0.64168   -0.64146   -0.64140   -0.64124   -0.64085   -0.64054   -0.64049
  -0.35661   -0.35450   -0.35242   -0.35125   -0.34993   -0.34987   -0.32161   -0.32161
  -0.14065   -0.13993   -0.12562   -0.12476   -0.10629   -0.10529   -0.09509   -0.08891
  -0.08508   -0.07966   -0.06641   -0.05271   -0.05099   -0.05048   -0.03944   -0.03324
  -0.03134   -0.01621   -0.01499   -0.01416   -0.00280    0.00006    0.00165    0.00616
   0.02414    0.02954    0.03844    0.04342    0.08057    0.08972    0.12590    0.13282
   0.22374    0.23198    0.26371    0.27119    0.27155    0.28158    0.28275    0.28490
   0.30378    0.30442    0.31486    0.32349    0.32394    0.32681    0.32765    0.34079
   0.34465    0.35333    0.35436    0.35892    0.35980    0.36092    0.36795    0.37238
   0.37404    0.37691    0.38704    0.38846    0.39248    0.40155    0.40159    0.40592
   0.42037    0.43612    0.44819    0.45508    0.46070    0.47609    0.48794    0.49385
   0.52074    0.52227    0.52722    0.53975    0.56020    0.56148    0.56180    0.56597
   0.57596    0.58029    0.58524    0.58643    0.58914    0.60025    0.60582    0.60974
   0.61130    0.61293    0.61389    0.61856    0.62570    0.62798    0.63250    0.63268
   0.64093    0.64168    0.64254    0.64687    0.64702    0.65250    0.65543    0.65962
   0.66454    0.66856    0.68215    0.68641    0.68734    0.68860    0.69184    0.69594
   0.70024    0.70169    0.71033    0.71191    0.71431    0.71838    0.72080    0.72251
   0.72808    0.72893    0.73206    0.73341    0.73684    0.74187    0.74404    0.74704
   0.75266    0.75666    0.76194    0.77056    0.77597    0.77916    0.78060    0.78951
   0.79020    0.79118    0.79935    0.80298    0.80326    0.81656    0.81921    0.81943
   0.82164    0.82206    0.83058    0.83148    0.83750    0.84099    0.84136    0.84636
   0.84877    0.85545    0.85785    0.86065    0.87368    0.87372    0.87652    0.87936
   0.88052    0.88350
