 Fermi (or HOMO) energy (hartree) =   0.15957   Average Vxc (hartree)=  -0.32557
 Eigenvalues (hartree) for nkpt=   6  k points:
 kpt#   1, nband=122, wtk=  0.11111, kpt=  0.0833  0.0833  0.5000 (reduced coord)
  -1.66111   -1.66052   -1.65747   -1.65730   -1.65665   -1.65643   -1.65635   -1.65572
  -1.65512   -1.65507   -1.65443   -1.65408   -1.65382   -1.65339   -1.65328   -1.65232
  -1.65230   -1.65222   -1.65152   -1.65123   -1.65077   -1.65062   -1.65056   -1.64966
  -1.64920   -1.64892   -1.64683   -1.64534   -1.64329   -1.64273   -1.63067   -1.63057
  -1.62986   -1.62969   -1.62891   -1.62600   -1.62599   -1.62565   -1.62510   -1.62509
  -0.65314   -0.65287   -0.65182   -0.65165   -0.65149   -0.65138   -0.65124   -0.65061
  -0.65057   -0.65050   -0.65045   -0.64998   -0.64997   -0.64991   -0.64983   -0.64963
  -0.64897   -0.64864   -0.64816   -0.64813   -0.64435   -0.64431   -0.64377   -0.64367
  -0.64349   -0.64342   -0.64271   -0.64233   -0.64222   -0.64210   -0.64201   -0.64200
  -0.64152   -0.64151   -0.64134   -0.64132   -0.64096   -0.64087   -0.64087   -0.64075
  -0.40699   -0.39988   -0.38959   -0.37755   -0.36296   -0.34925   -0.33570   -0.33440
  -0.12932   -0.12842   -0.11499   -0.11109   -0.09357   -0.08661   -0.06503   -0.05843
  -0.03911   -0.02991   -0.02443   -0.01577   -0.00349    0.00197    0.01038    0.01403
   0.02163    0.02609    0.03195    0.03927    0.04129    0.04384    0.04895    0.05365
   0.05669    0.05866    0.07663    0.08692    0.09047    0.09947    0.13045    0.13420
   0.21773    0.22019
 kpt#   2, nband=122, wtk=  0.22222, kpt=  0.2500  0.0833  0.5000 (reduced coord)
  -1.65959   -1.65837   -1.65792   -1.65708   -1.65680   -1.65624   -1.65590   -1.65488
  -1.65445   -1.65437   -1.65339   -1.65253   -1.65218   -1.65203   -1.65129   -1.65099
  -1.65072   -1.64989   -1.64933   -1.64849   -1.64837   -1.64740   -1.64698   -1.64648
  -1.64621   -1.64606   -1.64510   -1.64509   -1.64253   -1.64244   -1.62988   -1.62942
  -1.62697   -1.62679   -1.62670   -1.62613   -1.62507   -1.62456   -1.62445   -1.62295
  -0.65292   -0.65254   -0.65130   -0.65129   -0.65096   -0.65093   -0.65082   -0.65066
  -0.65052   -0.65028   -0.65014   -0.64993   -0.64973   -0.64941   -0.64927   -0.64901
  -0.64876   -0.64854   -0.64852   -0.64813   -0.64426   -0.64403   -0.64323   -0.64321
  -0.64288   -0.64280   -0.64261   -0.64236   -0.64210   -0.64200   -0.64193   -0.64177
  -0.64117   -0.64110   -0.64102   -0.64094   -0.64082   -0.64080   -0.64070   -0.64059
  -0.39574   -0.38941   -0.38044   -0.37026   -0.35859   -0.34878   -0.33427   -0.33404
  -0.15295   -0.15081   -0.13795   -0.13625   -0.12263   -0.11419   -0.09298   -0.08047
  -0.06305   -0.03063   -0.01536   -0.01296    0.00060    0.00977    0.01844    0.02297
   0.02824    0.04137    0.04549    0.05392    0.05732    0.05971    0.06286    0.06404
   0.06805    0.07947    0.10711    0.12309    0.12466    0.12821    0.14044    0.15242
   0.19133    0.20070
 kpt#   3, nband=122, wtk=  0.22222, kpt=  0.4167  0.0833  0.5000 (reduced coord)
  -1.65884   -1.65850   -1.65762   -1.65746   -1.65665   -1.65624   -1.65567   -1.65548
  -1.65395   -1.65363   -1.65339   -1.65332   -1.65320   -1.65297   -1.65286   -1.65213
  -1.65197   -1.65111   -1.65087   -1.65059   -1.64997   -1.64989   -1.64982   -1.64965
  -1.64908   -1.64845   -1.64737   -1.64730   -1.64562   -1.64451   -1.63005   -1.62977
  -1.62856   -1.62820   -1.62793   -1.62706   -1.62690   -1.62631   -1.62618   -1.62524
  -0.65235   -0.65220   -0.65162   -0.65162   -0.65112   -0.65098   -0.65077   -0.65066
  -0.65063   -0.65060   -0.65051   -0.65015   -0.64994   -0.64985   -0.64947   -0.64935
  -0.64902   -0.64885   -0.64866   -0.64864   -0.64389   -0.64362   -0.64360   -0.64345
  -0.64304   -0.64303   -0.64267   -0.64232   -0.64229   -0.64214   -0.64214   -0.64201
  -0.64149   -0.64141   -0.64139   -0.64116   -0.64114   -0.64109   -0.64103   -0.64096
  -0.37654   -0.37247   -0.36746   -0.36281   -0.35895   -0.35733   -0.33401   -0.33401
  -0.17390   -0.17163   -0.16055   -0.15594   -0.14179   -0.13989   -0.12724   -0.11918
  -0.04066   -0.00978   -0.00832    0.01319    0.01501    0.02155    0.02709    0.03331
   0.04092    0.04577    0.04759    0.04814    0.05918    0.06003    0.06990    0.07306
   0.10875    0.12127    0.12633    0.13363    0.13660    0.13849    0.14815    0.15957
   0.16876    0.16897
 kpt#   4, nband=122, wtk=  0.11111, kpt=  0.2500  0.2500  0.5000 (reduced coord)
  -1.65883   -1.65789   -1.65777   -1.65685   -1.65606   -1.65516   -1.65445   -1.65438
  -1.65373   -1.65346   -1.65309   -1.65270   -1.65228   -1.65203   -1.65189   -1.65169
  -1.65145   -1.65092   -1.65035   -1.65001   -1.64912   -1.64884   -1.64855   -1.64842
  -1.64815   -1.64689   -1.64599   -1.64583   -1.64501   -1.64448   -1.63033   -1.62941
  -1.62705   -1.62684   -1.62673   -1.62640   -1.62598   -1.62591   -1.62510   -1.62489
  -0.65250   -0.65242   -0.65193   -0.65191   -0.65090   -0.65082   -0.65072   -0.65063
  -0.65055   -0.65043   -0.65042   -0.65028   -0.64982   -0.64963   -0.64927   -0.64893
  -0.64860   -0.64860   -0.64857   -0.64844   -0.64431   -0.64405   -0.64353   -0.64345
  -0.64272   -0.64252   -0.64243   -0.64218   -0.64215   -0.64213   -0.64200   -0.64194
  -0.64161   -0.64158   -0.64123   -0.64110   -0.64098   -0.64093   -0.64057   -0.64048
  -0.38517   -0.37959   -0.37191   -0.36350   -0.35443   -0.34774   -0.33099   -0.33097
  -0.15371   -0.15060   -0.13966   -0.13480   -0.11874   -0.11866   -0.09947   -0.08920
  -0.06128   -0.05222   -0.05036   -0.03927   -0.02434   -0.01352   -0.00721    0.01008
   0.01215    0.02417    0.02615    0.02921    0.03540    0.04951    0.05880    0.06185
   0.08424    0.10546    0.11381    0.11431    0.12281    0.12981    0.13742    0.15401
   0.19364    0.19612
 kpt#   5, nband=122, wtk=  0.22222, kpt=  0.4167  0.2500  0.5000 (reduced coord)
  -1.65892   -1.65868   -1.65852   -1.65694   -1.65671   -1.65591   -1.65500   -1.65483
  -1.65430   -1.65418   -1.65374   -1.65330   -1.65327   -1.65239   -1.65224   -1.65217
  -1.65166   -1.65165   -1.65123   -1.65041   -1.65033   -1.64995   -1.64955   -1.64899
  -1.64859   -1.64827   -1.64815   -1.64706   -1.64671   -1.64596   -1.63060   -1.62953
  -1.62893   -1.62827   -1.62750   -1.62703   -1.62699   -1.62665   -1.62607   -1.62594
  -0.65239   -0.65238   -0.65232   -0.65215   -0.65110   -0.65090   -0.65077   -0.65069
  -0.65061   -0.65058   -0.65050   -0.65050   -0.64986   -0.64974   -0.64916   -0.64913
  -0.64892   -0.64886   -0.64875   -0.64868   -0.64443   -0.64428   -0.64353   -0.64353
  -0.64285   -0.64270   -0.64239   -0.64227   -0.64223   -0.64218   -0.64212   -0.64210
  -0.64186   -0.64180   -0.64135   -0.64129   -0.64122   -0.64109   -0.64078   -0.64063
  -0.36811   -0.36463   -0.36050   -0.35686   -0.35395   -0.35295   -0.32805   -0.32805
  -0.16010   -0.15813   -0.14650   -0.14256   -0.12770   -0.12483   -0.11387   -0.10867
  -0.05110   -0.04759   -0.03458   -0.02904   -0.01965   -0.01455   -0.00831   -0.00580
   0.00444    0.00527    0.00723    0.01248    0.01835    0.02596    0.04035    0.04098
   0.05754    0.07204    0.08035    0.08785    0.09061    0.10244    0.12193    0.13811
   0.20295    0.22353
 kpt#   6, nband=122, wtk=  0.11111, kpt=  0.4167  0.4167  0.5000 (reduced coord)
  -1.65964   -1.65944   -1.65695   -1.65678   -1.65611   -1.65589   -1.65544   -1.65491
  -1.65482   -1.65417   -1.65331   -1.65319   -1.65307   -1.65304   -1.65291   -1.65235
  -1.65223   -1.65192   -1.65184   -1.65125   -1.65084   -1.65074   -1.64924   -1.64860
  -1.64836   -1.64799   -1.64766   -1.64536   -1.64447   -1.64413   -1.63053   -1.62976
  -1.62921   -1.62900   -1.62760   -1.62722   -1.62659   -1.62588   -1.62548   -1.62382
  -0.65301   -0.65286   -0.65211   -0.65207   -0.65148   -0.65106   -0.65096   -0.65078
  -0.65054   -0.65052   -0.65042   -0.65023   -0.64963   -0.64958   -0.64909   -0.64900
  -0.64889   -0.64885   -0.64866   -0.64860   -0.64494   -0.64492   -0.64349   -0.64322
  -0.64260   -0.64250   -0.64238   -0.64236   -0.64232   -0.64228   -0.64214   -0.64212
  -0.64181   -0.64168   -0.64146   -0.64140   -0.64124   -0.64085   -0.64054   -0.64049
  -0.35661   -0.35450   -0.35242   -0.35125   -0.34993   -0.34987   -0.32161   -0.32161
  -0.14065   -0.13993   -0.12562   -0.12476   -0.10629   -0.10529   -0.09509   -0.08891
  -0.08508   -0.07966   -0.06641   -0.05271   -0.05099   -0.05048   -0.03944   -0.03324
  -0.03134   -0.01621   -0.01499   -0.01416   -0.00280    0.00006    0.00165    0.00616
   0.02414    0.02954    0.03844    0.04342    0.08057    0.08972    0.12590    0.13282
   0.22374    0.23198
