 Eigenvalues (hartree) for nkpt=  57  k points:
 kpt#   1, nband=136, wtk=  1.00000, kpt=  0.5000  0.5000  0.0000 (reduced coord)
  -1.65648   -1.65648   -1.65647   -1.65647   -1.65396   -1.65396   -1.65384   -1.65384
  -1.65363   -1.65363   -1.65293   -1.65293   -1.65275   -1.65275   -1.65258   -1.65258
  -1.65228   -1.65228   -1.65205   -1.65205   -1.65105   -1.65105   -1.65082   -1.65082
  -1.64814   -1.64814   -1.64645   -1.64645   -1.64134   -1.64134   -1.63031   -1.63031
  -1.63015   -1.63015   -1.62585   -1.62585   -1.62569   -1.62569   -1.62522   -1.62522
  -0.65156   -0.65156   -0.65106   -0.65106   -0.64947   -0.64947   -0.64939   -0.64939
  -0.64922   -0.64922   -0.64904   -0.64904   -0.64766   -0.64766   -0.64716   -0.64716
  -0.64716   -0.64716   -0.64694   -0.64694   -0.64590   -0.64590   -0.64455   -0.64455
  -0.64342   -0.64342   -0.64328   -0.64328   -0.64299   -0.64299   -0.64290   -0.64290
  -0.64287   -0.64287   -0.64265   -0.64265   -0.64255   -0.64255   -0.64199   -0.64199
  -0.35042   -0.35042   -0.34974   -0.34974   -0.34899   -0.34899   -0.31995   -0.31995
  -0.12939   -0.12939   -0.11385   -0.11385   -0.09148   -0.09148   -0.09067   -0.09067
  -0.08303   -0.08303   -0.07020   -0.07020   -0.06813   -0.06813   -0.05450   -0.05450
  -0.03630   -0.03630   -0.01825   -0.01825   -0.00449   -0.00449   -0.00378   -0.00378
   0.00327    0.00327    0.03750    0.03750    0.08540    0.08540    0.13078    0.13078
   0.23303    0.23303    0.26128    0.26128    0.28042    0.28042    0.28465    0.28465
   0.30365    0.30365    0.32808    0.32808    0.34260    0.34260    0.34268    0.34268
 kpt#   2, nband=136, wtk=  1.00000, kpt=  0.4500  0.4500  0.0500 (reduced coord)
  -1.65785   -1.65753   -1.65734   -1.65682   -1.65666   -1.65600   -1.65586   -1.65515
  -1.65473   -1.65385   -1.65345   -1.65318   -1.65305   -1.65268   -1.65250   -1.65236
  -1.65211   -1.65189   -1.65131   -1.65122   -1.65032   -1.64983   -1.64974   -1.64964
  -1.64839   -1.64749   -1.64681   -1.64674   -1.64408   -1.64184   -1.63009   -1.62967
  -1.62923   -1.62894   -1.62830   -1.62733   -1.62681   -1.62605   -1.62565   -1.62542
  -0.65138   -0.65124   -0.65108   -0.65100   -0.64965   -0.64954   -0.64951   -0.64948
  -0.64925   -0.64925   -0.64890   -0.64882   -0.64831   -0.64820   -0.64732   -0.64724
  -0.64715   -0.64712   -0.64697   -0.64690   -0.64572   -0.64571   -0.64443   -0.64434
  -0.64384   -0.64370   -0.64355   -0.64344   -0.64335   -0.64328   -0.64308   -0.64301
  -0.64291   -0.64289   -0.64282   -0.64273   -0.64266   -0.64252   -0.64182   -0.64178
  -0.35222   -0.35133   -0.35066   -0.35009   -0.34962   -0.34934   -0.32079   -0.32078
  -0.13387   -0.13362   -0.11905   -0.11899   -0.09984   -0.09964   -0.09077   -0.09011
  -0.08168   -0.07625   -0.06885   -0.06725   -0.06323   -0.05511   -0.05317   -0.04504
  -0.03499   -0.02745   -0.01698   -0.01101   -0.01059   -0.00256   -0.00255    0.00445
   0.00932    0.01460    0.03683    0.03943    0.08343    0.08692    0.12906    0.13164
   0.22923    0.23234    0.26255    0.26545    0.27952    0.28141    0.28277    0.28294
   0.30406    0.30666    0.32542    0.32768    0.33414    0.33898    0.34088    0.34173
 kpt#   3, nband=136, wtk=  1.00000, kpt=  0.4000  0.4000  0.1000 (reduced coord)
  -1.65948   -1.65755   -1.65721   -1.65711   -1.65695   -1.65657   -1.65586   -1.65544
  -1.65491   -1.65451   -1.65443   -1.65375   -1.65355   -1.65324   -1.65297   -1.65276
  -1.65231   -1.65230   -1.65179   -1.65164   -1.65147   -1.65043   -1.64990   -1.64929
  -1.64846   -1.64817   -1.64720   -1.64539   -1.64436   -1.64323   -1.63037   -1.62988
  -1.62931   -1.62881   -1.62839   -1.62778   -1.62720   -1.62712   -1.62672   -1.62565
  -0.65137   -0.65127   -0.65109   -0.65101   -0.64985   -0.64963   -0.64957   -0.64939
  -0.64925   -0.64921   -0.64906   -0.64894   -0.64831   -0.64818   -0.64752   -0.64721
  -0.64719   -0.64715   -0.64714   -0.64709   -0.64570   -0.64551   -0.64445   -0.64433
  -0.64387   -0.64373   -0.64351   -0.64342   -0.64340   -0.64335   -0.64323   -0.64312
  -0.64308   -0.64302   -0.64288   -0.64284   -0.64276   -0.64247   -0.64201   -0.64188
  -0.35770   -0.35581   -0.35381   -0.35167   -0.34971   -0.34921   -0.32303   -0.32303
  -0.14248   -0.14135   -0.12860   -0.12690   -0.10926   -0.10812   -0.09738   -0.08948
  -0.08606   -0.07765   -0.06486   -0.04924   -0.04353   -0.04091   -0.03113   -0.03061
  -0.02326   -0.01832   -0.01323   -0.00607    0.00091    0.00108    0.00500    0.00795
   0.03137    0.03526    0.04481    0.04679    0.07909    0.09162    0.12441    0.13415
   0.22007    0.23176    0.26639    0.26653    0.27605    0.28138    0.28417    0.28440
   0.29940    0.30457    0.30499    0.31501    0.31790    0.31872    0.32632    0.33765
 kpt#   4, nband=136, wtk=  1.00000, kpt=  0.3500  0.3500  0.1500 (reduced coord)
  -1.65902   -1.65823   -1.65707   -1.65665   -1.65636   -1.65594   -1.65573   -1.65470
  -1.65431   -1.65354   -1.65297   -1.65285   -1.65228   -1.65221   -1.65186   -1.65182
  -1.65117   -1.65068   -1.65053   -1.65043   -1.65027   -1.64968   -1.64962   -1.64794
  -1.64750   -1.64701   -1.64685   -1.64543   -1.64452   -1.64337   -1.63051   -1.62908
  -1.62899   -1.62777   -1.62763   -1.62726   -1.62621   -1.62616   -1.62570   -1.62531
  -0.65116   -0.65112   -0.65099   -0.65076   -0.64956   -0.64953   -0.64933   -0.64923
  -0.64910   -0.64909   -0.64904   -0.64882   -0.64831   -0.64805   -0.64725   -0.64719
  -0.64718   -0.64706   -0.64704   -0.64695   -0.64542   -0.64533   -0.64432   -0.64419
  -0.64386   -0.64366   -0.64340   -0.64339   -0.64332   -0.64317   -0.64311   -0.64305
  -0.64293   -0.64278   -0.64270   -0.64268   -0.64256   -0.64249   -0.64198   -0.64178
  -0.36571   -0.36269   -0.35888   -0.35460   -0.35037   -0.34828   -0.32602   -0.32601
  -0.14966   -0.14730   -0.13660   -0.13224   -0.11741   -0.11310   -0.10081   -0.09987
  -0.07949   -0.07111   -0.05840   -0.04288   -0.02835   -0.02489   -0.01767   -0.01307
  -0.00717    0.00016    0.00087    0.00492    0.00691    0.01355    0.01659    0.01795
   0.04697    0.05643    0.06760    0.07471    0.08024    0.10028    0.11910    0.13808
   0.20991    0.23295    0.24962    0.25711    0.25857    0.26872    0.27279    0.27973
   0.28459    0.28828    0.29149    0.30281    0.30373    0.30537    0.31341    0.32131
 kpt#   5, nband=136, wtk=  1.00000, kpt=  0.3000  0.3000  0.2000 (reduced coord)
  -1.65810   -1.65782   -1.65764   -1.65728   -1.65665   -1.65651   -1.65583   -1.65542
  -1.65493   -1.65435   -1.65421   -1.65309   -1.65275   -1.65270   -1.65138   -1.65121
  -1.65081   -1.65035   -1.65014   -1.64989   -1.64940   -1.64932   -1.64871   -1.64740
  -1.64729   -1.64646   -1.64611   -1.64605   -1.64498   -1.64371   -1.63171   -1.63031
  -1.62824   -1.62777   -1.62736   -1.62692   -1.62648   -1.62561   -1.62557   -1.62449
  -0.65131   -0.65103   -0.65096   -0.65087   -0.64951   -0.64945   -0.64938   -0.64925
  -0.64923   -0.64913   -0.64886   -0.64872   -0.64826   -0.64822   -0.64729   -0.64721
  -0.64707   -0.64701   -0.64698   -0.64673   -0.64545   -0.64522   -0.64442   -0.64434
  -0.64383   -0.64377   -0.64341   -0.64338   -0.64327   -0.64319   -0.64299   -0.64289
  -0.64284   -0.64282   -0.64278   -0.64275   -0.64255   -0.64242   -0.64181   -0.64163
  -0.37489   -0.37086   -0.36527   -0.35869   -0.35168   -0.34732   -0.32905   -0.32905
  -0.15322   -0.15005   -0.14049   -0.13474   -0.12124   -0.11654   -0.10458   -0.09677
  -0.07067   -0.06236   -0.04974   -0.03929   -0.03438   -0.01656   -0.00389    0.00084
   0.00087    0.01435    0.01462    0.02091    0.02627    0.03029    0.03353    0.04144
   0.06051    0.08272    0.08846    0.10379    0.10440    0.11626    0.11904    0.14379
   0.20216    0.21962    0.22129    0.22459    0.23056    0.24165    0.24505    0.25517
   0.27294    0.27517    0.28115    0.28263    0.29187    0.29223    0.30454    0.31411
 kpt#   6, nband=136, wtk=  1.00000, kpt=  0.2500  0.2500  0.2500 (reduced coord)
  -1.65929   -1.65870   -1.65750   -1.65670   -1.65637   -1.65562   -1.65527   -1.65497
  -1.65492   -1.65420   -1.65344   -1.65316   -1.65316   -1.65237   -1.65179   -1.65152
  -1.65129   -1.65074   -1.65045   -1.65014   -1.65002   -1.64924   -1.64902   -1.64824
  -1.64783   -1.64689   -1.64634   -1.64582   -1.64445   -1.64306   -1.63124   -1.62958
  -1.62797   -1.62788   -1.62682   -1.62682   -1.62656   -1.62627   -1.62609   -1.62487
  -0.65142   -0.65108   -0.65062   -0.65045   -0.64951   -0.64944   -0.64933   -0.64930
  -0.64927   -0.64919   -0.64900   -0.64873   -0.64831   -0.64807   -0.64750   -0.64724
  -0.64714   -0.64701   -0.64696   -0.64696   -0.64513   -0.64497   -0.64444   -0.64432
  -0.64381   -0.64373   -0.64355   -0.64342   -0.64329   -0.64314   -0.64304   -0.64293
  -0.64291   -0.64275   -0.64270   -0.64256   -0.64255   -0.64237   -0.64201   -0.64195
  -0.38412   -0.37925   -0.37217   -0.36356   -0.35379   -0.34668   -0.33164   -0.33160
  -0.15259   -0.14957   -0.13925   -0.13490   -0.11879   -0.11859   -0.09997   -0.08896
  -0.06007   -0.05184   -0.04983   -0.03936   -0.02420   -0.01349   -0.00664    0.01038
   0.01280    0.02369    0.02618    0.02951    0.03590    0.05028    0.05828    0.06166
   0.08506    0.10499    0.11381    0.11554    0.12268    0.13018    0.13707    0.15433
   0.19425    0.19704    0.20029    0.20151    0.20956    0.21817    0.22173    0.23705
   0.24427    0.24453    0.25565    0.28967    0.29374    0.29421    0.30273    0.30588
 kpt#   7, nband=136, wtk=  1.00000, kpt=  0.2000  0.2000  0.3000 (reduced coord)
  -1.65940   -1.65828   -1.65789   -1.65712   -1.65587   -1.65543   -1.65487   -1.65442
  -1.65414   -1.65394   -1.65310   -1.65219   -1.65210   -1.65182   -1.65160   -1.65108
  -1.65028   -1.65016   -1.64962   -1.64930   -1.64883   -1.64857   -1.64817   -1.64778
  -1.64763   -1.64693   -1.64515   -1.64299   -1.64282   -1.64181   -1.62997   -1.62983
  -1.62801   -1.62744   -1.62718   -1.62637   -1.62573   -1.62547   -1.62483   -1.62276
  -0.65154   -0.65133   -0.64985   -0.64974   -0.64951   -0.64948   -0.64939   -0.64936
  -0.64926   -0.64915   -0.64908   -0.64821   -0.64796   -0.64756   -0.64750   -0.64747
  -0.64724   -0.64702   -0.64687   -0.64676   -0.64510   -0.64498   -0.64424   -0.64408
  -0.64369   -0.64365   -0.64350   -0.64333   -0.64319   -0.64313   -0.64292   -0.64284
  -0.64263   -0.64259   -0.64255   -0.64250   -0.64244   -0.64224   -0.64210   -0.64203
  -0.39251   -0.38700   -0.37878   -0.36856   -0.35649   -0.34667   -0.33362   -0.33337
  -0.14803   -0.14576   -0.13354   -0.13189   -0.11627   -0.11122   -0.09028   -0.07732
  -0.05861   -0.04838   -0.04025   -0.02794   -0.02211   -0.01305    0.00417    0.01844
   0.02067    0.02347    0.03342    0.03864    0.05014    0.05283    0.06916    0.07057
   0.09243    0.10325    0.11329    0.12290    0.12785    0.13186    0.14981    0.16223
   0.18659    0.18810    0.20118    0.20386    0.21283    0.21584    0.21733    0.22970
   0.23166    0.23874    0.26352    0.28473    0.29324    0.29399    0.30103    0.30541
 kpt#   8, nband=136, wtk=  1.00000, kpt=  0.1500  0.1500  0.3500 (reduced coord)
  -1.65922   -1.65833   -1.65788   -1.65745   -1.65641   -1.65617   -1.65548   -1.65510
  -1.65497   -1.65463   -1.65388   -1.65385   -1.65374   -1.65331   -1.65251   -1.65236
  -1.65205   -1.65156   -1.65093   -1.65038   -1.64995   -1.64979   -1.64930   -1.64919
  -1.64880   -1.64772   -1.64731   -1.64532   -1.64326   -1.64316   -1.63089   -1.63022
  -1.62979   -1.62908   -1.62730   -1.62727   -1.62661   -1.62605   -1.62601   -1.62499
  -0.65191   -0.65147   -0.64998   -0.64987   -0.64985   -0.64979   -0.64974   -0.64934
  -0.64930   -0.64930   -0.64898   -0.64844   -0.64815   -0.64800   -0.64791   -0.64774
  -0.64723   -0.64712   -0.64682   -0.64675   -0.64520   -0.64515   -0.64434   -0.64423
  -0.64422   -0.64416   -0.64396   -0.64374   -0.64321   -0.64304   -0.64288   -0.64283
  -0.64275   -0.64266   -0.64264   -0.64256   -0.64246   -0.64242   -0.64239   -0.64233
  -0.39948   -0.39351   -0.38446   -0.37309   -0.35930   -0.34731   -0.33506   -0.33431
  -0.14038   -0.13891   -0.12558   -0.12467   -0.10892   -0.10061   -0.07738   -0.06638
  -0.06042   -0.03660   -0.02858   -0.02818   -0.01650   -0.00194    0.01089    0.01486
   0.03074    0.03326    0.04239    0.04286    0.04741    0.05835    0.05859    0.06058
   0.06881    0.07273    0.10013    0.11680    0.12012    0.12070    0.14236    0.14744
   0.20073    0.21345    0.21674    0.21792    0.22628    0.22939    0.23658    0.25096
   0.26883    0.27453    0.27789    0.28087    0.28327    0.28810    0.29110    0.29370
 kpt#   9, nband=136, wtk=  1.00000, kpt=  0.1000  0.1000  0.4000 (reduced coord)
  -1.66035   -1.65960   -1.65913   -1.65734   -1.65728   -1.65670   -1.65593   -1.65511
  -1.65469   -1.65419   -1.65406   -1.65353   -1.65327   -1.65310   -1.65270   -1.65247
  -1.65197   -1.65195   -1.65180   -1.65143   -1.65112   -1.65033   -1.65021   -1.64933
  -1.64924   -1.64855   -1.64664   -1.64625   -1.64397   -1.64270   -1.63048   -1.63043
  -1.63000   -1.62962   -1.62949   -1.62680   -1.62671   -1.62645   -1.62599   -1.62558
  -0.65218   -0.65166   -0.65005   -0.65004   -0.64997   -0.64992   -0.64980   -0.64936
  -0.64933   -0.64921   -0.64918   -0.64834   -0.64822   -0.64814   -0.64800   -0.64795
  -0.64734   -0.64715   -0.64668   -0.64661   -0.64545   -0.64529   -0.64441   -0.64437
  -0.64431   -0.64417   -0.64407   -0.64367   -0.64317   -0.64316   -0.64312   -0.64292
  -0.64281   -0.64280   -0.64274   -0.64266   -0.64241   -0.64241   -0.64234   -0.64214
  -0.40465   -0.39837   -0.38877   -0.37663   -0.36170   -0.34824   -0.33607   -0.33469
  -0.13114   -0.13037   -0.11762   -0.11409   -0.09776   -0.08969   -0.06609   -0.06318
  -0.04450   -0.03026   -0.02613   -0.01825   -0.00639    0.00440    0.00784    0.02407
   0.02419    0.02818    0.03859    0.03941    0.04186    0.04667    0.05093    0.05481
   0.05489    0.06101    0.08146    0.09464    0.09753    0.10358    0.13383    0.13529
   0.21430    0.22030    0.24969    0.25231    0.25550    0.26324    0.26351    0.27038
   0.27200    0.27778    0.28038    0.28705    0.29069    0.29476    0.29608    0.29987
 kpt#  10, nband=136, wtk=  1.00000, kpt=  0.0500  0.0500  0.4500 (reduced coord)
  -1.66031   -1.65986   -1.65865   -1.65819   -1.65742   -1.65715   -1.65573   -1.65548
  -1.65545   -1.65477   -1.65438   -1.65419   -1.65378   -1.65357   -1.65300   -1.65287
  -1.65244   -1.65174   -1.65162   -1.65147   -1.65082   -1.65064   -1.64967   -1.64883
  -1.64859   -1.64830   -1.64738   -1.64456   -1.64226   -1.64194   -1.63125   -1.63120
  -1.63065   -1.62995   -1.62955   -1.62638   -1.62624   -1.62608   -1.62469   -1.62430
  -0.65212   -0.65189   -0.65042   -0.65018   -0.65014   -0.64995   -0.64985   -0.64936
  -0.64921   -0.64902   -0.64896   -0.64847   -0.64837   -0.64830   -0.64798   -0.64776
  -0.64708   -0.64708   -0.64661   -0.64649   -0.64555   -0.64539   -0.64466   -0.64452
  -0.64448   -0.64432   -0.64407   -0.64352   -0.64316   -0.64302   -0.64301   -0.64289
  -0.64283   -0.64281   -0.64274   -0.64265   -0.64226   -0.64225   -0.64214   -0.64199
  -0.40782   -0.40136   -0.39144   -0.37886   -0.36329   -0.34899   -0.33668   -0.33481
  -0.12303   -0.12283   -0.11120   -0.10448   -0.08583   -0.08169   -0.06100   -0.05100
  -0.02837   -0.02707   -0.01874   -0.01095   -0.00269   -0.00195    0.00072    0.01113
   0.01467    0.02115    0.02919    0.03064    0.03951    0.04534    0.04865    0.05298
   0.05642    0.05981    0.06830    0.07216    0.07822    0.09585    0.12658    0.13346
   0.21963    0.22225    0.24913    0.25745    0.27013    0.27103    0.27195    0.28565
   0.29091    0.29177    0.29463    0.29834    0.29953    0.30402    0.31110    0.31127
 kpt#  11, nband=136, wtk=  1.00000, kpt=  0.0000  0.0000  0.5000 (reduced coord)
  -1.66218   -1.66123   -1.66122   -1.66122   -1.65988   -1.65928   -1.65748   -1.65711
  -1.65709   -1.65676   -1.65676   -1.65612   -1.65585   -1.65585   -1.65584   -1.65404
  -1.65382   -1.65382   -1.65263   -1.65262   -1.65256   -1.65188   -1.65065   -1.64985
  -1.64985   -1.64972   -1.64921   -1.64782   -1.64215   -1.64215   -1.63392   -1.63296
  -1.63243   -1.63051   -1.62992   -1.62846   -1.62846   -1.62650   -1.62580   -1.62580
  -0.65248   -0.65231   -0.65095   -0.65073   -0.65018   -0.65014   -0.65004   -0.64962
  -0.64962   -0.64921   -0.64921   -0.64893   -0.64850   -0.64844   -0.64788   -0.64777
  -0.64753   -0.64753   -0.64680   -0.64680   -0.64601   -0.64580   -0.64514   -0.64495
  -0.64472   -0.64431   -0.64408   -0.64365   -0.64343   -0.64324   -0.64324   -0.64320
  -0.64320   -0.64311   -0.64281   -0.64263   -0.64261   -0.64261   -0.64231   -0.64231
  -0.40889   -0.40237   -0.39235   -0.37963   -0.36385   -0.34928   -0.33689   -0.33485
  -0.11973   -0.11971   -0.10887   -0.10035   -0.07978   -0.07848   -0.05707   -0.04556
  -0.02158   -0.02044   -0.01603   -0.01603   -0.00829   -0.00829    0.00331    0.00331
   0.01714    0.01714    0.02200    0.03296    0.03296    0.04746    0.04746    0.05410
   0.05838    0.05838    0.06158    0.06158    0.07272    0.09485    0.12434    0.13322
   0.21962    0.22492    0.24417    0.25261    0.26587    0.27159    0.27691    0.28318
   0.29471    0.30451    0.30806    0.30806    0.30839    0.30839    0.31635    0.31635
 kpt#  12, nband=136, wtk=  1.00000, kpt=  0.0000  0.0000  0.4583 (reduced coord)
  -1.66217   -1.66121   -1.66121   -1.66086   -1.65988   -1.65910   -1.65713   -1.65712
  -1.65659   -1.65645   -1.65645   -1.65587   -1.65544   -1.65440   -1.65440   -1.65398
  -1.65259   -1.65259   -1.65200   -1.65197   -1.65197   -1.65180   -1.65064   -1.64972
  -1.64921   -1.64921   -1.64899   -1.64782   -1.64208   -1.64208   -1.63390   -1.63294
  -1.63242   -1.63014   -1.62981   -1.62834   -1.62834   -1.62612   -1.62482   -1.62482
  -0.65242   -0.65230   -0.65094   -0.65069   -0.65015   -0.65014   -0.64997   -0.64957
  -0.64957   -0.64904   -0.64904   -0.64886   -0.64848   -0.64843   -0.64788   -0.64775
  -0.64736   -0.64736   -0.64675   -0.64675   -0.64601   -0.64574   -0.64511   -0.64492
  -0.64469   -0.64430   -0.64407   -0.64362   -0.64340   -0.64322   -0.64322   -0.64310
  -0.64304   -0.64304   -0.64276   -0.64262   -0.64246   -0.64246   -0.64220   -0.64220
  -0.40889   -0.40237   -0.39235   -0.37963   -0.36384   -0.34928   -0.33689   -0.33485
  -0.11973   -0.11971   -0.10887   -0.10035   -0.07978   -0.07848   -0.05707   -0.04556
  -0.02158   -0.02044   -0.01603   -0.01603   -0.00829   -0.00829    0.00331    0.00331
   0.01714    0.01714    0.02199    0.03296    0.03296    0.04746    0.04746    0.05410
   0.05838    0.05838    0.06158    0.06158    0.07272    0.09485    0.12434    0.13322
   0.21965    0.22491    0.24417    0.25262    0.26591    0.27138    0.27701    0.28320
   0.29494    0.30451    0.30806    0.30806    0.30839    0.30839    0.31635    0.31635
 kpt#  13, nband=136, wtk=  1.00000, kpt=  0.0000  0.0000  0.4167 (reduced coord)
  -1.66215   -1.66082   -1.66046   -1.66046   -1.65978   -1.65909   -1.65810   -1.65712
  -1.65711   -1.65655   -1.65578   -1.65578   -1.65489   -1.65422   -1.65422   -1.65340
  -1.65258   -1.65200   -1.65198   -1.65198   -1.65196   -1.65109   -1.65064   -1.64972
  -1.64920   -1.64920   -1.64899   -1.64781   -1.64207   -1.64207   -1.63389   -1.63289
  -1.63165   -1.63014   -1.62980   -1.62794   -1.62794   -1.62635   -1.62479   -1.62479
  -0.65261   -0.65209   -0.65093   -0.65069   -0.65014   -0.65013   -0.64999   -0.64950
  -0.64950   -0.64900   -0.64900   -0.64886   -0.64847   -0.64843   -0.64788   -0.64775
  -0.64731   -0.64731   -0.64675   -0.64675   -0.64592   -0.64575   -0.64511   -0.64491
  -0.64469   -0.64429   -0.64407   -0.64362   -0.64340   -0.64309   -0.64307   -0.64307
  -0.64302   -0.64302   -0.64276   -0.64262   -0.64245   -0.64245   -0.64221   -0.64221
  -0.40889   -0.40237   -0.39235   -0.37963   -0.36384   -0.34928   -0.33689   -0.33484
  -0.11972   -0.11970   -0.10887   -0.10035   -0.07977   -0.07848   -0.05707   -0.04556
  -0.02159   -0.02044   -0.01603   -0.01603   -0.00829   -0.00829    0.00331    0.00331
   0.01714    0.01714    0.02197    0.03296    0.03296    0.04746    0.04746    0.05410
   0.05838    0.05838    0.06158    0.06158    0.07272    0.09485    0.12434    0.13322
   0.21972    0.22487    0.24417    0.25262    0.26591    0.27079    0.27727    0.28320
   0.29558    0.30451    0.30806    0.30806    0.30839    0.30839    0.31635    0.31635
 kpt#  14, nband=136, wtk=  1.00000, kpt=  0.0000  0.0000  0.3750 (reduced coord)
  -1.66214   -1.66045   -1.66045   -1.65977   -1.65952   -1.65907   -1.65807   -1.65712
  -1.65711   -1.65652   -1.65617   -1.65617   -1.65444   -1.65391   -1.65391   -1.65375
  -1.65221   -1.65173   -1.65173   -1.65164   -1.65161   -1.65140   -1.64964   -1.64948
  -1.64854   -1.64854   -1.64792   -1.64746   -1.64183   -1.64183   -1.63300   -1.63210
  -1.63111   -1.63014   -1.62979   -1.62744   -1.62744   -1.62689   -1.62488   -1.62488
  -0.65252   -0.65211   -0.65090   -0.65069   -0.65014   -0.65006   -0.64996   -0.64943
  -0.64943   -0.64902   -0.64902   -0.64881   -0.64845   -0.64838   -0.64778   -0.64768
  -0.64731   -0.64731   -0.64666   -0.64666   -0.64604   -0.64550   -0.64502   -0.64491
  -0.64463   -0.64427   -0.64413   -0.64359   -0.64325   -0.64312   -0.64312   -0.64297
  -0.64291   -0.64291   -0.64276   -0.64261   -0.64242   -0.64242   -0.64220   -0.64220
  -0.40889   -0.40237   -0.39235   -0.37963   -0.36384   -0.34928   -0.33690   -0.33484
  -0.11974   -0.11971   -0.10887   -0.10035   -0.07977   -0.07848   -0.05707   -0.04556
  -0.02158   -0.02044   -0.01603   -0.01603   -0.00829   -0.00829    0.00331    0.00331
   0.01714    0.01714    0.02200    0.03296    0.03296    0.04746    0.04746    0.05411
   0.05838    0.05838    0.06158    0.06158    0.07276    0.09485    0.12434    0.13322
   0.21986    0.22481    0.24417    0.25262    0.26592    0.27000    0.27758    0.28321
   0.29661    0.30450    0.30806    0.30806    0.30840    0.30840    0.31635    0.31635
 kpt#  15, nband=136, wtk=  1.00000, kpt=  0.0000  0.0000  0.3333 (reduced coord)
  -1.66161   -1.66020   -1.66020   -1.65979   -1.65953   -1.65825   -1.65808   -1.65714
  -1.65675   -1.65565   -1.65556   -1.65556   -1.65446   -1.65387   -1.65387   -1.65379
  -1.65215   -1.65194   -1.65178   -1.65139   -1.65068   -1.65068   -1.65062   -1.64993
  -1.64887   -1.64887   -1.64873   -1.64832   -1.64364   -1.64364   -1.63325   -1.63282
  -1.63120   -1.63014   -1.62982   -1.62858   -1.62858   -1.62689   -1.62472   -1.62472
  -0.65252   -0.65212   -0.65087   -0.65059   -0.65016   -0.65006   -0.64997   -0.64950
  -0.64950   -0.64892   -0.64892   -0.64881   -0.64839   -0.64839   -0.64794   -0.64779
  -0.64723   -0.64723   -0.64686   -0.64686   -0.64605   -0.64551   -0.64510   -0.64479
  -0.64460   -0.64432   -0.64413   -0.64360   -0.64334   -0.64310   -0.64293   -0.64293
  -0.64288   -0.64288   -0.64277   -0.64269   -0.64269   -0.64261   -0.64221   -0.64221
  -0.40889   -0.40237   -0.39235   -0.37963   -0.36384   -0.34928   -0.33690   -0.33484
  -0.11974   -0.11971   -0.10887   -0.10035   -0.07976   -0.07848   -0.05707   -0.04556
  -0.02158   -0.02044   -0.01603   -0.01603   -0.00829   -0.00829    0.00331    0.00331
   0.01714    0.01714    0.02200    0.03296    0.03296    0.04745    0.04745    0.05411
   0.05838    0.05838    0.06158    0.06158    0.07276    0.09485    0.12433    0.13322
   0.22003    0.22472    0.24426    0.25269    0.26595    0.26908    0.27787    0.28329
   0.29797    0.30449    0.30805    0.30805    0.30838    0.30838    0.31636    0.31636
 kpt#  16, nband=136, wtk=  1.00000, kpt=  0.0000  0.0000  0.2917 (reduced coord)
  -1.66160   -1.66014   -1.66014   -1.65978   -1.65862   -1.65825   -1.65803   -1.65707
  -1.65657   -1.65551   -1.65529   -1.65529   -1.65389   -1.65305   -1.65173   -1.65173
  -1.65155   -1.65147   -1.65047   -1.65041   -1.64965   -1.64919   -1.64919   -1.64905
  -1.64873   -1.64815   -1.64591   -1.64591   -1.64230   -1.64230   -1.63305   -1.63230
  -1.63014   -1.63002   -1.62975   -1.62642   -1.62642   -1.62580   -1.62393   -1.62393
  -0.65237   -0.65211   -0.65085   -0.65059   -0.65012   -0.65003   -0.64976   -0.64920
  -0.64920   -0.64886   -0.64886   -0.64877   -0.64834   -0.64822   -0.64788   -0.64776
  -0.64702   -0.64702   -0.64647   -0.64647   -0.64582   -0.64547   -0.64508   -0.64476
  -0.64454   -0.64431   -0.64397   -0.64335   -0.64330   -0.64302   -0.64290   -0.64290
  -0.64275   -0.64275   -0.64275   -0.64258   -0.64235   -0.64235   -0.64188   -0.64188
  -0.40889   -0.40237   -0.39235   -0.37963   -0.36384   -0.34928   -0.33690   -0.33484
  -0.11973   -0.11971   -0.10887   -0.10034   -0.07976   -0.07848   -0.05707   -0.04556
  -0.02158   -0.02044   -0.01603   -0.01603   -0.00829   -0.00829    0.00332    0.00332
   0.01715    0.01715    0.02199    0.03296    0.03296    0.04746    0.04746    0.05411
   0.05838    0.05838    0.06158    0.06158    0.07278    0.09486    0.12432    0.13323
   0.22027    0.22461    0.24427    0.25269    0.26596    0.26815    0.27814    0.28331
   0.29962    0.30450    0.30810    0.30810    0.30844    0.30844    0.31637    0.31637
 kpt#  17, nband=136, wtk=  1.00000, kpt=  0.0000  0.0000  0.2500 (reduced coord)
  -1.66000   -1.66000   -1.65869   -1.65857   -1.65852   -1.65810   -1.65741   -1.65730
  -1.65721   -1.65604   -1.65531   -1.65531   -1.65405   -1.65391   -1.65375   -1.65336
  -1.65227   -1.65227   -1.65172   -1.65091   -1.65004   -1.64980   -1.64959   -1.64959
  -1.64921   -1.64882   -1.64609   -1.64609   -1.64233   -1.64233   -1.63365   -1.63255
  -1.63049   -1.63024   -1.63022   -1.62659   -1.62651   -1.62651   -1.62416   -1.62416
  -0.65232   -0.65210   -0.65068   -0.65051   -0.65022   -0.65005   -0.64989   -0.64924
  -0.64924   -0.64897   -0.64886   -0.64886   -0.64846   -0.64827   -0.64797   -0.64788
  -0.64706   -0.64706   -0.64649   -0.64649   -0.64583   -0.64552   -0.64499   -0.64481
  -0.64455   -0.64445   -0.64404   -0.64347   -0.64346   -0.64305   -0.64293   -0.64293
  -0.64283   -0.64277   -0.64277   -0.64276   -0.64236   -0.64236   -0.64193   -0.64193
  -0.40889   -0.40237   -0.39235   -0.37963   -0.36384   -0.34928   -0.33690   -0.33483
  -0.11973   -0.11971   -0.10887   -0.10035   -0.07976   -0.07848   -0.05707   -0.04556
  -0.02158   -0.02044   -0.01603   -0.01603   -0.00829   -0.00829    0.00332    0.00332
   0.01715    0.01715    0.02199    0.03296    0.03296    0.04746    0.04746    0.05411
   0.05838    0.05838    0.06158    0.06158    0.07278    0.09486    0.12430    0.13323
   0.22050    0.22445    0.24428    0.25269    0.26593    0.26723    0.27832    0.28301
   0.30146    0.30413    0.30810    0.30810    0.30843    0.30843    0.31636    0.31636
 kpt#  18, nband=136, wtk=  1.00000, kpt=  0.0000  0.0000  0.2083 (reduced coord)
  -1.66028   -1.66006   -1.66006   -1.65926   -1.65896   -1.65873   -1.65833   -1.65833
  -1.65827   -1.65766   -1.65732   -1.65617   -1.65509   -1.65394   -1.65382   -1.65357
  -1.65357   -1.65355   -1.65188   -1.65094   -1.65008   -1.64982   -1.64967   -1.64967
  -1.64920   -1.64885   -1.64629   -1.64629   -1.64240   -1.64240   -1.63373   -1.63303
  -1.63073   -1.63032   -1.63025   -1.62734   -1.62684   -1.62684   -1.62486   -1.62486
  -0.65245   -0.65217   -0.65073   -0.65052   -0.65041   -0.65006   -0.65000   -0.64930
  -0.64930   -0.64910   -0.64910   -0.64899   -0.64858   -0.64827   -0.64798   -0.64788
  -0.64724   -0.64724   -0.64650   -0.64650   -0.64591   -0.64560   -0.64501   -0.64482
  -0.64465   -0.64448   -0.64407   -0.64350   -0.64347   -0.64313   -0.64313   -0.64312
  -0.64289   -0.64289   -0.64285   -0.64280   -0.64240   -0.64240   -0.64200   -0.64200
  -0.40889   -0.40237   -0.39235   -0.37963   -0.36384   -0.34929   -0.33690   -0.33483
  -0.11974   -0.11971   -0.10887   -0.10035   -0.07976   -0.07849   -0.05708   -0.04556
  -0.02159   -0.02044   -0.01603   -0.01603   -0.00829   -0.00829    0.00332    0.00332
   0.01715    0.01715    0.02197    0.03296    0.03296    0.04746    0.04746    0.05411
   0.05838    0.05838    0.06158    0.06158    0.07278    0.09486    0.12429    0.13323
   0.22076    0.22429    0.24429    0.25268    0.26593    0.26640    0.27847    0.28299
   0.30345    0.30414    0.30810    0.30810    0.30843    0.30843    0.31635    0.31635
 kpt#  19, nband=136, wtk=  1.00000, kpt=  0.0000  0.0000  0.1667 (reduced coord)
  -1.66049   -1.66011   -1.66011   -1.65961   -1.65898   -1.65876   -1.65876   -1.65873
  -1.65827   -1.65767   -1.65731   -1.65615   -1.65559   -1.65426   -1.65418   -1.65418
  -1.65393   -1.65357   -1.65196   -1.65096   -1.65009   -1.64983   -1.64973   -1.64973
  -1.64918   -1.64886   -1.64630   -1.64630   -1.64241   -1.64241   -1.63373   -1.63307
  -1.63073   -1.63047   -1.63032   -1.62746   -1.62699   -1.62699   -1.62497   -1.62497
  -0.65250   -0.65217   -0.65073   -0.65052   -0.65043   -0.65008   -0.65006   -0.64936
  -0.64936   -0.64911   -0.64911   -0.64899   -0.64859   -0.64828   -0.64798   -0.64789
  -0.64729   -0.64729   -0.64651   -0.64651   -0.64597   -0.64562   -0.64501   -0.64482
  -0.64465   -0.64448   -0.64412   -0.64349   -0.64347   -0.64313   -0.64313   -0.64313
  -0.64295   -0.64295   -0.64285   -0.64281   -0.64242   -0.64242   -0.64203   -0.64203
  -0.40889   -0.40237   -0.39235   -0.37963   -0.36384   -0.34929   -0.33691   -0.33483
  -0.11974   -0.11971   -0.10887   -0.10035   -0.07976   -0.07849   -0.05708   -0.04556
  -0.02159   -0.02044   -0.01603   -0.01603   -0.00829   -0.00829    0.00332    0.00332
   0.01715    0.01715    0.02196    0.03296    0.03296    0.04746    0.04746    0.05411
   0.05838    0.05838    0.06158    0.06158    0.07277    0.09486    0.12427    0.13323
   0.22104    0.22410    0.24429    0.25268    0.26568    0.26592    0.27858    0.28298
   0.30414    0.30551    0.30810    0.30810    0.30843    0.30843    0.31635    0.31635
 kpt#  20, nband=136, wtk=  1.00000, kpt=  0.0000  0.0000  0.1250 (reduced coord)
  -1.66093   -1.66073   -1.66073   -1.66038   -1.66021   -1.66006   -1.65899   -1.65879
  -1.65879   -1.65856   -1.65852   -1.65844   -1.65771   -1.65599   -1.65599   -1.65439
  -1.65401   -1.65370   -1.65196   -1.65165   -1.65165   -1.64994   -1.64893   -1.64830
  -1.64800   -1.64790   -1.64464   -1.64464   -1.64076   -1.64076   -1.63376   -1.63310
  -1.63095   -1.63052   -1.62951   -1.62774   -1.62687   -1.62687   -1.62450   -1.62450
  -0.65261   -0.65228   -0.65077   -0.65066   -0.65060   -0.65046   -0.65002   -0.64949
  -0.64949   -0.64909   -0.64909   -0.64898   -0.64880   -0.64810   -0.64793   -0.64778
  -0.64744   -0.64744   -0.64628   -0.64628   -0.64610   -0.64580   -0.64493   -0.64486
  -0.64484   -0.64445   -0.64386   -0.64358   -0.64341   -0.64338   -0.64338   -0.64309
  -0.64299   -0.64299   -0.64289   -0.64272   -0.64216   -0.64216   -0.64200   -0.64200
  -0.40889   -0.40237   -0.39235   -0.37963   -0.36385   -0.34929   -0.33691   -0.33483
  -0.11974   -0.11972   -0.10888   -0.10036   -0.07977   -0.07849   -0.05708   -0.04556
  -0.02160   -0.02044   -0.01603   -0.01603   -0.00829   -0.00829    0.00331    0.00331
   0.01714    0.01714    0.02194    0.03296    0.03296    0.04746    0.04746    0.05411
   0.05838    0.05838    0.06158    0.06158    0.07275    0.09486    0.12425    0.13323
   0.22128    0.22387    0.24429    0.25267    0.26511    0.26591    0.27861    0.28297
   0.30415    0.30755    0.30811    0.30811    0.30844    0.30844    0.31635    0.31635
 kpt#  21, nband=136, wtk=  1.00000, kpt=  0.0000  0.0000  0.0833 (reduced coord)
  -1.66089   -1.66069   -1.66069   -1.66025   -1.66020   -1.65997   -1.65884   -1.65877
  -1.65877   -1.65852   -1.65844   -1.65819   -1.65758   -1.65517   -1.65517   -1.65438
  -1.65363   -1.65348   -1.65190   -1.65042   -1.65042   -1.64991   -1.64890   -1.64830
  -1.64792   -1.64784   -1.64407   -1.64407   -1.64073   -1.64073   -1.63323   -1.63304
  -1.63095   -1.63046   -1.62951   -1.62775   -1.62602   -1.62602   -1.62452   -1.62452
  -0.65260   -0.65228   -0.65073   -0.65065   -0.65060   -0.65043   -0.65002   -0.64937
  -0.64937   -0.64906   -0.64906   -0.64894   -0.64879   -0.64809   -0.64793   -0.64775
  -0.64735   -0.64735   -0.64624   -0.64624   -0.64609   -0.64580   -0.64493   -0.64486
  -0.64475   -0.64444   -0.64385   -0.64358   -0.64335   -0.64322   -0.64322   -0.64308
  -0.64293   -0.64293   -0.64289   -0.64272   -0.64215   -0.64215   -0.64195   -0.64195
  -0.40889   -0.40237   -0.39235   -0.37963   -0.36385   -0.34929   -0.33691   -0.33483
  -0.11974   -0.11972   -0.10888   -0.10036   -0.07977   -0.07849   -0.05708   -0.04556
  -0.02160   -0.02044   -0.01603   -0.01603   -0.00829   -0.00829    0.00331    0.00331
   0.01715    0.01715    0.02194    0.03297    0.03297    0.04746    0.04746    0.05411
   0.05838    0.05838    0.06158    0.06158    0.07275    0.09486    0.12424    0.13323
   0.22153    0.22369    0.24429    0.25267    0.26468    0.26591    0.27867    0.28302
   0.30425    0.30811    0.30811    0.30845    0.30845    0.30941    0.31636    0.31636
 kpt#  22, nband=136, wtk=  1.00000, kpt=  0.0000  0.0000  0.0417 (reduced coord)
  -1.66089   -1.66061   -1.66061   -1.66020   -1.66020   -1.65998   -1.65851   -1.65851
  -1.65851   -1.65824   -1.65821   -1.65779   -1.65647   -1.65507   -1.65507   -1.65374
  -1.65364   -1.65306   -1.65040   -1.65040   -1.64985   -1.64939   -1.64889   -1.64829
  -1.64781   -1.64652   -1.64374   -1.64374   -1.64006   -1.64006   -1.63320   -1.63303
  -1.63095   -1.62885   -1.62873   -1.62758   -1.62546   -1.62546   -1.62434   -1.62434
  -0.65258   -0.65218   -0.65067   -0.65065   -0.65058   -0.65026   -0.65002   -0.64937
  -0.64937   -0.64900   -0.64900   -0.64890   -0.64879   -0.64793   -0.64789   -0.64774
  -0.64734   -0.64734   -0.64615   -0.64615   -0.64584   -0.64579   -0.64490   -0.64486
  -0.64458   -0.64444   -0.64359   -0.64345   -0.64334   -0.64321   -0.64321   -0.64308
  -0.64289   -0.64287   -0.64287   -0.64267   -0.64214   -0.64214   -0.64183   -0.64183
  -0.40889   -0.40237   -0.39235   -0.37963   -0.36385   -0.34929   -0.33690   -0.33483
  -0.11974   -0.11972   -0.10888   -0.10037   -0.07976   -0.07849   -0.05707   -0.04556
  -0.02159   -0.02044   -0.01603   -0.01603   -0.00829   -0.00829    0.00331    0.00331
   0.01715    0.01715    0.02194    0.03297    0.03297    0.04746    0.04746    0.05412
   0.05838    0.05838    0.06158    0.06158    0.07276    0.09487    0.12424    0.13323
   0.22171    0.22355    0.24430    0.25268    0.26443    0.26591    0.27870    0.28302
   0.30425    0.30811    0.30811    0.30845    0.30845    0.31082    0.31636    0.31636
 kpt#  23, nband=136, wtk=  1.00000, kpt=  0.0000  0.0000  0.0000 (reduced coord)
  -1.66091   -1.66091   -1.66089   -1.66045   -1.66045   -1.66026   -1.66020   -1.65998
  -1.65909   -1.65824   -1.65823   -1.65782   -1.65747   -1.65565   -1.65565   -1.65382
  -1.65372   -1.65327   -1.65053   -1.65053   -1.64985   -1.64941   -1.64889   -1.64830
  -1.64783   -1.64653   -1.64375   -1.64375   -1.64014   -1.64014   -1.63336   -1.63311
  -1.63105   -1.62903   -1.62875   -1.62760   -1.62567   -1.62567   -1.62476   -1.62476
  -0.65258   -0.65219   -0.65069   -0.65066   -0.65059   -0.65036   -0.65005   -0.64939
  -0.64939   -0.64920   -0.64920   -0.64892   -0.64881   -0.64793   -0.64789   -0.64775
  -0.64740   -0.64740   -0.64615   -0.64615   -0.64585   -0.64580   -0.64495   -0.64490
  -0.64463   -0.64446   -0.64360   -0.64345   -0.64335   -0.64329   -0.64329   -0.64308
  -0.64307   -0.64307   -0.64291   -0.64270   -0.64215   -0.64215   -0.64184   -0.64184
  -0.40889   -0.40237   -0.39235   -0.37963   -0.36385   -0.34929   -0.33690   -0.33483
  -0.11974   -0.11972   -0.10888   -0.10037   -0.07977   -0.07849   -0.05707   -0.04556
  -0.02159   -0.02044   -0.01603   -0.01603   -0.00829   -0.00829    0.00331    0.00331
   0.01715    0.01715    0.02194    0.03297    0.03297    0.04746    0.04746    0.05412
   0.05838    0.05838    0.06158    0.06158    0.07276    0.09487    0.12423    0.13323
   0.22178    0.22350    0.24429    0.25267    0.26434    0.26591    0.27871    0.28302
   0.30425    0.30811    0.30811    0.30845    0.30845    0.31137    0.31636    0.31636
 kpt#  24, nband=136, wtk=  1.00000, kpt=  0.0278  0.0278  0.0278 (reduced coord)
  -1.66003   -1.65972   -1.65955   -1.65940   -1.65916   -1.65910   -1.65867   -1.65842
  -1.65822   -1.65789   -1.65756   -1.65666   -1.65548   -1.65462   -1.65400   -1.65370
  -1.65282   -1.65229   -1.65216   -1.65174   -1.65101   -1.65015   -1.64982   -1.64979
  -1.64888   -1.64804   -1.64650   -1.64572   -1.64140   -1.64074   -1.63196   -1.63172
  -1.63106   -1.63104   -1.62933   -1.62785   -1.62644   -1.62616   -1.62567   -1.62506
  -0.65248   -0.65219   -0.65061   -0.65046   -0.65034   -0.65031   -0.65001   -0.64940
  -0.64932   -0.64922   -0.64917   -0.64880   -0.64853   -0.64804   -0.64794   -0.64782
  -0.64740   -0.64735   -0.64648   -0.64635   -0.64595   -0.64565   -0.64478   -0.64475
  -0.64462   -0.64447   -0.64373   -0.64369   -0.64326   -0.64313   -0.64312   -0.64308
  -0.64303   -0.64299   -0.64290   -0.64288   -0.64242   -0.64226   -0.64200   -0.64198
  -0.40856   -0.40206   -0.39207   -0.37939   -0.36367   -0.34920   -0.33685   -0.33482
  -0.12078   -0.12073   -0.10960   -0.10170   -0.08182   -0.07954   -0.05848   -0.04739
  -0.02435   -0.02317   -0.01688   -0.01055   -0.00913   -0.00616    0.00250    0.00594
   0.01637    0.01808    0.02431    0.03224    0.03507    0.04680    0.04935    0.05141
   0.05777    0.06103    0.06273    0.06511    0.07429    0.09509    0.12492    0.13328
   0.22168    0.22279    0.24581    0.25409    0.26445    0.26723    0.27679    0.28409
   0.30124    0.30268    0.30278    0.30672    0.31051    0.31060    0.31123    0.31551
 kpt#  25, nband=136, wtk=  1.00000, kpt=  0.0556  0.0556  0.0556 (reduced coord)
  -1.66005   -1.65979   -1.65892   -1.65821   -1.65805   -1.65789   -1.65712   -1.65702
  -1.65654   -1.65583   -1.65560   -1.65446   -1.65362   -1.65359   -1.65292   -1.65268
  -1.65225   -1.65181   -1.65148   -1.65115   -1.65106   -1.65009   -1.64990   -1.64955
  -1.64843   -1.64800   -1.64714   -1.64621   -1.64313   -1.64043   -1.63126   -1.63108
  -1.63042   -1.62913   -1.62873   -1.62783   -1.62643   -1.62590   -1.62590   -1.62472
  -0.65213   -0.65203   -0.65053   -0.65018   -0.65005   -0.64995   -0.64995   -0.64955
  -0.64930   -0.64912   -0.64900   -0.64860   -0.64833   -0.64804   -0.64791   -0.64764
  -0.64736   -0.64728   -0.64680   -0.64635   -0.64575   -0.64538   -0.64464   -0.64444
  -0.64441   -0.64436   -0.64370   -0.64361   -0.64318   -0.64318   -0.64309   -0.64289
  -0.64288   -0.64280   -0.64275   -0.64273   -0.64251   -0.64234   -0.64222   -0.64193
  -0.40757   -0.40112   -0.39123   -0.37869   -0.36316   -0.34893   -0.33665   -0.33479
  -0.12376   -0.12351   -0.11175   -0.10537   -0.08703   -0.08238   -0.06171   -0.05212
  -0.02995   -0.02768   -0.01935   -0.01156   -0.00179    0.00014    0.00057    0.01273
   0.01410    0.02236    0.03011    0.03070    0.04092    0.04486    0.04797    0.05404
   0.05598    0.05940    0.06973    0.07433    0.07974    0.09621    0.12703    0.13353
   0.22048    0.22162    0.25018    0.25856    0.26489    0.27063    0.27109    0.28614
   0.28718    0.28837    0.29612    0.29779    0.30342    0.30760    0.30818    0.31111
 kpt#  26, nband=136, wtk=  1.00000, kpt=  0.0833  0.0833  0.0833 (reduced coord)
  -1.66037   -1.65967   -1.65804   -1.65769   -1.65740   -1.65670   -1.65651   -1.65571
  -1.65528   -1.65496   -1.65485   -1.65390   -1.65382   -1.65363   -1.65318   -1.65272
  -1.65247   -1.65178   -1.65156   -1.65118   -1.65098   -1.65053   -1.64968   -1.64948
  -1.64928   -1.64888   -1.64687   -1.64634   -1.64459   -1.64071   -1.63139   -1.63043
  -1.63040   -1.63014   -1.62964   -1.62793   -1.62606   -1.62600   -1.62546   -1.62495
  -0.65212   -0.65194   -0.65030   -0.65013   -0.65003   -0.64994   -0.64993   -0.64936
  -0.64934   -0.64912   -0.64895   -0.64842   -0.64830   -0.64829   -0.64801   -0.64786
  -0.64715   -0.64712   -0.64675   -0.64646   -0.64572   -0.64539   -0.64453   -0.64443
  -0.64441   -0.64435   -0.64403   -0.64367   -0.64321   -0.64305   -0.64303   -0.64292
  -0.64281   -0.64277   -0.64274   -0.64273   -0.64254   -0.64237   -0.64219   -0.64192
  -0.40594   -0.39958   -0.38985   -0.37753   -0.36233   -0.34853   -0.33633   -0.33474
  -0.12814   -0.12758   -0.11515   -0.11059   -0.09366   -0.08659   -0.06488   -0.05869
  -0.03880   -0.02979   -0.02324   -0.01539   -0.00360    0.00228    0.01051    0.01486
   0.02187    0.02672    0.03140    0.04001    0.04175    0.04429    0.04931    0.05311
   0.05680    0.05906    0.07681    0.08669    0.08994    0.09966    0.13070    0.13431
   0.21678    0.22158    0.25756    0.25924    0.26460    0.26534    0.26684    0.26848
   0.27648    0.27748    0.28898    0.28912    0.29549    0.29564    0.30071    0.31018
 kpt#  27, nband=136, wtk=  1.00000, kpt=  0.1111  0.1111  0.1111 (reduced coord)
  -1.65878   -1.65831   -1.65722   -1.65712   -1.65671   -1.65549   -1.65535   -1.65469
  -1.65450   -1.65410   -1.65375   -1.65345   -1.65334   -1.65271   -1.65268   -1.65256
  -1.65201   -1.65122   -1.65112   -1.65100   -1.65055   -1.65014   -1.64951   -1.64918
  -1.64802   -1.64751   -1.64703   -1.64551   -1.64356   -1.64241   -1.63062   -1.62997
  -1.62969   -1.62956   -1.62822   -1.62674   -1.62661   -1.62557   -1.62504   -1.62500
  -0.65189   -0.65161   -0.65005   -0.65000   -0.64991   -0.64975   -0.64970   -0.64928
  -0.64917   -0.64915   -0.64903   -0.64827   -0.64815   -0.64812   -0.64805   -0.64786
  -0.64707   -0.64706   -0.64666   -0.64661   -0.64538   -0.64519   -0.64437   -0.64430
  -0.64424   -0.64416   -0.64393   -0.64362   -0.64319   -0.64301   -0.64295   -0.64284
  -0.64281   -0.64266   -0.64264   -0.64255   -0.64247   -0.64240   -0.64217   -0.64205
  -0.40367   -0.39744   -0.38794   -0.37594   -0.36122   -0.34803   -0.33588   -0.33463
  -0.13321   -0.13230   -0.11938   -0.11649   -0.10046   -0.09196   -0.06650   -0.06631
  -0.04831   -0.03021   -0.02826   -0.02035   -0.00844    0.00579    0.00586    0.02230
   0.02947    0.03345    0.03767    0.04016    0.04372    0.04932    0.05150    0.05334
   0.05857    0.06169    0.08499    0.09990    0.10289    0.10698    0.13621    0.13627
   0.21144    0.22184    0.24265    0.24339    0.24702    0.25518    0.26475    0.26728
   0.27175    0.27409    0.28111    0.28307    0.29163    0.29176    0.29443    0.29972
 kpt#  28, nband=136, wtk=  1.00000, kpt=  0.1389  0.1389  0.1389 (reduced coord)
  -1.65916   -1.65761   -1.65710   -1.65668   -1.65630   -1.65574   -1.65569   -1.65479
  -1.65435   -1.65420   -1.65404   -1.65361   -1.65317   -1.65259   -1.65244   -1.65243
  -1.65228   -1.65149   -1.65122   -1.65037   -1.64998   -1.64932   -1.64918   -1.64871
  -1.64853   -1.64742   -1.64691   -1.64534   -1.64319   -1.64274   -1.63040   -1.63008
  -1.62967   -1.62922   -1.62729   -1.62664   -1.62624   -1.62583   -1.62557   -1.62527
  -0.65180   -0.65161   -0.64993   -0.64989   -0.64986   -0.64970   -0.64963   -0.64932
  -0.64927   -0.64914   -0.64910   -0.64830   -0.64807   -0.64800   -0.64795   -0.64768
  -0.64720   -0.64707   -0.64677   -0.64665   -0.64535   -0.64514   -0.64442   -0.64422
  -0.64411   -0.64405   -0.64381   -0.64362   -0.64309   -0.64301   -0.64292   -0.64288
  -0.64284   -0.64266   -0.64264   -0.64249   -0.64240   -0.64239   -0.64233   -0.64218
  -0.40079   -0.39474   -0.38555   -0.37397   -0.35989   -0.34751   -0.33532   -0.33443
  -0.13838   -0.13708   -0.12385   -0.12240   -0.10670   -0.09809   -0.07425   -0.06642
  -0.05741   -0.03410   -0.02903   -0.02611   -0.01408    0.00040    0.00936    0.01710
   0.03283    0.03522    0.03930    0.04482    0.04921    0.05084    0.05580    0.06012
   0.06651    0.06654    0.09533    0.11245    0.11603    0.11661    0.14022    0.14379
   0.20412    0.21955    0.22321    0.22397    0.22929    0.23620    0.24443    0.25999
   0.27248    0.27845    0.27903    0.27961    0.28407    0.28935    0.28955    0.29322
 kpt#  29, nband=136, wtk=  1.00000, kpt=  0.1667  0.1667  0.1667 (reduced coord)
  -1.65836   -1.65783   -1.65739   -1.65691   -1.65686   -1.65658   -1.65551   -1.65466
  -1.65447   -1.65436   -1.65376   -1.65351   -1.65305   -1.65219   -1.65185   -1.65137
  -1.65122   -1.65033   -1.65002   -1.64988   -1.64951   -1.64946   -1.64900   -1.64843
  -1.64821   -1.64681   -1.64639   -1.64409   -1.64216   -1.64167   -1.63028   -1.63003
  -1.62952   -1.62795   -1.62789   -1.62685   -1.62628   -1.62481   -1.62467   -1.62359
  -0.65177   -0.65153   -0.64973   -0.64966   -0.64963   -0.64960   -0.64959   -0.64943
  -0.64924   -0.64916   -0.64915   -0.64840   -0.64787   -0.64783   -0.64770   -0.64744
  -0.64722   -0.64711   -0.64701   -0.64657   -0.64530   -0.64512   -0.64419   -0.64405
  -0.64403   -0.64395   -0.64368   -0.64344   -0.64315   -0.64309   -0.64301   -0.64285
  -0.64264   -0.64259   -0.64252   -0.64250   -0.64239   -0.64228   -0.64227   -0.64214
  -0.39734   -0.39150   -0.38270   -0.37167   -0.35839   -0.34704   -0.33463   -0.33408
  -0.14319   -0.14147   -0.12799   -0.12790   -0.11189   -0.10434   -0.08194   -0.06852
  -0.06207   -0.04046   -0.03240   -0.02653   -0.02023   -0.00556    0.01138    0.01328
   0.02748    0.03013    0.03982    0.04459    0.04658    0.05669    0.06531    0.06956
   0.07106    0.08289    0.10794    0.12027    0.12543    0.12627    0.14578    0.15303
   0.19496    0.20289    0.20973    0.21023    0.21999    0.22625    0.22709    0.23829
   0.25473    0.26332    0.27285    0.27693    0.29069    0.29254    0.29259    0.29595
 kpt#  30, nband=136, wtk=  1.00000, kpt=  0.1944  0.1944  0.1944 (reduced coord)
  -1.65885   -1.65792   -1.65782   -1.65704   -1.65612   -1.65527   -1.65515   -1.65480
  -1.65463   -1.65447   -1.65341   -1.65254   -1.65243   -1.65160   -1.65133   -1.65098
  -1.65077   -1.65035   -1.65029   -1.65011   -1.64940   -1.64919   -1.64900   -1.64873
  -1.64867   -1.64755   -1.64524   -1.64340   -1.64307   -1.64134   -1.63030   -1.62931
  -1.62875   -1.62780   -1.62760   -1.62727   -1.62580   -1.62547   -1.62504   -1.62323
  -0.65173   -0.65127   -0.64984   -0.64970   -0.64951   -0.64951   -0.64946   -0.64942
  -0.64938   -0.64927   -0.64909   -0.64828   -0.64793   -0.64767   -0.64755   -0.64751
  -0.64724   -0.64708   -0.64689   -0.64689   -0.64518   -0.64493   -0.64426   -0.64402
  -0.64385   -0.64378   -0.64363   -0.64340   -0.64315   -0.64309   -0.64289   -0.64288
  -0.64266   -0.64263   -0.64261   -0.64255   -0.64240   -0.64224   -0.64223   -0.64222
  -0.39336   -0.38779   -0.37947   -0.36910   -0.35681   -0.34671   -0.33380   -0.33351
  -0.14732   -0.14514   -0.13268   -0.13134   -0.11569   -0.11015   -0.08898   -0.07584
  -0.05939   -0.04705   -0.03893   -0.02665   -0.02293   -0.01180    0.00538    0.01755
   0.02182    0.02461    0.03450    0.03965    0.05139    0.05202    0.06990    0.07022
   0.08883    0.10001    0.11553    0.12100    0.12837    0.13169    0.14975    0.16125
   0.18746    0.18943    0.20203    0.20460    0.21330    0.21699    0.21755    0.23220
   0.23332    0.24190    0.26489    0.28201    0.29322    0.29387    0.30048    0.30428
 kpt#  31, nband=136, wtk=  1.00000, kpt=  0.2222  0.2222  0.2222 (reduced coord)
  -1.65786   -1.65739   -1.65722   -1.65712   -1.65665   -1.65574   -1.65442   -1.65426
  -1.65397   -1.65358   -1.65282   -1.65229   -1.65199   -1.65196   -1.65130   -1.65106
  -1.65070   -1.65052   -1.65001   -1.64998   -1.64895   -1.64857   -1.64832   -1.64814
  -1.64781   -1.64697   -1.64532   -1.64344   -1.64343   -1.64272   -1.63002   -1.62941
  -1.62791   -1.62756   -1.62681   -1.62668   -1.62582   -1.62524   -1.62500   -1.62409
  -0.65150   -0.65118   -0.65004   -0.64985   -0.64950   -0.64946   -0.64944   -0.64936
  -0.64924   -0.64907   -0.64904   -0.64828   -0.64796   -0.64783   -0.64751   -0.64739
  -0.64704   -0.64699   -0.64695   -0.64691   -0.64508   -0.64490   -0.64423   -0.64411
  -0.64369   -0.64364   -0.64359   -0.64345   -0.64299   -0.64294   -0.64284   -0.64282
  -0.64272   -0.64270   -0.64258   -0.64251   -0.64251   -0.64242   -0.64212   -0.64199
  -0.38892   -0.38367   -0.37592   -0.36636   -0.35524   -0.34658   -0.33281   -0.33269
  -0.15050   -0.14787   -0.13655   -0.13367   -0.11794   -0.11509   -0.09508   -0.08290
  -0.05502   -0.05366   -0.04548   -0.03309   -0.01851   -0.01807   -0.00069    0.01605
   0.01881    0.02202    0.02907    0.03458    0.04447    0.05463    0.06463    0.06940
   0.10173    0.10551    0.11408    0.11817    0.12834    0.13185    0.14615    0.16151
   0.18688    0.18917    0.19800    0.20228    0.20999    0.21770    0.21830    0.22326
   0.22702    0.23932    0.25854    0.28802    0.29256    0.29428    0.30202    0.30894
 kpt#  32, nband=136, wtk=  1.00000, kpt=  0.2500  0.2500  0.2500 (reduced coord)
  -1.65929   -1.65870   -1.65750   -1.65670   -1.65637   -1.65562   -1.65527   -1.65497
  -1.65492   -1.65420   -1.65344   -1.65316   -1.65316   -1.65237   -1.65179   -1.65152
  -1.65129   -1.65074   -1.65045   -1.65014   -1.65002   -1.64924   -1.64902   -1.64824
  -1.64783   -1.64689   -1.64634   -1.64582   -1.64445   -1.64306   -1.63124   -1.62958
  -1.62797   -1.62788   -1.62682   -1.62682   -1.62656   -1.62627   -1.62609   -1.62487
  -0.65142   -0.65108   -0.65062   -0.65045   -0.64951   -0.64944   -0.64933   -0.64930
  -0.64927   -0.64919   -0.64900   -0.64873   -0.64831   -0.64807   -0.64750   -0.64724
  -0.64714   -0.64701   -0.64696   -0.64696   -0.64513   -0.64497   -0.64444   -0.64432
  -0.64381   -0.64373   -0.64355   -0.64342   -0.64329   -0.64314   -0.64304   -0.64293
  -0.64291   -0.64275   -0.64270   -0.64256   -0.64255   -0.64237   -0.64201   -0.64195
  -0.38412   -0.37925   -0.37217   -0.36356   -0.35379   -0.34668   -0.33164   -0.33160
  -0.15259   -0.14957   -0.13925   -0.13490   -0.11879   -0.11859   -0.09997   -0.08896
  -0.06007   -0.05184   -0.04983   -0.03936   -0.02420   -0.01349   -0.00664    0.01038
   0.01280    0.02369    0.02618    0.02951    0.03590    0.05028    0.05828    0.06166
   0.08506    0.10499    0.11381    0.11554    0.12268    0.13018    0.13707    0.15433
   0.19425    0.19704    0.20029    0.20151    0.20956    0.21817    0.22173    0.23705
   0.24427    0.24453    0.25565    0.28967    0.29374    0.29421    0.30273    0.30588
 kpt#  33, nband=136, wtk=  1.00000, kpt=  0.2778  0.2778  0.2778 (reduced coord)
  -1.65964   -1.65808   -1.65749   -1.65716   -1.65695   -1.65644   -1.65593   -1.65543
  -1.65542   -1.65485   -1.65427   -1.65364   -1.65311   -1.65271   -1.65251   -1.65230
  -1.65158   -1.65145   -1.65105   -1.65054   -1.65018   -1.64943   -1.64860   -1.64777
  -1.64707   -1.64647   -1.64593   -1.64549   -1.64497   -1.64395   -1.63151   -1.63081
  -1.62830   -1.62792   -1.62762   -1.62745   -1.62713   -1.62584   -1.62572   -1.62498
  -0.65133   -0.65110   -0.65093   -0.65074   -0.64952   -0.64951   -0.64942   -0.64934
  -0.64931   -0.64901   -0.64901   -0.64892   -0.64841   -0.64817   -0.64748   -0.64730
  -0.64717   -0.64704   -0.64702   -0.64672   -0.64529   -0.64514   -0.64447   -0.64434
  -0.64394   -0.64389   -0.64342   -0.64341   -0.64339   -0.64335   -0.64307   -0.64298
  -0.64294   -0.64279   -0.64276   -0.64268   -0.64264   -0.64253   -0.64192   -0.64169
  -0.37905   -0.37462   -0.36833   -0.36079   -0.35252   -0.34697   -0.33027   -0.33027
  -0.15345   -0.15024   -0.14056   -0.13513   -0.12091   -0.11785   -0.10334   -0.09383
  -0.06614   -0.05786   -0.04531   -0.04411   -0.03003   -0.01231   -0.00814    0.00495
   0.00644    0.01852    0.02451    0.02461    0.02995    0.03799    0.04756    0.05086
   0.07008    0.09262    0.09980    0.11277    0.11547    0.12293    0.12595    0.14772
   0.19965    0.20764    0.20777    0.21434    0.21605    0.23050    0.23982    0.24374
   0.25693    0.26302    0.26508    0.28512    0.29342    0.29444    0.30371    0.30868
 kpt#  34, nband=136, wtk=  1.00000, kpt=  0.3056  0.3056  0.3056 (reduced coord)
  -1.65872   -1.65832   -1.65802   -1.65801   -1.65688   -1.65679   -1.65637   -1.65563
  -1.65560   -1.65469   -1.65461   -1.65378   -1.65357   -1.65261   -1.65186   -1.65143
  -1.65101   -1.65084   -1.65075   -1.65007   -1.64982   -1.64945   -1.64880   -1.64852
  -1.64739   -1.64694   -1.64609   -1.64598   -1.64582   -1.64344   -1.63130   -1.63092
  -1.62801   -1.62781   -1.62769   -1.62754   -1.62645   -1.62619   -1.62599   -1.62591
  -0.65126   -0.65103   -0.65102   -0.65090   -0.64957   -0.64954   -0.64938   -0.64934
  -0.64931   -0.64914   -0.64900   -0.64881   -0.64836   -0.64829   -0.64735   -0.64734
  -0.64718   -0.64704   -0.64703   -0.64683   -0.64541   -0.64532   -0.64439   -0.64429
  -0.64387   -0.64381   -0.64348   -0.64344   -0.64341   -0.64330   -0.64313   -0.64299
  -0.64293   -0.64292   -0.64272   -0.64271   -0.64263   -0.64261   -0.64189   -0.64171
  -0.37384   -0.36992   -0.36453   -0.35819   -0.35149   -0.34741   -0.32873   -0.32873
  -0.15303   -0.14991   -0.14031   -0.13458   -0.12111   -0.11616   -0.10463   -0.09736
  -0.07174   -0.06342   -0.05080   -0.03807   -0.03542   -0.01758   -0.00299   -0.00059
  -0.00012    0.01154    0.01368    0.02001    0.02329    0.02978    0.03000    0.03873
   0.05851    0.08005    0.08587    0.10105    0.10128    0.11399    0.11845    0.14299
   0.20290    0.22321    0.22521    0.22677    0.23457    0.24138    0.24897    0.25911
   0.27626    0.27901    0.28015    0.28712    0.29131    0.29181    0.30466    0.31639
 kpt#  35, nband=136, wtk=  1.00000, kpt=  0.3333  0.3333  0.3333 (reduced coord)
  -1.65873   -1.65872   -1.65788   -1.65770   -1.65763   -1.65622   -1.65565   -1.65544
  -1.65468   -1.65467   -1.65417   -1.65346   -1.65342   -1.65301   -1.65215   -1.65209
  -1.65156   -1.65110   -1.65051   -1.64993   -1.64945   -1.64912   -1.64889   -1.64781
  -1.64767   -1.64714   -1.64696   -1.64647   -1.64525   -1.64406   -1.63118   -1.63010
  -1.62940   -1.62835   -1.62826   -1.62732   -1.62627   -1.62620   -1.62588   -1.62495
  -0.65126   -0.65109   -0.65098   -0.65077   -0.64970   -0.64960   -0.64931   -0.64931
  -0.64925   -0.64911   -0.64909   -0.64878   -0.64836   -0.64825   -0.64736   -0.64728
  -0.64719   -0.64716   -0.64704   -0.64692   -0.64546   -0.64537   -0.64433   -0.64429
  -0.64385   -0.64370   -0.64354   -0.64339   -0.64337   -0.64334   -0.64323   -0.64303
  -0.64298   -0.64293   -0.64275   -0.64273   -0.64262   -0.64254   -0.64205   -0.64168
  -0.36869   -0.36532   -0.36091   -0.35585   -0.35072   -0.34795   -0.32705   -0.32705
  -0.15131   -0.14859   -0.13844   -0.13335   -0.11933   -0.11424   -0.10313   -0.09941
  -0.07678   -0.06842   -0.05574   -0.04027   -0.03195   -0.02232   -0.01039   -0.00469
  -0.00355    0.00217    0.00914    0.00929    0.01117    0.01583    0.02427    0.02450
   0.05067    0.06545    0.07463    0.08523    0.08612    0.10450    0.11798    0.13969
   0.20699    0.23279    0.24326    0.24492    0.24606    0.25587    0.26896    0.27545
   0.27747    0.28886    0.28966    0.29298    0.30046    0.30531    0.30748    0.31275
 kpt#  36, nband=136, wtk=  1.00000, kpt=  0.3611  0.3611  0.3611 (reduced coord)
  -1.65965   -1.65899   -1.65795   -1.65753   -1.65700   -1.65681   -1.65574   -1.65541
  -1.65472   -1.65429   -1.65364   -1.65344   -1.65280   -1.65274   -1.65246   -1.65213
  -1.65195   -1.65152   -1.65120   -1.65058   -1.65057   -1.65050   -1.64966   -1.64875
  -1.64801   -1.64767   -1.64671   -1.64578   -1.64559   -1.64467   -1.63032   -1.63010
  -1.62984   -1.62850   -1.62775   -1.62721   -1.62708   -1.62704   -1.62634   -1.62592
  -0.65129   -0.65119   -0.65106   -0.65080   -0.64980   -0.64962   -0.64951   -0.64935
  -0.64921   -0.64913   -0.64910   -0.64891   -0.64831   -0.64805   -0.64742   -0.64737
  -0.64734   -0.64718   -0.64708   -0.64706   -0.64556   -0.64548   -0.64431   -0.64423
  -0.64386   -0.64362   -0.64355   -0.64339   -0.64337   -0.64327   -0.64325   -0.64322
  -0.64305   -0.64291   -0.64289   -0.64280   -0.64275   -0.64259   -0.64203   -0.64186
  -0.36378   -0.36102   -0.35762   -0.35384   -0.35018   -0.34849   -0.32533   -0.32533
  -0.14834   -0.14625   -0.13512   -0.13133   -0.11585   -0.11225   -0.09983   -0.09876
  -0.08115   -0.07277   -0.06004   -0.04449   -0.02647   -0.02602   -0.02312   -0.01944
  -0.00870   -0.00699   -0.00418    0.00544    0.00588    0.01206    0.01214    0.01295
   0.04442    0.05074    0.06220    0.06761    0.07847    0.09792    0.12011    0.13710
   0.21213    0.23253    0.25332    0.26549    0.26620    0.27103    0.27701    0.28289
   0.28725    0.28867    0.29720    0.30142    0.30543    0.30785    0.31977    0.32356
 kpt#  37, nband=136, wtk=  1.00000, kpt=  0.3889  0.3889  0.3889 (reduced coord)
  -1.65945   -1.65780   -1.65780   -1.65683   -1.65640   -1.65546   -1.65525   -1.65490
  -1.65444   -1.65426   -1.65391   -1.65350   -1.65319   -1.65309   -1.65305   -1.65265
  -1.65212   -1.65194   -1.65115   -1.65114   -1.65069   -1.65049   -1.64888   -1.64862
  -1.64806   -1.64786   -1.64708   -1.64488   -1.64479   -1.64408   -1.63053   -1.62987
  -1.62961   -1.62870   -1.62786   -1.62705   -1.62690   -1.62676   -1.62622   -1.62546
  -0.65134   -0.65124   -0.65106   -0.65082   -0.64980   -0.64971   -0.64949   -0.64933
  -0.64928   -0.64907   -0.64898   -0.64892   -0.64820   -0.64808   -0.64739   -0.64729
  -0.64720   -0.64714   -0.64708   -0.64704   -0.64573   -0.64556   -0.64435   -0.64420
  -0.64375   -0.64358   -0.64345   -0.64342   -0.64335   -0.64333   -0.64319   -0.64312
  -0.64297   -0.64286   -0.64283   -0.64276   -0.64270   -0.64260   -0.64201   -0.64187
  -0.35931   -0.35717   -0.35479   -0.35221   -0.34981   -0.34902   -0.32366   -0.32365
  -0.14432   -0.14292   -0.13064   -0.12837   -0.11126   -0.10952   -0.09844   -0.09239
  -0.08481   -0.07641   -0.06363   -0.04804   -0.03767   -0.03499   -0.02995   -0.02443
  -0.02012   -0.01773   -0.01207   -0.00063    0.00219    0.00340    0.00631    0.00902
   0.03598    0.03894    0.05006    0.05063    0.07836    0.09315    0.12318    0.13492
   0.21786    0.23184    0.26278    0.26750    0.27684    0.28150    0.28183    0.28494
   0.29566    0.29691    0.30515    0.31008    0.31283    0.31445    0.32559    0.33187
 kpt#  38, nband=136, wtk=  1.00000, kpt=  0.4167  0.4167  0.4167 (reduced coord)
  -1.65920   -1.65750   -1.65718   -1.65706   -1.65605   -1.65545   -1.65510   -1.65480
  -1.65417   -1.65415   -1.65394   -1.65363   -1.65338   -1.65287   -1.65266   -1.65223
  -1.65182   -1.65157   -1.65125   -1.65116   -1.65105   -1.65007   -1.64899   -1.64830
  -1.64729   -1.64727   -1.64709   -1.64530   -1.64416   -1.64286   -1.63046   -1.62997
  -1.62930   -1.62910   -1.62735   -1.62723   -1.62641   -1.62615   -1.62565   -1.62461
  -0.65143   -0.65133   -0.65088   -0.65087   -0.64981   -0.64972   -0.64946   -0.64934
  -0.64932   -0.64900   -0.64896   -0.64887   -0.64808   -0.64806   -0.64732   -0.64725
  -0.64716   -0.64708   -0.64700   -0.64700   -0.64575   -0.64570   -0.64437   -0.64427
  -0.64360   -0.64358   -0.64344   -0.64335   -0.64333   -0.64332   -0.64314   -0.64303
  -0.64297   -0.64286   -0.64285   -0.64264   -0.64264   -0.64242   -0.64187   -0.64187
  -0.35553   -0.35399   -0.35252   -0.35098   -0.34958   -0.34945   -0.32216   -0.32216
  -0.13958   -0.13882   -0.12541   -0.12445   -0.10617   -0.10567   -0.09534   -0.08770
  -0.08492   -0.07928   -0.06648   -0.05206   -0.05084   -0.04928   -0.03959   -0.03270
  -0.03128   -0.01602   -0.01475   -0.01346   -0.00265   -0.00039    0.00211    0.00654
   0.02374    0.02924    0.03902    0.04337    0.08058    0.08969    0.12622    0.13316
   0.22356    0.23179    0.26469    0.27128    0.27264    0.28154    0.28305    0.28533
   0.30437    0.30470    0.31472    0.32325    0.32487    0.32660    0.32733    0.34032
 kpt#  39, nband=136, wtk=  1.00000, kpt=  0.4444  0.4444  0.4444 (reduced coord)
  -1.65918   -1.65871   -1.65841   -1.65763   -1.65715   -1.65638   -1.65584   -1.65508
  -1.65441   -1.65388   -1.65372   -1.65320   -1.65319   -1.65290   -1.65250   -1.65243
  -1.65229   -1.65170   -1.65156   -1.65139   -1.65009   -1.65008   -1.64989   -1.64977
  -1.64802   -1.64755   -1.64733   -1.64621   -1.64491   -1.64223   -1.63029   -1.62957
  -1.62944   -1.62911   -1.62793   -1.62710   -1.62683   -1.62678   -1.62660   -1.62552
  -0.65151   -0.65121   -0.65095   -0.65091   -0.64980   -0.64974   -0.64951   -0.64945
  -0.64935   -0.64930   -0.64892   -0.64889   -0.64820   -0.64812   -0.64738   -0.64736
  -0.64732   -0.64706   -0.64704   -0.64700   -0.64581   -0.64562   -0.64439   -0.64433
  -0.64371   -0.64359   -0.64348   -0.64339   -0.64334   -0.64333   -0.64331   -0.64320
  -0.64300   -0.64294   -0.64282   -0.64276   -0.64274   -0.64261   -0.64188   -0.64183
  -0.35267   -0.35167   -0.35090   -0.35017   -0.34965   -0.34939   -0.32098   -0.32098
  -0.13476   -0.13445   -0.12006   -0.11991   -0.10090   -0.10073   -0.09146   -0.08979
  -0.08136   -0.07750   -0.06854   -0.06499   -0.06126   -0.05287   -0.05280   -0.04305
  -0.03469   -0.02555   -0.01668   -0.01129   -0.00958   -0.00226   -0.00202    0.00473
   0.01150    0.01690    0.03683    0.03992    0.08302    0.08730    0.12865    0.13184
   0.22847    0.23224    0.26261    0.26661    0.27819    0.28153    0.28243    0.28339
   0.30423    0.30688    0.32422    0.32720    0.33332    0.33772    0.33907    0.34193
 kpt#  40, nband=136, wtk=  1.00000, kpt=  0.4722  0.4722  0.4722 (reduced coord)
  -1.65892   -1.65886   -1.65878   -1.65832   -1.65594   -1.65556   -1.65505   -1.65490
  -1.65421   -1.65405   -1.65388   -1.65326   -1.65313   -1.65290   -1.65277   -1.65258
  -1.65194   -1.65166   -1.65149   -1.65138   -1.65105   -1.65053   -1.64992   -1.64931
  -1.64847   -1.64830   -1.64751   -1.64701   -1.64642   -1.64365   -1.63045   -1.62955
  -1.62903   -1.62882   -1.62834   -1.62789   -1.62738   -1.62730   -1.62710   -1.62645
  -0.65140   -0.65120   -0.65104   -0.65097   -0.64983   -0.64978   -0.64953   -0.64945
  -0.64940   -0.64935   -0.64902   -0.64884   -0.64810   -0.64789   -0.64750   -0.64746
  -0.64738   -0.64727   -0.64712   -0.64700   -0.64574   -0.64565   -0.64446   -0.64431
  -0.64368   -0.64355   -0.64336   -0.64332   -0.64330   -0.64328   -0.64328   -0.64318
  -0.64312   -0.64304   -0.64299   -0.64297   -0.64289   -0.64283   -0.64202   -0.64176
  -0.35094   -0.35053   -0.35000   -0.34992   -0.34926   -0.34915   -0.32021   -0.32021
  -0.13091   -0.13084   -0.11571   -0.11564   -0.09564   -0.09504   -0.09106   -0.08918
  -0.08262   -0.07712   -0.07025   -0.06978   -0.06891   -0.06301   -0.05409   -0.05139
  -0.03589   -0.03342   -0.01785   -0.01581   -0.00792   -0.00397   -0.00340    0.00195
   0.00364    0.00709    0.03722    0.03810    0.08478    0.08589    0.13023    0.13104
   0.23184    0.23280    0.26138    0.26248    0.28069    0.28110    0.28284    0.28377
   0.30397    0.30508    0.32711    0.32750    0.34001    0.34249    0.34284    0.34323
 kpt#  41, nband=136, wtk=  1.00000, kpt=  0.5000  0.5000  0.5000 (reduced coord)
  -1.65792   -1.65792   -1.65777   -1.65777   -1.65664   -1.65664   -1.65650   -1.65650
  -1.65438   -1.65438   -1.65296   -1.65296   -1.65284   -1.65284   -1.65222   -1.65222
  -1.65169   -1.65169   -1.65116   -1.65116   -1.65114   -1.65114   -1.65011   -1.65011
  -1.64938   -1.64938   -1.64656   -1.64656   -1.64529   -1.64529   -1.62919   -1.62919
  -1.62872   -1.62872   -1.62841   -1.62841   -1.62760   -1.62760   -1.62719   -1.62719
  -0.65146   -0.65146   -0.65135   -0.65135   -0.64977   -0.64977   -0.64955   -0.64955
  -0.64929   -0.64929   -0.64883   -0.64883   -0.64790   -0.64790   -0.64740   -0.64740
  -0.64738   -0.64738   -0.64695   -0.64695   -0.64589   -0.64589   -0.64462   -0.64462
  -0.64367   -0.64367   -0.64333   -0.64333   -0.64326   -0.64326   -0.64311   -0.64311
  -0.64298   -0.64298   -0.64293   -0.64293   -0.64286   -0.64286   -0.64169   -0.64169
  -0.35043   -0.35043   -0.34974   -0.34974   -0.34899   -0.34899   -0.31995   -0.31995
  -0.12941   -0.12941   -0.11384   -0.11384   -0.09148   -0.09148   -0.09068   -0.09068
  -0.08304   -0.08304   -0.07020   -0.07020   -0.06812   -0.06812   -0.05450   -0.05450
  -0.03630   -0.03630   -0.01824   -0.01824   -0.00450   -0.00450   -0.00378   -0.00378
   0.00327    0.00327    0.03752    0.03752    0.08543    0.08543    0.13075    0.13075
   0.23300    0.23300    0.26100    0.26100    0.28051    0.28051    0.28444    0.28444
   0.30394    0.30394    0.32760    0.32760    0.34295    0.34295    0.34314    0.34314
 kpt#  42, nband=136, wtk=  1.00000, kpt=  0.4375  0.5000  0.5000 (reduced coord)
  -1.65823   -1.65823   -1.65777   -1.65777   -1.65584   -1.65584   -1.65564   -1.65564
  -1.65452   -1.65452   -1.65363   -1.65363   -1.65296   -1.65296   -1.65267   -1.65267
  -1.65178   -1.65178   -1.65120   -1.65120   -1.65020   -1.65020   -1.64987   -1.64987
  -1.64827   -1.64827   -1.64740   -1.64740   -1.64331   -1.64331   -1.63005   -1.63005
  -1.62893   -1.62893   -1.62717   -1.62717   -1.62704   -1.62704   -1.62672   -1.62672
  -0.65134   -0.65134   -0.65095   -0.65095   -0.64970   -0.64970   -0.64947   -0.64947
  -0.64942   -0.64942   -0.64887   -0.64887   -0.64810   -0.64810   -0.64739   -0.64739
  -0.64721   -0.64721   -0.64698   -0.64698   -0.64574   -0.64574   -0.64438   -0.64438
  -0.64367   -0.64367   -0.64341   -0.64341   -0.64324   -0.64324   -0.64314   -0.64314
  -0.64309   -0.64309   -0.64283   -0.64283   -0.64276   -0.64276   -0.64183   -0.64183
  -0.35108   -0.35108   -0.35037   -0.35037   -0.34962   -0.34962   -0.32061   -0.32061
  -0.13302   -0.13302   -0.11823   -0.11823   -0.09897   -0.09897   -0.09135   -0.09135
  -0.07552   -0.07552   -0.06920   -0.06920   -0.06315   -0.06315   -0.05019   -0.05019
  -0.03217   -0.03217   -0.01473   -0.01473   -0.00767   -0.00767    0.00330    0.00330
   0.00872    0.00872    0.03790    0.03790    0.08522    0.08522    0.13044    0.13044
   0.23122    0.23122    0.26338    0.26338    0.28160    0.28160    0.28176    0.28176
   0.30534    0.30534    0.32666    0.32666    0.33958    0.33958    0.34193    0.34193
 kpt#  43, nband=136, wtk=  1.00000, kpt=  0.3750  0.5000  0.5000 (reduced coord)
  -1.65790   -1.65790   -1.65669   -1.65669   -1.65640   -1.65640   -1.65586   -1.65586
  -1.65518   -1.65518   -1.65371   -1.65371   -1.65300   -1.65300   -1.65243   -1.65243
  -1.65223   -1.65223   -1.65122   -1.65122   -1.65006   -1.65006   -1.64894   -1.64894
  -1.64646   -1.64646   -1.64617   -1.64617   -1.64259   -1.64259   -1.63022   -1.63022
  -1.62930   -1.62930   -1.62727   -1.62727   -1.62624   -1.62624   -1.62494   -1.62494
  -0.65130   -0.65130   -0.65090   -0.65090   -0.64974   -0.64974   -0.64934   -0.64934
  -0.64917   -0.64917   -0.64895   -0.64895   -0.64822   -0.64822   -0.64734   -0.64734
  -0.64707   -0.64707   -0.64692   -0.64692   -0.64566   -0.64566   -0.64426   -0.64426
  -0.64371   -0.64371   -0.64353   -0.64353   -0.64326   -0.64326   -0.64307   -0.64307
  -0.64302   -0.64302   -0.64264   -0.64264   -0.64248   -0.64248   -0.64190   -0.64190
  -0.35296   -0.35296   -0.35216   -0.35216   -0.35142   -0.35142   -0.32247   -0.32247
  -0.14137   -0.14137   -0.12738   -0.12738   -0.10919   -0.10919   -0.09755   -0.09755
  -0.06304   -0.06304   -0.06135   -0.06135   -0.05225   -0.05225   -0.03916   -0.03916
  -0.02086   -0.02086   -0.01053   -0.01053   -0.00444   -0.00444    0.01511    0.01511
   0.02346    0.02346    0.04028    0.04028    0.08495    0.08495    0.12969    0.12969
   0.22633    0.22633    0.26982    0.26982    0.27486    0.27486    0.28455    0.28455
   0.30532    0.30532    0.31916    0.31916    0.32930    0.32930    0.33415    0.33415
 kpt#  44, nband=136, wtk=  1.00000, kpt=  0.3125  0.5000  0.5000 (reduced coord)
  -1.65835   -1.65835   -1.65729   -1.65729   -1.65644   -1.65644   -1.65523   -1.65523
  -1.65458   -1.65458   -1.65354   -1.65354   -1.65269   -1.65269   -1.65189   -1.65189
  -1.65163   -1.65163   -1.65087   -1.65087   -1.64950   -1.64950   -1.64881   -1.64881
  -1.64827   -1.64827   -1.64728   -1.64728   -1.64673   -1.64673   -1.63064   -1.63064
  -1.62914   -1.62914   -1.62791   -1.62791   -1.62667   -1.62667   -1.62615   -1.62615
  -0.65119   -0.65119   -0.65097   -0.65097   -0.64973   -0.64973   -0.64939   -0.64939
  -0.64915   -0.64915   -0.64908   -0.64908   -0.64809   -0.64809   -0.64735   -0.64735
  -0.64726   -0.64726   -0.64710   -0.64710   -0.64558   -0.64558   -0.64429   -0.64429
  -0.64361   -0.64361   -0.64348   -0.64348   -0.64335   -0.64335   -0.64304   -0.64304
  -0.64298   -0.64298   -0.64293   -0.64293   -0.64277   -0.64277   -0.64197   -0.64197
  -0.35570   -0.35570   -0.35477   -0.35477   -0.35401   -0.35401   -0.32516   -0.32516
  -0.15088   -0.15088   -0.13718   -0.13718   -0.11916   -0.11916   -0.10634   -0.10634
  -0.04810   -0.04810   -0.04748   -0.04748   -0.03751   -0.03751   -0.02408   -0.02408
  -0.01167   -0.01167   -0.00431   -0.00431    0.00660    0.00660    0.02845    0.02845
   0.04417    0.04417    0.04937    0.04937    0.08576    0.08576    0.12918    0.12918
   0.21956    0.21956    0.26526    0.26526    0.27658    0.27658    0.28002    0.28002
   0.29320    0.29320    0.29801    0.29801    0.30857    0.30857    0.32088    0.32088
 kpt#  45, nband=136, wtk=  1.00000, kpt=  0.2500  0.5000  0.5000 (reduced coord)
  -1.65856   -1.65856   -1.65768   -1.65768   -1.65598   -1.65598   -1.65403   -1.65403
  -1.65365   -1.65365   -1.65345   -1.65345   -1.65295   -1.65295   -1.65254   -1.65254
  -1.65211   -1.65211   -1.65134   -1.65134   -1.65034   -1.65034   -1.64941   -1.64941
  -1.64818   -1.64818   -1.64704   -1.64704   -1.64579   -1.64579   -1.63017   -1.63017
  -1.62913   -1.62913   -1.62766   -1.62766   -1.62730   -1.62730   -1.62643   -1.62643
  -0.65122   -0.65122   -0.65091   -0.65091   -0.64960   -0.64960   -0.64934   -0.64934
  -0.64920   -0.64920   -0.64905   -0.64905   -0.64817   -0.64817   -0.64738   -0.64738
  -0.64720   -0.64720   -0.64710   -0.64710   -0.64533   -0.64533   -0.64437   -0.64437
  -0.64381   -0.64381   -0.64357   -0.64357   -0.64324   -0.64324   -0.64306   -0.64306
  -0.64290   -0.64290   -0.64278   -0.64278   -0.64269   -0.64269   -0.64211   -0.64211
  -0.35880   -0.35880   -0.35774   -0.35774   -0.35694   -0.35694   -0.32820   -0.32820
  -0.15969   -0.15969   -0.14604   -0.14604   -0.12802   -0.12802   -0.11491   -0.11491
  -0.03142   -0.03142   -0.03041   -0.03041   -0.01967   -0.01967   -0.01387   -0.01387
  -0.00252   -0.00252    0.01217    0.01217    0.01578    0.01578    0.04193    0.04193
   0.06770    0.06770    0.06912    0.06912    0.09016    0.09016    0.12999    0.12999
   0.21152    0.21152    0.24934    0.24934    0.25627    0.25627    0.26317    0.26317
   0.26525    0.26525    0.28265    0.28265    0.30034    0.30034    0.30600    0.30600
 kpt#  46, nband=136, wtk=  1.00000, kpt=  0.1875  0.5000  0.5000 (reduced coord)
  -1.65861   -1.65861   -1.65817   -1.65817   -1.65522   -1.65522   -1.65390   -1.65390
  -1.65369   -1.65369   -1.65333   -1.65333   -1.65287   -1.65287   -1.65258   -1.65258
  -1.65209   -1.65209   -1.65079   -1.65079   -1.65064   -1.65064   -1.64966   -1.64966
  -1.64924   -1.64924   -1.64697   -1.64697   -1.64519   -1.64519   -1.63027   -1.63027
  -1.62931   -1.62931   -1.62756   -1.62756   -1.62672   -1.62672   -1.62632   -1.62632
  -0.65117   -0.65117   -0.65058   -0.65058   -0.64951   -0.64951   -0.64938   -0.64938
  -0.64932   -0.64932   -0.64893   -0.64893   -0.64820   -0.64820   -0.64753   -0.64753
  -0.64730   -0.64730   -0.64698   -0.64698   -0.64506   -0.64506   -0.64431   -0.64431
  -0.64383   -0.64383   -0.64373   -0.64373   -0.64314   -0.64314   -0.64305   -0.64305
  -0.64288   -0.64288   -0.64281   -0.64281   -0.64250   -0.64250   -0.64229   -0.64229
  -0.36176   -0.36176   -0.36059   -0.36059   -0.35976   -0.35976   -0.33111   -0.33111
  -0.16698   -0.16698   -0.15329   -0.15329   -0.13525   -0.13525   -0.12210   -0.12210
  -0.02379   -0.02379   -0.01102   -0.01102   -0.00224   -0.00224    0.00101    0.00101
   0.01539    0.01539    0.02029    0.02029    0.03157    0.03157    0.05531    0.05531
   0.09165    0.09165    0.09516    0.09516    0.10210    0.10210    0.13408    0.13408
   0.20099    0.20099    0.22186    0.22186    0.22463    0.22463    0.23507    0.23507
   0.23978    0.23978    0.26287    0.26287    0.28410    0.28410    0.29888    0.29892
 kpt#  47, nband=136, wtk=  1.00000, kpt=  0.1250  0.5000  0.5000 (reduced coord)
  -1.65929   -1.65929   -1.65764   -1.65764   -1.65578   -1.65578   -1.65527   -1.65527
  -1.65434   -1.65434   -1.65390   -1.65390   -1.65356   -1.65356   -1.65299   -1.65299
  -1.65230   -1.65230   -1.65144   -1.65144   -1.65075   -1.65075   -1.64993   -1.64993
  -1.64846   -1.64846   -1.64598   -1.64598   -1.64484   -1.64484   -1.63050   -1.63050
  -1.62903   -1.62903   -1.62838   -1.62838   -1.62717   -1.62717   -1.62598   -1.62598
  -0.65132   -0.65132   -0.65034   -0.65034   -0.64949   -0.64949   -0.64942   -0.64942
  -0.64930   -0.64930   -0.64894   -0.64894   -0.64832   -0.64832   -0.64762   -0.64762
  -0.64726   -0.64726   -0.64703   -0.64703   -0.64475   -0.64475   -0.64445   -0.64445
  -0.64417   -0.64417   -0.64380   -0.64380   -0.64305   -0.64305   -0.64295   -0.64295
  -0.64288   -0.64288   -0.64267   -0.64267   -0.64264   -0.64264   -0.64240   -0.64240
  -0.36418   -0.36418   -0.36294   -0.36294   -0.36206   -0.36206   -0.33350   -0.33350
  -0.17234   -0.17234   -0.15862   -0.15862   -0.14057   -0.14057   -0.12744   -0.12744
  -0.02386   -0.02386    0.00276    0.00276    0.01828    0.01828    0.02083    0.02083
   0.02837    0.02837    0.04044    0.04044    0.04338    0.04338    0.06663    0.06663
   0.11476    0.11476    0.12048    0.12048    0.12162    0.12162    0.14403    0.14403
   0.18322    0.18322    0.19321    0.19321    0.19747    0.19747    0.20976    0.20976
   0.21797    0.21797    0.24473    0.24473    0.25720    0.25720    0.27124    0.27124
 kpt#  48, nband=136, wtk=  1.00000, kpt=  0.0625  0.5000  0.5000 (reduced coord)
  -1.65919   -1.65919   -1.65850   -1.65850   -1.65717   -1.65717   -1.65606   -1.65606
  -1.65433   -1.65433   -1.65395   -1.65395   -1.65353   -1.65353   -1.65316   -1.65316
  -1.65217   -1.65217   -1.65184   -1.65184   -1.64977   -1.64977   -1.64867   -1.64867
  -1.64823   -1.64823   -1.64695   -1.64695   -1.64430   -1.64430   -1.63053   -1.63053
  -1.62910   -1.62910   -1.62762   -1.62762   -1.62728   -1.62728   -1.62661   -1.62661
  -0.65120   -0.65120   -0.65029   -0.65029   -0.64969   -0.64969   -0.64946   -0.64946
  -0.64936   -0.64936   -0.64885   -0.64885   -0.64816   -0.64816   -0.64765   -0.64765
  -0.64741   -0.64741   -0.64694   -0.64694   -0.64476   -0.64476   -0.64441   -0.64441
  -0.64399   -0.64399   -0.64385   -0.64385   -0.64313   -0.64313   -0.64306   -0.64306
  -0.64300   -0.64300   -0.64264   -0.64264   -0.64261   -0.64261   -0.64240   -0.64240
  -0.36576   -0.36576   -0.36447   -0.36447   -0.36356   -0.36356   -0.33505   -0.33505
  -0.17562   -0.17562   -0.16187   -0.16187   -0.14381   -0.14381   -0.13071   -0.13071
  -0.02463   -0.02463    0.00614    0.00614    0.03563    0.03563    0.04050    0.04050
   0.04712    0.04712    0.04933    0.04933    0.06042    0.06042    0.07525    0.07525
   0.12433    0.12433    0.13525    0.13525    0.14176    0.14176    0.15836    0.15836
   0.16458    0.16458    0.17694    0.17694    0.18808    0.18808    0.19574    0.19574
   0.20597    0.20597    0.22293    0.22293    0.23057    0.23057    0.24066    0.24066
 kpt#  49, nband=136, wtk=  1.00000, kpt=  0.0000  0.5000  0.5000 (reduced coord)
  -1.65697   -1.65697   -1.65657   -1.65657   -1.65561   -1.65561   -1.65463   -1.65463
  -1.65405   -1.65405   -1.65340   -1.65340   -1.65327   -1.65327   -1.65279   -1.65279
  -1.65172   -1.65172   -1.65033   -1.65033   -1.64929   -1.64929   -1.64856   -1.64856
  -1.64783   -1.64783   -1.64494   -1.64494   -1.64272   -1.64272   -1.63072   -1.63072
  -1.62738   -1.62738   -1.62718   -1.62718   -1.62647   -1.62647   -1.62477   -1.62477
  -0.65108   -0.65108   -0.64988   -0.64988   -0.64965   -0.64965   -0.64943   -0.64943
  -0.64894   -0.64894   -0.64876   -0.64876   -0.64797   -0.64797   -0.64772   -0.64772
  -0.64724   -0.64724   -0.64665   -0.64665   -0.64436   -0.64436   -0.64427   -0.64427
  -0.64408   -0.64408   -0.64385   -0.64385   -0.64298   -0.64298   -0.64289   -0.64289
  -0.64284   -0.64284   -0.64250   -0.64250   -0.64241   -0.64241   -0.64216   -0.64216
  -0.36630   -0.36630   -0.36499   -0.36499   -0.36408   -0.36408   -0.33559   -0.33559
  -0.17672   -0.17672   -0.16296   -0.16296   -0.14490   -0.14490   -0.13181   -0.13181
  -0.02495   -0.02495    0.00659    0.00659    0.04079    0.04079    0.05067    0.05067
   0.05437    0.05437    0.05772    0.05772    0.06647    0.06647    0.08019    0.08019
   0.12077    0.12077    0.13381    0.13381    0.14461    0.14461    0.15754    0.15754
   0.17329    0.17329    0.17887    0.17887    0.19433    0.19433    0.19846    0.19846
   0.20572    0.20572    0.20755    0.20755    0.21825    0.21825    0.22167    0.22167
 kpt#  50, nband=136, wtk=  1.00000, kpt=  0.0000  0.5000  0.4375 (reduced coord)
  -1.65826   -1.65826   -1.65750   -1.65750   -1.65495   -1.65495   -1.65470   -1.65470
  -1.65406   -1.65406   -1.65359   -1.65359   -1.65223   -1.65223   -1.65218   -1.65218
  -1.65145   -1.65145   -1.65063   -1.65063   -1.64876   -1.64876   -1.64860   -1.64860
  -1.64794   -1.64794   -1.64512   -1.64512   -1.64360   -1.64360   -1.63033   -1.63033
  -1.62762   -1.62762   -1.62736   -1.62736   -1.62655   -1.62655   -1.62498   -1.62498
  -0.65117   -0.65117   -0.64990   -0.64990   -0.64960   -0.64960   -0.64941   -0.64941
  -0.64897   -0.64897   -0.64882   -0.64882   -0.64799   -0.64799   -0.64767   -0.64767
  -0.64726   -0.64726   -0.64667   -0.64667   -0.64436   -0.64436   -0.64429   -0.64429
  -0.64412   -0.64412   -0.64383   -0.64383   -0.64304   -0.64304   -0.64283   -0.64283
  -0.64279   -0.64279   -0.64248   -0.64248   -0.64244   -0.64244   -0.64220   -0.64220
  -0.36630   -0.36630   -0.36500   -0.36500   -0.36408   -0.36408   -0.33559   -0.33559
  -0.17672   -0.17672   -0.16296   -0.16296   -0.14490   -0.14490   -0.13181   -0.13181
  -0.02495   -0.02495    0.00659    0.00659    0.04078    0.04078    0.05067    0.05067
   0.05437    0.05437    0.05771    0.05771    0.06646    0.06646    0.08019    0.08019
   0.12076    0.12076    0.13381    0.13381    0.14461    0.14461    0.15754    0.15754
   0.17329    0.17329    0.17888    0.17888    0.19430    0.19430    0.19847    0.19847
   0.20571    0.20571    0.20755    0.20755    0.21824    0.21824    0.22165    0.22165
 kpt#  51, nband=136, wtk=  1.00000, kpt=  0.0000  0.5000  0.3750 (reduced coord)
  -1.65738   -1.65738   -1.65678   -1.65678   -1.65489   -1.65489   -1.65451   -1.65451
  -1.65381   -1.65381   -1.65316   -1.65316   -1.65246   -1.65246   -1.65236   -1.65236
  -1.65087   -1.65087   -1.65051   -1.65051   -1.64888   -1.64888   -1.64865   -1.64865
  -1.64765   -1.64765   -1.64533   -1.64533   -1.64371   -1.64371   -1.63035   -1.63035
  -1.62767   -1.62767   -1.62698   -1.62698   -1.62599   -1.62599   -1.62503   -1.62503
  -0.65104   -0.65104   -0.64990   -0.64990   -0.64960   -0.64960   -0.64934   -0.64934
  -0.64896   -0.64896   -0.64872   -0.64872   -0.64800   -0.64800   -0.64768   -0.64768
  -0.64723   -0.64723   -0.64669   -0.64669   -0.64434   -0.64434   -0.64430   -0.64430
  -0.64396   -0.64396   -0.64383   -0.64383   -0.64306   -0.64306   -0.64283   -0.64283
  -0.64268   -0.64268   -0.64252   -0.64252   -0.64247   -0.64247   -0.64216   -0.64216
  -0.36630   -0.36630   -0.36500   -0.36500   -0.36408   -0.36408   -0.33559   -0.33559
  -0.17672   -0.17672   -0.16296   -0.16296   -0.14489   -0.14489   -0.13181   -0.13181
  -0.02495   -0.02495    0.00660    0.00660    0.04078    0.04078    0.05067    0.05067
   0.05437    0.05437    0.05771    0.05771    0.06647    0.06647    0.08019    0.08019
   0.12075    0.12075    0.13382    0.13382    0.14462    0.14462    0.15754    0.15754
   0.17330    0.17330    0.17889    0.17889    0.19430    0.19430    0.19848    0.19848
   0.20570    0.20570    0.20756    0.20756    0.21824    0.21824    0.22166    0.22166
 kpt#  52, nband=136, wtk=  1.00000, kpt=  0.0000  0.5000  0.3125 (reduced coord)
  -1.65937   -1.65937   -1.65747   -1.65747   -1.65649   -1.65649   -1.65564   -1.65564
  -1.65446   -1.65446   -1.65390   -1.65390   -1.65325   -1.65325   -1.65270   -1.65270
  -1.65184   -1.65184   -1.65121   -1.65121   -1.64978   -1.64978   -1.64954   -1.64954
  -1.64879   -1.64879   -1.64590   -1.64590   -1.64508   -1.64508   -1.63144   -1.63144
  -1.62865   -1.62865   -1.62784   -1.62784   -1.62670   -1.62670   -1.62640   -1.62640
  -0.65112   -0.65112   -0.65009   -0.65009   -0.64977   -0.64977   -0.64951   -0.64951
  -0.64920   -0.64920   -0.64880   -0.64880   -0.64817   -0.64817   -0.64780   -0.64780
  -0.64740   -0.64740   -0.64688   -0.64688   -0.64447   -0.64447   -0.64442   -0.64442
  -0.64408   -0.64408   -0.64392   -0.64392   -0.64320   -0.64320   -0.64303   -0.64303
  -0.64294   -0.64294   -0.64259   -0.64259   -0.64258   -0.64258   -0.64246   -0.64246
  -0.36630   -0.36630   -0.36500   -0.36500   -0.36408   -0.36408   -0.33559   -0.33559
  -0.17673   -0.17673   -0.16296   -0.16296   -0.14490   -0.14490   -0.13181   -0.13181
  -0.02495   -0.02495    0.00659    0.00659    0.04078    0.04078    0.05067    0.05067
   0.05436    0.05436    0.05769    0.05769    0.06647    0.06647    0.08018    0.08018
   0.12075    0.12075    0.13381    0.13381    0.14460    0.14460    0.15752    0.15752
   0.17329    0.17329    0.17888    0.17888    0.19427    0.19427    0.19848    0.19848
   0.20568    0.20568    0.20756    0.20756    0.21821    0.21821    0.22162    0.22162
 kpt#  53, nband=136, wtk=  1.00000, kpt=  0.0000  0.5000  0.2500 (reduced coord)
  -1.65988   -1.65988   -1.65769   -1.65769   -1.65640   -1.65640   -1.65557   -1.65557
  -1.65508   -1.65508   -1.65406   -1.65406   -1.65364   -1.65364   -1.65284   -1.65284
  -1.65226   -1.65226   -1.65099   -1.65099   -1.65002   -1.65002   -1.64977   -1.64977
  -1.64871   -1.64871   -1.64628   -1.64628   -1.64432   -1.64432   -1.63144   -1.63144
  -1.62865   -1.62865   -1.62815   -1.62815   -1.62681   -1.62681   -1.62646   -1.62646
  -0.65120   -0.65120   -0.65012   -0.65012   -0.64977   -0.64977   -0.64950   -0.64950
  -0.64921   -0.64921   -0.64889   -0.64889   -0.64818   -0.64818   -0.64781   -0.64781
  -0.64737   -0.64737   -0.64690   -0.64690   -0.64449   -0.64449   -0.64446   -0.64446
  -0.64414   -0.64414   -0.64399   -0.64399   -0.64315   -0.64315   -0.64310   -0.64310
  -0.64291   -0.64291   -0.64265   -0.64265   -0.64259   -0.64259   -0.64239   -0.64239
  -0.36631   -0.36631   -0.36500   -0.36500   -0.36408   -0.36408   -0.33559   -0.33559
  -0.17673   -0.17673   -0.16296   -0.16296   -0.14490   -0.14490   -0.13181   -0.13181
  -0.02496   -0.02496    0.00659    0.00659    0.04077    0.04077    0.05067    0.05067
   0.05436    0.05436    0.05770    0.05770    0.06647    0.06647    0.08019    0.08019
   0.12074    0.12074    0.13380    0.13380    0.14460    0.14460    0.15753    0.15753
   0.17330    0.17330    0.17888    0.17888    0.19428    0.19428    0.19849    0.19849
   0.20569    0.20569    0.20756    0.20756    0.21821    0.21821    0.22159    0.22159
 kpt#  54, nband=136, wtk=  1.00000, kpt=  0.0000  0.5000  0.1875 (reduced coord)
  -1.65942   -1.65942   -1.65738   -1.65738   -1.65640   -1.65640   -1.65525   -1.65525
  -1.65491   -1.65491   -1.65394   -1.65394   -1.65372   -1.65372   -1.65222   -1.65222
  -1.65187   -1.65187   -1.65077   -1.65077   -1.64991   -1.64991   -1.64902   -1.64902
  -1.64751   -1.64751   -1.64598   -1.64598   -1.64417   -1.64417   -1.63096   -1.63096
  -1.62821   -1.62821   -1.62754   -1.62754   -1.62659   -1.62659   -1.62629   -1.62629
  -0.65108   -0.65108   -0.65004   -0.65004   -0.64970   -0.64970   -0.64948   -0.64948
  -0.64924   -0.64924   -0.64873   -0.64873   -0.64811   -0.64811   -0.64774   -0.64774
  -0.64736   -0.64736   -0.64691   -0.64691   -0.64442   -0.64442   -0.64434   -0.64434
  -0.64398   -0.64398   -0.64390   -0.64390   -0.64314   -0.64314   -0.64308   -0.64308
  -0.64290   -0.64290   -0.64265   -0.64265   -0.64250   -0.64250   -0.64241   -0.64241
  -0.36630   -0.36630   -0.36500   -0.36500   -0.36408   -0.36408   -0.33559   -0.33559
  -0.17673   -0.17673   -0.16296   -0.16296   -0.14489   -0.14489   -0.13181   -0.13181
  -0.02495   -0.02495    0.00659    0.00659    0.04078    0.04078    0.05068    0.05068
   0.05436    0.05436    0.05770    0.05770    0.06647    0.06647    0.08019    0.08019
   0.12078    0.12078    0.13381    0.13381    0.14460    0.14460    0.15754    0.15754
   0.17331    0.17331    0.17889    0.17889    0.19429    0.19429    0.19849    0.19849
   0.20569    0.20569    0.20756    0.20756    0.21822    0.21822    0.22156    0.22156
 kpt#  55, nband=136, wtk=  1.00000, kpt=  0.0000  0.5000  0.1250 (reduced coord)
  -1.65885   -1.65885   -1.65740   -1.65740   -1.65697   -1.65697   -1.65497   -1.65497
  -1.65414   -1.65414   -1.65363   -1.65363   -1.65361   -1.65361   -1.65194   -1.65194
  -1.65157   -1.65157   -1.65016   -1.65016   -1.64988   -1.64988   -1.64844   -1.64844
  -1.64713   -1.64713   -1.64578   -1.64578   -1.64301   -1.64301   -1.63053   -1.63053
  -1.62771   -1.62771   -1.62681   -1.62681   -1.62628   -1.62628   -1.62606   -1.62606
  -0.65112   -0.65112   -0.64997   -0.64997   -0.64963   -0.64963   -0.64934   -0.64934
  -0.64923   -0.64923   -0.64875   -0.64875   -0.64806   -0.64806   -0.64767   -0.64767
  -0.64722   -0.64722   -0.64685   -0.64685   -0.64444   -0.64444   -0.64437   -0.64437
  -0.64395   -0.64395   -0.64384   -0.64384   -0.64308   -0.64308   -0.64300   -0.64300
  -0.64270   -0.64270   -0.64258   -0.64258   -0.64244   -0.64244   -0.64234   -0.64234
  -0.36630   -0.36630   -0.36500   -0.36500   -0.36408   -0.36408   -0.33559   -0.33559
  -0.17672   -0.17672   -0.16296   -0.16296   -0.14489   -0.14489   -0.13181   -0.13181
  -0.02495   -0.02495    0.00659    0.00659    0.04078    0.04078    0.05068    0.05068
   0.05437    0.05437    0.05772    0.05772    0.06647    0.06647    0.08020    0.08020
   0.12079    0.12079    0.13382    0.13382    0.14462    0.14462    0.15754    0.15754
   0.17332    0.17332    0.17889    0.17889    0.19433    0.19433    0.19850    0.19850
   0.20570    0.20570    0.20756    0.20756    0.21822    0.21822    0.22153    0.22153
 kpt#  56, nband=136, wtk=  1.00000, kpt=  0.0000  0.5000  0.0625 (reduced coord)
  -1.65939   -1.65939   -1.65765   -1.65765   -1.65741   -1.65741   -1.65574   -1.65574
  -1.65426   -1.65426   -1.65396   -1.65396   -1.65368   -1.65368   -1.65250   -1.65250
  -1.65140   -1.65140   -1.65098   -1.65098   -1.65055   -1.65055   -1.64856   -1.64856
  -1.64780   -1.64780   -1.64595   -1.64595   -1.64319   -1.64319   -1.63088   -1.63088
  -1.62786   -1.62786   -1.62726   -1.62726   -1.62683   -1.62683   -1.62639   -1.62639
  -0.65113   -0.65113   -0.65001   -0.65001   -0.64971   -0.64971   -0.64938   -0.64938
  -0.64933   -0.64933   -0.64877   -0.64877   -0.64811   -0.64811   -0.64772   -0.64772
  -0.64735   -0.64735   -0.64694   -0.64694   -0.64440   -0.64440   -0.64438   -0.64438
  -0.64399   -0.64399   -0.64388   -0.64388   -0.64318   -0.64318   -0.64302   -0.64302
  -0.64287   -0.64287   -0.64267   -0.64267   -0.64253   -0.64253   -0.64237   -0.64237
  -0.36630   -0.36630   -0.36500   -0.36500   -0.36408   -0.36408   -0.33559   -0.33559
  -0.17672   -0.17672   -0.16296   -0.16296   -0.14490   -0.14490   -0.13181   -0.13181
  -0.02495   -0.02495    0.00660    0.00660    0.04078    0.04078    0.05067    0.05067
   0.05436    0.05436    0.05772    0.05772    0.06648    0.06648    0.08020    0.08020
   0.12080    0.12080    0.13382    0.13382    0.14462    0.14462    0.15755    0.15755
   0.17332    0.17332    0.17888    0.17888    0.19432    0.19432    0.19849    0.19849
   0.20570    0.20570    0.20756    0.20756    0.21821    0.21821    0.22151    0.22151
 kpt#  57, nband=136, wtk=  1.00000, kpt=  0.0000  0.5000  0.0000 (reduced coord)
  -1.65992   -1.65992   -1.65896   -1.65896   -1.65753   -1.65753   -1.65585   -1.65585
  -1.65430   -1.65430   -1.65414   -1.65414   -1.65371   -1.65371   -1.65251   -1.65251
  -1.65141   -1.65141   -1.65120   -1.65120   -1.65056   -1.65056   -1.64852   -1.64852
  -1.64773   -1.64773   -1.64593   -1.64593   -1.64297   -1.64297   -1.63096   -1.63096
  -1.62777   -1.62777   -1.62720   -1.62720   -1.62694   -1.62694   -1.62675   -1.62675
  -0.65121   -0.65121   -0.65001   -0.65001   -0.64971   -0.64971   -0.64938   -0.64938
  -0.64937   -0.64937   -0.64884   -0.64884   -0.64810   -0.64810   -0.64773   -0.64773
  -0.64737   -0.64737   -0.64695   -0.64695   -0.64443   -0.64443   -0.64440   -0.64440
  -0.64400   -0.64400   -0.64394   -0.64394   -0.64321   -0.64321   -0.64304   -0.64304
  -0.64289   -0.64289   -0.64269   -0.64269   -0.64254   -0.64254   -0.64237   -0.64237
  -0.36630   -0.36630   -0.36500   -0.36500   -0.36408   -0.36408   -0.33559   -0.33559
  -0.17672   -0.17672   -0.16296   -0.16296   -0.14490   -0.14490   -0.13181   -0.13181
  -0.02495   -0.02495    0.00660    0.00660    0.04078    0.04078    0.05067    0.05067
   0.05436    0.05436    0.05772    0.05772    0.06648    0.06648    0.08020    0.08020
   0.12080    0.12080    0.13382    0.13382    0.14460    0.14460    0.15755    0.15755
   0.17331    0.17331    0.17888    0.17888    0.19433    0.19433    0.19849    0.19849
   0.20571    0.20571    0.20756    0.20756    0.21821    0.21821    0.22150    0.22150
