
 **** DERIVATIVE DATABASE ****    
+DDB, Version number    100401

  Note : temporary (transfer) database

    usepaw         0
     natom        16
      nkpt        42
    nsppol         1
      nsym        16
    ntypat         2
    occopt         1
     nband       136
     acell  0.77624316804222D+01  0.77624316804222D+01  0.77624316804222D+01
       amu  0.11871000000000D+03  0.78960000000000D+02
   dilatmx  0.10000000000000D+01
      ecut  0.22500000000000D+02
    ecutsm  0.00000000000000D+00
     intxc         0
      iscf        17
       ixc   -101130
       kpt  0.41666666666667D-01  0.41666666666667D-01  0.12500000000000D+00
            0.12500000000000D+00  0.41666666666667D-01  0.12500000000000D+00
            0.20833333333333D+00  0.41666666666667D-01  0.12500000000000D+00
            0.29166666666667D+00  0.41666666666667D-01  0.12500000000000D+00
            0.37500000000000D+00  0.41666666666667D-01  0.12500000000000D+00
            0.45833333333333D+00  0.41666666666667D-01  0.12500000000000D+00
            0.12500000000000D+00  0.12500000000000D+00  0.12500000000000D+00
            0.20833333333333D+00  0.12500000000000D+00  0.12500000000000D+00
            0.29166666666667D+00  0.12500000000000D+00  0.12500000000000D+00
            0.37500000000000D+00  0.12500000000000D+00  0.12500000000000D+00
            0.45833333333333D+00  0.12500000000000D+00  0.12500000000000D+00
            0.20833333333333D+00  0.20833333333333D+00  0.12500000000000D+00
            0.29166666666667D+00  0.20833333333333D+00  0.12500000000000D+00
            0.37500000000000D+00  0.20833333333333D+00  0.12500000000000D+00
            0.45833333333333D+00  0.20833333333333D+00  0.12500000000000D+00
            0.29166666666667D+00  0.29166666666667D+00  0.12500000000000D+00
            0.37500000000000D+00  0.29166666666667D+00  0.12500000000000D+00
            0.45833333333333D+00  0.29166666666667D+00  0.12500000000000D+00
            0.37500000000000D+00  0.37500000000000D+00  0.12500000000000D+00
            0.45833333333333D+00  0.37500000000000D+00  0.12500000000000D+00
            0.45833333333333D+00  0.45833333333333D+00  0.12500000000000D+00
            0.41666666666667D-01  0.41666666666667D-01  0.37500000000000D+00
            0.12500000000000D+00  0.41666666666667D-01  0.37500000000000D+00
            0.20833333333333D+00  0.41666666666667D-01  0.37500000000000D+00
            0.29166666666667D+00  0.41666666666667D-01  0.37500000000000D+00
            0.37500000000000D+00  0.41666666666667D-01  0.37500000000000D+00
            0.45833333333333D+00  0.41666666666667D-01  0.37500000000000D+00
            0.12500000000000D+00  0.12500000000000D+00  0.37500000000000D+00
            0.20833333333333D+00  0.12500000000000D+00  0.37500000000000D+00
            0.29166666666667D+00  0.12500000000000D+00  0.37500000000000D+00
            0.37500000000000D+00  0.12500000000000D+00  0.37500000000000D+00
            0.45833333333333D+00  0.12500000000000D+00  0.37500000000000D+00
            0.20833333333333D+00  0.20833333333333D+00  0.37500000000000D+00
            0.29166666666667D+00  0.20833333333333D+00  0.37500000000000D+00
            0.37500000000000D+00  0.20833333333333D+00  0.37500000000000D+00
            0.45833333333333D+00  0.20833333333333D+00  0.37500000000000D+00
            0.29166666666667D+00  0.29166666666667D+00  0.37500000000000D+00
            0.37500000000000D+00  0.29166666666667D+00  0.37500000000000D+00
            0.45833333333333D+00  0.29166666666667D+00  0.37500000000000D+00
            0.37500000000000D+00  0.37500000000000D+00  0.37500000000000D+00
            0.45833333333333D+00  0.37500000000000D+00  0.37500000000000D+00
            0.45833333333333D+00  0.45833333333333D+00  0.37500000000000D+00
    kptnrm  0.10000000000000D+01
     ngfft        36   36  240
    nspden         1
   nspinor         1
       occ  0.20000000000000D+01  0.20000000000000D+01  0.20000000000000D+01
            0.20000000000000D+01  0.20000000000000D+01  0.20000000000000D+01
            0.20000000000000D+01  0.20000000000000D+01  0.20000000000000D+01
            0.20000000000000D+01  0.20000000000000D+01  0.20000000000000D+01
            0.20000000000000D+01  0.20000000000000D+01  0.20000000000000D+01
            0.20000000000000D+01  0.20000000000000D+01  0.20000000000000D+01
            0.20000000000000D+01  0.20000000000000D+01  0.20000000000000D+01
            0.20000000000000D+01  0.20000000000000D+01  0.20000000000000D+01
            0.20000000000000D+01  0.20000000000000D+01  0.20000000000000D+01
            0.20000000000000D+01  0.20000000000000D+01  0.20000000000000D+01
            0.20000000000000D+01  0.20000000000000D+01  0.20000000000000D+01
            0.20000000000000D+01  0.20000000000000D+01  0.20000000000000D+01
            0.20000000000000D+01  0.20000000000000D+01  0.20000000000000D+01
            0.20000000000000D+01  0.20000000000000D+01  0.20000000000000D+01
            0.20000000000000D+01  0.20000000000000D+01  0.20000000000000D+01
            0.20000000000000D+01  0.20000000000000D+01  0.20000000000000D+01
            0.20000000000000D+01  0.20000000000000D+01  0.20000000000000D+01
            0.20000000000000D+01  0.20000000000000D+01  0.20000000000000D+01
            0.20000000000000D+01  0.20000000000000D+01  0.20000000000000D+01
            0.20000000000000D+01  0.20000000000000D+01  0.20000000000000D+01
            0.20000000000000D+01  0.20000000000000D+01  0.20000000000000D+01
            0.20000000000000D+01  0.20000000000000D+01  0.20000000000000D+01
            0.20000000000000D+01  0.20000000000000D+01  0.20000000000000D+01
            0.20000000000000D+01  0.20000000000000D+01  0.20000000000000D+01
            0.20000000000000D+01  0.20000000000000D+01  0.20000000000000D+01
            0.20000000000000D+01  0.20000000000000D+01  0.20000000000000D+01
            0.20000000000000D+01  0.20000000000000D+01  0.20000000000000D+01
            0.20000000000000D+01  0.20000000000000D+01  0.20000000000000D+01
            0.20000000000000D+01  0.20000000000000D+01  0.20000000000000D+01
            0.20000000000000D+01  0.20000000000000D+01  0.20000000000000D+01
            0.20000000000000D+01  0.20000000000000D+01  0.20000000000000D+01
            0.20000000000000D+01  0.20000000000000D+01  0.20000000000000D+01
            0.20000000000000D+01  0.20000000000000D+01  0.20000000000000D+01
            0.20000000000000D+01  0.20000000000000D+01  0.20000000000000D+01
            0.20000000000000D+01  0.20000000000000D+01  0.20000000000000D+01
            0.20000000000000D+01  0.20000000000000D+01  0.20000000000000D+01
            0.20000000000000D+01  0.20000000000000D+01  0.20000000000000D+01
            0.20000000000000D+01  0.20000000000000D+01  0.20000000000000D+01
            0.20000000000000D+01  0.20000000000000D+01  0.20000000000000D+01
            0.20000000000000D+01  0.20000000000000D+01  0.20000000000000D+01
            0.00000000000000D+00  0.00000000000000D+00  0.00000000000000D+00
            0.00000000000000D+00  0.00000000000000D+00  0.00000000000000D+00
            0.00000000000000D+00  0.00000000000000D+00  0.00000000000000D+00
            0.00000000000000D+00  0.00000000000000D+00  0.00000000000000D+00
            0.00000000000000D+00  0.00000000000000D+00  0.00000000000000D+00
            0.00000000000000D+00
     rprim  0.10000000000000D+01  0.00000000000000D+00  0.00000000000000D+00
            0.00000000000000D+00  0.10000000000000D+01  0.00000000000000D+00
            0.00000000000000D+00  0.00000000000000D+00  0.69113460518801D+01
  dfpt_sciss  0.00000000000000D+00
    spinat  0.00000000000000D+00  0.00000000000000D+00  0.00000000000000D+00
            0.00000000000000D+00  0.00000000000000D+00  0.00000000000000D+00
            0.00000000000000D+00  0.00000000000000D+00  0.00000000000000D+00
            0.00000000000000D+00  0.00000000000000D+00  0.00000000000000D+00
            0.00000000000000D+00  0.00000000000000D+00  0.00000000000000D+00
            0.00000000000000D+00  0.00000000000000D+00  0.00000000000000D+00
            0.00000000000000D+00  0.00000000000000D+00  0.00000000000000D+00
            0.00000000000000D+00  0.00000000000000D+00  0.00000000000000D+00
            0.00000000000000D+00  0.00000000000000D+00  0.00000000000000D+00
            0.00000000000000D+00  0.00000000000000D+00  0.00000000000000D+00
            0.00000000000000D+00  0.00000000000000D+00  0.00000000000000D+00
            0.00000000000000D+00  0.00000000000000D+00  0.00000000000000D+00
            0.00000000000000D+00  0.00000000000000D+00  0.00000000000000D+00
            0.00000000000000D+00  0.00000000000000D+00  0.00000000000000D+00
            0.00000000000000D+00  0.00000000000000D+00  0.00000000000000D+00
            0.00000000000000D+00  0.00000000000000D+00  0.00000000000000D+00
    symafm         1    1    1    1    1    1    1    1    1    1    1    1
                   1    1    1    1
    symrel         1    0    0    0    1    0    0    0    1
                  -1    0    0    0   -1    0    0    0   -1
                  -1    0    0    0    1    0    0    0   -1
                   1    0    0    0   -1    0    0    0    1
                  -1    0    0    0   -1    0    0    0    1
                   1    0    0    0    1    0    0    0   -1
                   1    0    0    0   -1    0    0    0   -1
                  -1    0    0    0    1    0    0    0    1
                   0    1    0    1    0    0    0    0    1
                   0   -1    0   -1    0    0    0    0   -1
                   0   -1    0    1    0    0    0    0   -1
                   0    1    0   -1    0    0    0    0    1
                   0   -1    0   -1    0    0    0    0    1
                   0    1    0    1    0    0    0    0   -1
                   0    1    0   -1    0    0    0    0   -1
                   0   -1    0    1    0    0    0    0    1
     tnons  0.00000000000000D+00  0.00000000000000D+00  0.00000000000000D+00
            0.50000000000000D+00  0.50000000000000D+00 -0.22204460492503D-15
            0.50000000000000D+00  0.50000000000000D+00 -0.22204460492503D-15
            0.00000000000000D+00  0.00000000000000D+00  0.00000000000000D+00
           -0.11102230246252D-15  0.00000000000000D+00  0.00000000000000D+00
            0.50000000000000D+00  0.50000000000000D+00 -0.22204460492503D-15
            0.50000000000000D+00  0.50000000000000D+00 -0.22204460492503D-15
           -0.11102230246252D-15  0.00000000000000D+00  0.00000000000000D+00
            0.50000000000000D+00  0.50000000000000D+00  0.00000000000000D+00
            0.00000000000000D+00 -0.11102230246252D-15 -0.22204460492503D-15
            0.00000000000000D+00 -0.11102230246252D-15 -0.22204460492503D-15
            0.50000000000000D+00  0.50000000000000D+00  0.00000000000000D+00
            0.50000000000000D+00  0.50000000000000D+00  0.00000000000000D+00
            0.00000000000000D+00  0.00000000000000D+00 -0.22204460492503D-15
            0.00000000000000D+00  0.00000000000000D+00 -0.22204460492503D-15
            0.50000000000000D+00  0.50000000000000D+00  0.00000000000000D+00
    tolwfr  0.10000000000000D+01
   tphysel  0.00000000000000D+00
    tsmear  0.10000000000000D-01
     typat         1    1    1    1    1    1    1    1    2    2    2    2
                   2    2    2    2
       wtk  0.13888888888889D-01  0.27777777777778D-01  0.27777777777778D-01
            0.27777777777778D-01  0.27777777777778D-01  0.27777777777778D-01
            0.13888888888889D-01  0.27777777777778D-01  0.27777777777778D-01
            0.27777777777778D-01  0.27777777777778D-01  0.13888888888889D-01
            0.27777777777778D-01  0.27777777777778D-01  0.27777777777778D-01
            0.13888888888889D-01  0.27777777777778D-01  0.27777777777778D-01
            0.13888888888889D-01  0.27777777777778D-01  0.13888888888889D-01
            0.13888888888889D-01  0.27777777777778D-01  0.27777777777778D-01
            0.27777777777778D-01  0.27777777777778D-01  0.27777777777778D-01
            0.13888888888889D-01  0.27777777777778D-01  0.27777777777778D-01
            0.27777777777778D-01  0.27777777777778D-01  0.13888888888889D-01
            0.27777777777778D-01  0.27777777777778D-01  0.27777777777778D-01
            0.13888888888889D-01  0.27777777777778D-01  0.27777777777778D-01
            0.13888888888889D-01  0.27777777777778D-01  0.13888888888889D-01
      xred  0.50000000000000D+00  0.00000000000000D+00  0.16437200000000D+00
            0.00000000000000D+00  0.50000000000000D+00  0.26122400000000D+00
            0.50000000000000D+00  0.00000000000000D+00  0.35584000000000D+00
            0.00000000000000D+00  0.50000000000000D+00  0.45269200000000D+00
            0.50000000000000D+00  0.00000000000000D+00  0.54730800000000D+00
            0.00000000000000D+00  0.50000000000000D+00  0.64416000000000D+00
            0.50000000000000D+00  0.00000000000000D+00  0.73877600000000D+00
            0.00000000000000D+00  0.50000000000000D+00  0.83562800000000D+00
            0.00000000000000D+00  0.50000000000000D+00  0.16549000000000D+00
            0.50000000000000D+00  0.00000000000000D+00  0.26010600000000D+00
            0.00000000000000D+00  0.50000000000000D+00  0.35695800000000D+00
            0.50000000000000D+00  0.00000000000000D+00  0.45157400000000D+00
            0.00000000000000D+00  0.50000000000000D+00  0.54842600000000D+00
            0.50000000000000D+00  0.00000000000000D+00  0.64304200000000D+00
            0.00000000000000D+00  0.50000000000000D+00  0.73989400000000D+00
            0.50000000000000D+00  0.00000000000000D+00  0.83451000000000D+00
     znucl  0.50000000000000D+02  0.34000000000000D+02
      zion  0.14000000000000D+02  0.16000000000000D+02
 
 No information on the potentials yet 
 
 **** Database of total energy derivatives ****
 Number of data blocks=    2
  
 Total energy                 - # elements :       1
 -0.15915289671663D+04  0.00000000000000D+00
  
 1st derivatives              - # elements :      54
   1   1 -0.31554436208840D-29  0.00000000000000D+00
   2   1 -0.39443045261051D-29  0.00000000000000D+00
   3   1  0.70259180520335D+00  0.00000000000000D+00
   1   2  0.00000000000000D+00  0.00000000000000D+00
   2   2  0.00000000000000D+00  0.00000000000000D+00
   3   2  0.64688370479126D+00  0.00000000000000D+00
   1   3  0.00000000000000D+00  0.00000000000000D+00
   2   3  0.00000000000000D+00  0.00000000000000D+00
   3   3 -0.20422257847213D+00  0.00000000000000D+00
   1   4  0.00000000000000D+00  0.00000000000000D+00
   2   4  0.00000000000000D+00  0.00000000000000D+00
   3   4  0.86774114948224D-01  0.00000000000000D+00
   1   5  0.00000000000000D+00  0.00000000000000D+00
   2   5  0.00000000000000D+00  0.00000000000000D+00
   3   5 -0.86774114948224D-01  0.00000000000000D+00
   1   6  0.00000000000000D+00  0.00000000000000D+00
   2   6  0.00000000000000D+00  0.00000000000000D+00
   3   6  0.20422257847213D+00  0.00000000000000D+00
   1   7  0.15777218104420D-29  0.00000000000000D+00
   2   7  0.23665827156630D-29  0.00000000000000D+00
   3   7 -0.64688370479126D+00  0.00000000000000D+00
   1   8  0.00000000000000D+00  0.00000000000000D+00
   2   8  0.00000000000000D+00  0.00000000000000D+00
   3   8 -0.70259180520335D+00  0.00000000000000D+00
   1   9  0.00000000000000D+00  0.00000000000000D+00
   2   9  0.00000000000000D+00  0.00000000000000D+00
   3   9  0.85334152682770D+00  0.00000000000000D+00
   1  10  0.00000000000000D+00  0.00000000000000D+00
   2  10  0.00000000000000D+00  0.00000000000000D+00
   3  10  0.46170255503219D+00  0.00000000000000D+00
   1  11  0.00000000000000D+00  0.00000000000000D+00
   2  11  0.00000000000000D+00  0.00000000000000D+00
   3  11  0.15974725086222D-01  0.00000000000000D+00
   1  12  0.31554436208840D-29  0.00000000000000D+00
   2  12  0.23665827156630D-29  0.00000000000000D+00
   3  12 -0.11703562140100D+00  0.00000000000000D+00
   1  13  0.00000000000000D+00  0.00000000000000D+00
   2  13  0.00000000000000D+00  0.00000000000000D+00
   3  13  0.11703562140100D+00  0.00000000000000D+00
   1  14  0.31554436208840D-29  0.00000000000000D+00
   2  14  0.35498740734946D-29  0.00000000000000D+00
   3  14 -0.15974725086222D-01  0.00000000000000D+00
   1  15  0.00000000000000D+00  0.00000000000000D+00
   2  15  0.00000000000000D+00  0.00000000000000D+00
   3  15 -0.46170255503219D+00  0.00000000000000D+00
   1  16  0.31554436208840D-29  0.00000000000000D+00
   2  16  0.38456969129524D-29  0.00000000000000D+00
   3  16 -0.85334152682770D+00  0.00000000000000D+00
   1  19  0.14166803236499D-01  0.00000000000000D+00
   2  19  0.14166803236499D-01  0.00000000000000D+00
   3  19  0.13838743376684D-01  0.00000000000000D+00
   1  20  0.00000000000000D+00  0.00000000000000D+00
   2  20  0.00000000000000D+00  0.00000000000000D+00
   3  20  0.00000000000000D+00  0.00000000000000D+00
