 Eigenvalues (hartree) for nkpt=  42  k points:
 kpt#   1, nband=136, wtk=  0.01389, kpt=  0.0417  0.0417  0.1250 (reduced coord)
  -1.66006   -1.65997   -1.65926   -1.65920   -1.65878   -1.65817   -1.65783   -1.65713
  -1.65707   -1.65671   -1.65549   -1.65535   -1.65483   -1.65387   -1.65366   -1.65299
  -1.65291   -1.65231   -1.65189   -1.65153   -1.65081   -1.64986   -1.64977   -1.64908
  -1.64790   -1.64736   -1.64631   -1.64605   -1.64060   -1.64048   -1.63114   -1.63100
  -1.63082   -1.63010   -1.62833   -1.62744   -1.62622   -1.62618   -1.62505   -1.62481
  -0.65230   -0.65208   -0.65046   -0.65019   -0.65016   -0.65012   -0.65004   -0.64944
  -0.64924   -0.64923   -0.64910   -0.64869   -0.64844   -0.64806   -0.64777   -0.64765
  -0.64739   -0.64730   -0.64652   -0.64635   -0.64577   -0.64549   -0.64469   -0.64457
  -0.64449   -0.64439   -0.64382   -0.64348   -0.64328   -0.64323   -0.64308   -0.64293
  -0.64293   -0.64283   -0.64283   -0.64271   -0.64231   -0.64222   -0.64203   -0.64194
  -0.40814   -0.40167   -0.39172   -0.37910   -0.36346   -0.34908   -0.33676   -0.33481
  -0.12206   -0.12192   -0.11050   -0.10328   -0.08415   -0.08077   -0.05998   -0.04947
  -0.02619   -0.02611   -0.01792   -0.01016   -0.00549   -0.00405    0.00150    0.00893
   0.01541    0.01966    0.02708    0.03134    0.03759    0.04598    0.04969    0.05147
   0.05701    0.06034    0.06617    0.06917    0.07641    0.09547    0.12580    0.13338
   0.22103    0.22234    0.24762    0.25597    0.26533    0.26891    0.27428    0.28496
   0.29593    0.29652    0.29934    0.30415    0.30507    0.30761    0.31117    0.31382
 kpt#   2, nband=136, wtk=  0.02778, kpt=  0.1250  0.0417  0.1250 (reduced coord)
  -1.66018   -1.65966   -1.65832   -1.65784   -1.65759   -1.65667   -1.65590   -1.65561
  -1.65537   -1.65490   -1.65472   -1.65435   -1.65421   -1.65355   -1.65339   -1.65311
  -1.65250   -1.65222   -1.65169   -1.65145   -1.65084   -1.65061   -1.65022   -1.64984
  -1.64948   -1.64931   -1.64696   -1.64619   -1.64506   -1.64279   -1.63129   -1.63102
  -1.63078   -1.63036   -1.62935   -1.62799   -1.62703   -1.62625   -1.62575   -1.62562
  -0.65208   -0.65191   -0.65023   -0.65017   -0.65006   -0.64995   -0.64990   -0.64937
  -0.64930   -0.64914   -0.64907   -0.64844   -0.64841   -0.64822   -0.64805   -0.64799
  -0.64725   -0.64711   -0.64681   -0.64665   -0.64567   -0.64534   -0.64456   -0.64444
  -0.64440   -0.64431   -0.64407   -0.64376   -0.64325   -0.64313   -0.64302   -0.64294
  -0.64288   -0.64287   -0.64275   -0.64268   -0.64258   -0.64238   -0.64233   -0.64218
  -0.40521   -0.39890   -0.38925   -0.37704   -0.36201   -0.34841   -0.33624   -0.33478
  -0.13059   -0.12991   -0.11727   -0.11347   -0.09741   -0.08899   -0.06643   -0.06224
  -0.04332   -0.03203   -0.01640   -0.01063    0.00122    0.00163    0.01446    0.01550
   0.02064    0.03084    0.03137    0.04002    0.04191    0.04600    0.04808    0.05787
   0.05806    0.06110    0.07758    0.08746    0.09106    0.09984    0.13173    0.13386
   0.21497    0.22144    0.25549    0.26040    0.26468    0.26609    0.26746    0.26771
   0.27670    0.27992    0.28504    0.28947    0.29027    0.29324    0.29464    0.30285
 kpt#   3, nband=136, wtk=  0.02778, kpt=  0.2083  0.0417  0.1250 (reduced coord)
  -1.65904   -1.65818   -1.65792   -1.65724   -1.65680   -1.65651   -1.65572   -1.65520
  -1.65484   -1.65467   -1.65425   -1.65390   -1.65363   -1.65311   -1.65267   -1.65237
  -1.65142   -1.65114   -1.65080   -1.65044   -1.64979   -1.64944   -1.64901   -1.64852
  -1.64793   -1.64686   -1.64596   -1.64581   -1.64436   -1.64326   -1.63038   -1.62983
  -1.62922   -1.62895   -1.62808   -1.62765   -1.62644   -1.62626   -1.62563   -1.62513
  -0.65184   -0.65157   -0.64996   -0.64993   -0.64981   -0.64968   -0.64965   -0.64946
  -0.64932   -0.64920   -0.64906   -0.64822   -0.64819   -0.64804   -0.64785   -0.64746
  -0.64730   -0.64718   -0.64699   -0.64659   -0.64538   -0.64513   -0.64430   -0.64423
  -0.64412   -0.64410   -0.64378   -0.64354   -0.64314   -0.64306   -0.64300   -0.64291
  -0.64276   -0.64267   -0.64265   -0.64261   -0.64250   -0.64246   -0.64238   -0.64207
  -0.39952   -0.39357   -0.38458   -0.37329   -0.35964   -0.34784   -0.33556   -0.33487
  -0.14450   -0.14310   -0.13003   -0.12923   -0.11509   -0.10470   -0.08226   -0.06930
  -0.06482   -0.03261   -0.00837   -0.00574    0.00732    0.00804    0.02207    0.03037
   0.03122    0.03685    0.03960    0.04603    0.04823    0.05730    0.05882    0.05992
   0.06323    0.06556    0.09174    0.10617    0.11137    0.11416    0.13452    0.14176
   0.20205    0.22229    0.22869    0.23148    0.23556    0.24439    0.25081    0.26280
   0.26559    0.26746    0.27032    0.27181    0.27553    0.27838    0.28005    0.28864
 kpt#   4, nband=136, wtk=  0.02778, kpt=  0.2917  0.0417  0.1250 (reduced coord)
  -1.65782   -1.65767   -1.65703   -1.65653   -1.65587   -1.65516   -1.65456   -1.65388
  -1.65349   -1.65313   -1.65233   -1.65206   -1.65180   -1.65125   -1.65106   -1.65045
  -1.65001   -1.64932   -1.64845   -1.64803   -1.64760   -1.64752   -1.64695   -1.64661
  -1.64613   -1.64581   -1.64554   -1.64461   -1.64274   -1.64159   -1.62936   -1.62877
  -1.62749   -1.62640   -1.62633   -1.62602   -1.62563   -1.62512   -1.62419   -1.62337
  -0.65146   -0.65111   -0.64970   -0.64962   -0.64958   -0.64938   -0.64918   -0.64914
  -0.64910   -0.64902   -0.64896   -0.64818   -0.64790   -0.64748   -0.64733   -0.64724
  -0.64713   -0.64710   -0.64687   -0.64656   -0.64484   -0.64476   -0.64403   -0.64396
  -0.64394   -0.64379   -0.64324   -0.64320   -0.64303   -0.64293   -0.64288   -0.64275
  -0.64270   -0.64260   -0.64243   -0.64236   -0.64227   -0.64214   -0.64195   -0.64185
  -0.39144   -0.38614   -0.37831   -0.36868   -0.35754   -0.34894   -0.33518   -0.33508
  -0.15910   -0.15693   -0.14531   -0.14358   -0.13048   -0.12331   -0.10372   -0.09119
  -0.05963   -0.02653    0.00352    0.00412    0.01709    0.01751    0.01902    0.03260
   0.04183    0.04383    0.04696    0.05916    0.06047    0.06211    0.06465    0.06993
   0.07035    0.07973    0.10818    0.12204    0.12959    0.13351    0.13929    0.15197
   0.18983    0.19949    0.20244    0.20459    0.21588    0.22135    0.22969    0.23557
   0.23818    0.24045    0.24269    0.24903    0.25373    0.26010    0.26222    0.27404
 kpt#   5, nband=136, wtk=  0.02778, kpt=  0.3750  0.0417  0.1250 (reduced coord)
  -1.65804   -1.65718   -1.65685   -1.65659   -1.65642   -1.65581   -1.65516   -1.65465
  -1.65379   -1.65322   -1.65296   -1.65267   -1.65244   -1.65220   -1.65198   -1.65146
  -1.65126   -1.65070   -1.65051   -1.64994   -1.64969   -1.64955   -1.64913   -1.64883
  -1.64791   -1.64697   -1.64606   -1.64572   -1.64370   -1.64273   -1.62982   -1.62938
  -1.62831   -1.62745   -1.62720   -1.62666   -1.62644   -1.62622   -1.62560   -1.62543
  -0.65131   -0.65096   -0.64992   -0.64983   -0.64966   -0.64951   -0.64947   -0.64925
  -0.64922   -0.64912   -0.64902   -0.64823   -0.64805   -0.64785   -0.64763   -0.64755
  -0.64731   -0.64720   -0.64703   -0.64672   -0.64470   -0.64451   -0.64424   -0.64417
  -0.64394   -0.64385   -0.64365   -0.64350   -0.64312   -0.64312   -0.64294   -0.64288
  -0.64282   -0.64271   -0.64264   -0.64252   -0.64240   -0.64238   -0.64229   -0.64222
  -0.38162   -0.37739   -0.37153   -0.36470   -0.35760   -0.35332   -0.33522   -0.33521
  -0.17052   -0.16788   -0.15790   -0.15358   -0.13936   -0.13880   -0.12228   -0.11173
  -0.04788   -0.01562    0.00088    0.01619    0.01995    0.02964    0.03191    0.03293
   0.04488    0.05146    0.05653    0.06027    0.06197    0.06660    0.07450    0.07472
   0.08693    0.10216    0.12515    0.13580    0.14228    0.14391    0.15130    0.15670
   0.17577    0.18346    0.18413    0.18707    0.19174    0.20325    0.20677    0.21415
   0.22014    0.22177    0.22298    0.22901    0.23316    0.23357    0.24447    0.24852
 kpt#   6, nband=136, wtk=  0.02778, kpt=  0.4583  0.0417  0.1250 (reduced coord)
  -1.65957   -1.65914   -1.65758   -1.65733   -1.65686   -1.65634   -1.65582   -1.65517
  -1.65474   -1.65431   -1.65424   -1.65353   -1.65330   -1.65308   -1.65228   -1.65221
  -1.65197   -1.65152   -1.65096   -1.65071   -1.65012   -1.64986   -1.64939   -1.64846
  -1.64822   -1.64779   -1.64669   -1.64639   -1.64447   -1.64398   -1.63108   -1.63057
  -1.62875   -1.62852   -1.62800   -1.62717   -1.62691   -1.62666   -1.62602   -1.62590
  -0.65127   -0.65109   -0.65013   -0.65009   -0.64970   -0.64957   -0.64955   -0.64943
  -0.64930   -0.64923   -0.64894   -0.64855   -0.64817   -0.64804   -0.64770   -0.64769
  -0.64742   -0.64730   -0.64694   -0.64688   -0.64474   -0.64451   -0.64438   -0.64428
  -0.64401   -0.64394   -0.64392   -0.64377   -0.64329   -0.64320   -0.64302   -0.64298
  -0.64292   -0.64275   -0.64267   -0.64261   -0.64252   -0.64248   -0.64241   -0.64235
  -0.37106   -0.36861   -0.36592   -0.36332   -0.36133   -0.36106   -0.33533   -0.33533
  -0.17607   -0.17475   -0.16308   -0.16029   -0.14521   -0.14257   -0.13248   -0.12682
  -0.03300   -0.01632   -0.00142    0.01448    0.03110    0.03738    0.04533    0.04582
   0.04740    0.05323    0.05399    0.05552    0.06324    0.06501    0.07652    0.07799
   0.11130    0.12497    0.13392    0.13871    0.14301    0.14752    0.15753    0.15992
   0.16149    0.17218    0.17563    0.18078    0.18701    0.19096    0.19910    0.20074
   0.20627    0.20862    0.21417    0.21702    0.21791    0.22873    0.22881    0.23535
 kpt#   7, nband=136, wtk=  0.01389, kpt=  0.1250  0.1250  0.1250 (reduced coord)
  -1.65939   -1.65848   -1.65764   -1.65712   -1.65674   -1.65637   -1.65581   -1.65574
  -1.65472   -1.65443   -1.65417   -1.65377   -1.65359   -1.65356   -1.65274   -1.65255
  -1.65215   -1.65162   -1.65135   -1.65097   -1.65065   -1.64990   -1.64973   -1.64972
  -1.64849   -1.64808   -1.64683   -1.64509   -1.64421   -1.64259   -1.63073   -1.63047
  -1.63005   -1.62967   -1.62809   -1.62699   -1.62661   -1.62620   -1.62566   -1.62541
  -0.65189   -0.65165   -0.65017   -0.64994   -0.64993   -0.64977   -0.64973   -0.64932
  -0.64926   -0.64917   -0.64917   -0.64833   -0.64823   -0.64807   -0.64805   -0.64790
  -0.64724   -0.64710   -0.64668   -0.64664   -0.64540   -0.64519   -0.64448   -0.64433
  -0.64422   -0.64414   -0.64398   -0.64371   -0.64322   -0.64309   -0.64299   -0.64287
  -0.64287   -0.64271   -0.64267   -0.64263   -0.64248   -0.64245   -0.64222   -0.64215
  -0.40231   -0.39616   -0.38680   -0.37500   -0.36058   -0.34777   -0.33562   -0.33455
  -0.13581   -0.13471   -0.12163   -0.11947   -0.10369   -0.09496   -0.07028   -0.06662
  -0.05299   -0.03109   -0.02981   -0.02315   -0.01118    0.00321    0.00754    0.01978
   0.03458    0.03533    0.03790    0.04179    0.04715    0.05005    0.05135    0.05775
   0.06214    0.06288    0.08985    0.10632    0.10960    0.11179    0.13797    0.13973
   0.20804    0.22176    0.23275    0.23301    0.23707    0.24549    0.25497    0.27106
   0.27145    0.27268    0.27898    0.28507    0.28635    0.29103    0.29254    0.29440
 kpt#   8, nband=136, wtk=  0.02778, kpt=  0.2083  0.1250  0.1250 (reduced coord)
  -1.65867   -1.65815   -1.65735   -1.65726   -1.65643   -1.65607   -1.65524   -1.65510
  -1.65452   -1.65406   -1.65355   -1.65305   -1.65277   -1.65244   -1.65224   -1.65186
  -1.65127   -1.65099   -1.65032   -1.64987   -1.64968   -1.64935   -1.64873   -1.64841
  -1.64828   -1.64723   -1.64710   -1.64534   -1.64333   -1.64259   -1.62984   -1.62976
  -1.62867   -1.62852   -1.62802   -1.62772   -1.62656   -1.62634   -1.62535   -1.62402
  -0.65178   -0.65136   -0.64991   -0.64982   -0.64963   -0.64956   -0.64953   -0.64946
  -0.64927   -0.64923   -0.64920   -0.64828   -0.64808   -0.64786   -0.64773   -0.64737
  -0.64728   -0.64709   -0.64705   -0.64675   -0.64519   -0.64503   -0.64422   -0.64419
  -0.64401   -0.64392   -0.64363   -0.64348   -0.64318   -0.64308   -0.64300   -0.64294
  -0.64276   -0.64266   -0.64263   -0.64259   -0.64251   -0.64229   -0.64226   -0.64222
  -0.39667   -0.39089   -0.38219   -0.37131   -0.35826   -0.34721   -0.33471   -0.33423
  -0.14565   -0.14389   -0.13061   -0.13049   -0.11524   -0.10710   -0.08521   -0.07159
  -0.06289   -0.03561   -0.02658   -0.02588   -0.01381   -0.00103    0.01422    0.01621
   0.02814    0.03192    0.04462    0.04674    0.04898    0.05589    0.06458    0.06830
   0.07028    0.08197    0.10760    0.12126    0.12471    0.12650    0.14434    0.15295
   0.19380    0.20255    0.20873    0.20912    0.21922    0.22535    0.22722    0.23772
   0.25409    0.26180    0.26931    0.27651    0.28789    0.28812    0.29466    0.29526
 kpt#   9, nband=136, wtk=  0.02778, kpt=  0.2917  0.1250  0.1250 (reduced coord)
  -1.65864   -1.65821   -1.65746   -1.65648   -1.65540   -1.65486   -1.65441   -1.65404
  -1.65363   -1.65314   -1.65270   -1.65259   -1.65175   -1.65128   -1.65103   -1.65071
  -1.64969   -1.64949   -1.64891   -1.64880   -1.64830   -1.64810   -1.64749   -1.64695
  -1.64688   -1.64605   -1.64489   -1.64477   -1.64259   -1.64191   -1.62921   -1.62876
  -1.62704   -1.62672   -1.62640   -1.62605   -1.62548   -1.62535   -1.62476   -1.62409
  -0.65143   -0.65104   -0.64984   -0.64984   -0.64972   -0.64930   -0.64925   -0.64914
  -0.64907   -0.64901   -0.64897   -0.64814   -0.64796   -0.64773   -0.64735   -0.64728
  -0.64711   -0.64705   -0.64697   -0.64669   -0.64483   -0.64479   -0.64402   -0.64400
  -0.64382   -0.64368   -0.64334   -0.64323   -0.64302   -0.64300   -0.64289   -0.64279
  -0.64276   -0.64263   -0.64255   -0.64248   -0.64224   -0.64218   -0.64203   -0.64196
  -0.38872   -0.38358   -0.37604   -0.36681   -0.35621   -0.34821   -0.33398   -0.33391
  -0.15740   -0.15494   -0.14378   -0.14122   -0.12744   -0.12244   -0.10318   -0.09104
  -0.05661   -0.03099   -0.02061   -0.01845   -0.00641    0.00309    0.01532    0.02051
   0.02313    0.03440    0.04539    0.04789    0.05138    0.05467    0.06680    0.07022
   0.09304    0.10463    0.11757    0.12440    0.13151    0.13174    0.14594    0.16421
   0.18015    0.18220    0.19525    0.19829    0.20646    0.21004    0.21232    0.22299
   0.22830    0.23625    0.24991    0.27210    0.27327    0.28026    0.28238    0.28844
 kpt#  10, nband=136, wtk=  0.02778, kpt=  0.3750  0.1250  0.1250 (reduced coord)
  -1.65778   -1.65720   -1.65627   -1.65595   -1.65563   -1.65542   -1.65493   -1.65473
  -1.65432   -1.65430   -1.65363   -1.65351   -1.65305   -1.65243   -1.65198   -1.65157
  -1.65111   -1.65064   -1.65041   -1.65003   -1.64991   -1.64928   -1.64877   -1.64838
  -1.64793   -1.64766   -1.64645   -1.64541   -1.64390   -1.64357   -1.63040   -1.62944
  -1.62836   -1.62740   -1.62714   -1.62692   -1.62665   -1.62612   -1.62586   -1.62551
  -0.65127   -0.65103   -0.65019   -0.65015   -0.64956   -0.64942   -0.64934   -0.64929
  -0.64924   -0.64916   -0.64896   -0.64849   -0.64808   -0.64801   -0.64746   -0.64736
  -0.64730   -0.64719   -0.64698   -0.64686   -0.64483   -0.64465   -0.64430   -0.64422
  -0.64394   -0.64384   -0.64353   -0.64341   -0.64317   -0.64305   -0.64299   -0.64297
  -0.64295   -0.64278   -0.64274   -0.64254   -0.64249   -0.64238   -0.64218   -0.64211
  -0.37914   -0.37506   -0.36945   -0.36294   -0.35621   -0.35223   -0.33364   -0.33363
  -0.16728   -0.16458   -0.15472   -0.15012   -0.13581   -0.13532   -0.11962   -0.10950
  -0.04565   -0.02015   -0.00798   -0.00575    0.00048    0.00651    0.01359    0.02739
   0.02964    0.03396    0.04083    0.04554    0.04949    0.05475    0.06436    0.06796
   0.10957    0.11171    0.11987    0.12049    0.12631    0.13600    0.13963    0.16065
   0.17426    0.18090    0.18819    0.19070    0.20341    0.20345    0.21039    0.21385
   0.21834    0.22554    0.24913    0.25554    0.25992    0.26225    0.26501    0.27824
 kpt#  11, nband=136, wtk=  0.02778, kpt=  0.4583  0.1250  0.1250 (reduced coord)
  -1.65738   -1.65732   -1.65681   -1.65665   -1.65612   -1.65593   -1.65546   -1.65513
  -1.65452   -1.65426   -1.65386   -1.65371   -1.65323   -1.65307   -1.65265   -1.65229
  -1.65196   -1.65173   -1.65130   -1.65102   -1.65098   -1.65012   -1.64969   -1.64948
  -1.64896   -1.64820   -1.64676   -1.64670   -1.64429   -1.64409   -1.63067   -1.63042
  -1.62964   -1.62848   -1.62764   -1.62732   -1.62717   -1.62633   -1.62628   -1.62581
  -0.65118   -0.65110   -0.65036   -0.65032   -0.64958   -0.64953   -0.64944   -0.64943
  -0.64921   -0.64915   -0.64895   -0.64873   -0.64828   -0.64822   -0.64762   -0.64755
  -0.64734   -0.64725   -0.64693   -0.64685   -0.64486   -0.64470   -0.64442   -0.64434
  -0.64406   -0.64387   -0.64383   -0.64368   -0.64322   -0.64312   -0.64303   -0.64298
  -0.64293   -0.64279   -0.64268   -0.64261   -0.64249   -0.64244   -0.64240   -0.64237
  -0.36895   -0.36660   -0.36406   -0.36159   -0.35968   -0.35943   -0.33351   -0.33351
  -0.17222   -0.17095   -0.15922   -0.15656   -0.14131   -0.13879   -0.12854   -0.12333
  -0.03161   -0.01584   -0.00542    0.00893    0.01113    0.01162    0.02181    0.02638
   0.02750    0.03122    0.03965    0.04111    0.04353    0.04617    0.06628    0.06675
   0.11182    0.11696    0.11832    0.11987    0.12333    0.12525    0.14115    0.14898
   0.17907    0.18516    0.18996    0.19147    0.19725    0.20227    0.20892    0.21317
   0.21765    0.21774    0.24511    0.24750    0.25298    0.26485    0.26634    0.26848
 kpt#  12, nband=136, wtk=  0.01389, kpt=  0.2083  0.2083  0.1250 (reduced coord)
  -1.65855   -1.65728   -1.65620   -1.65601   -1.65575   -1.65527   -1.65524   -1.65506
  -1.65441   -1.65368   -1.65339   -1.65284   -1.65240   -1.65171   -1.65115   -1.65042
  -1.65010   -1.64984   -1.64928   -1.64923   -1.64881   -1.64803   -1.64782   -1.64738
  -1.64718   -1.64628   -1.64444   -1.64296   -1.64224   -1.64188   -1.62975   -1.62930
  -1.62734   -1.62711   -1.62667   -1.62634   -1.62540   -1.62499   -1.62472   -1.62308
  -0.65168   -0.65113   -0.64993   -0.64973   -0.64950   -0.64942   -0.64933   -0.64925
  -0.64919   -0.64916   -0.64890   -0.64830   -0.64797   -0.64757   -0.64744   -0.64736
  -0.64709   -0.64692   -0.64682   -0.64677   -0.64507   -0.64489   -0.64421   -0.64412
  -0.64363   -0.64359   -0.64358   -0.64348   -0.64293   -0.64291   -0.64284   -0.64268
  -0.64266   -0.64258   -0.64248   -0.64244   -0.64236   -0.64226   -0.64215   -0.64191
  -0.39119   -0.38578   -0.37773   -0.36775   -0.35602   -0.34662   -0.33332   -0.33314
  -0.14904   -0.14663   -0.13474   -0.13263   -0.11701   -0.11275   -0.09216   -0.07948
  -0.05733   -0.05036   -0.04221   -0.02988   -0.02081   -0.01495    0.00234    0.01894
   0.01977    0.02174    0.03179    0.03712    0.04814    0.05381    0.06772    0.07062
   0.09766    0.10778    0.10937    0.12300    0.12865    0.13127    0.14915    0.16285
   0.18589    0.18738    0.20101    0.20191    0.21126    0.21555    0.21916    0.22528
   0.22909    0.23758    0.26150    0.28392    0.29316    0.29417    0.30149    0.30668
 kpt#  13, nband=136, wtk=  0.02778, kpt=  0.2917  0.2083  0.1250 (reduced coord)
  -1.65882   -1.65849   -1.65746   -1.65705   -1.65675   -1.65636   -1.65622   -1.65536
  -1.65477   -1.65368   -1.65331   -1.65264   -1.65238   -1.65234   -1.65166   -1.65103
  -1.65078   -1.65052   -1.65035   -1.65003   -1.64941   -1.64920   -1.64879   -1.64795
  -1.64760   -1.64679   -1.64611   -1.64550   -1.64492   -1.64380   -1.63052   -1.63012
  -1.62835   -1.62756   -1.62690   -1.62676   -1.62663   -1.62621   -1.62594   -1.62510
  -0.65149   -0.65100   -0.65048   -0.65043   -0.64974   -0.64939   -0.64932   -0.64926
  -0.64919   -0.64911   -0.64902   -0.64866   -0.64826   -0.64799   -0.64747   -0.64724
  -0.64721   -0.64712   -0.64696   -0.64686   -0.64509   -0.64495   -0.64438   -0.64428
  -0.64387   -0.64367   -0.64346   -0.64343   -0.64326   -0.64313   -0.64303   -0.64294
  -0.64288   -0.64277   -0.64266   -0.64258   -0.64256   -0.64253   -0.64204   -0.64196
  -0.38355   -0.37876   -0.37184   -0.36345   -0.35402   -0.34730   -0.33190   -0.33188
  -0.15495   -0.15200   -0.14176   -0.13750   -0.12198   -0.12147   -0.10303   -0.09202
  -0.05328   -0.05173   -0.04353   -0.03433   -0.01902   -0.01243   -0.00141    0.01123
   0.01475    0.02703    0.02773    0.03192    0.03608    0.05067    0.05893    0.06255
   0.08720    0.10627    0.11468    0.11515    0.12275    0.13106    0.13680    0.15514
   0.19146    0.19499    0.19869    0.19953    0.20845    0.21684    0.21923    0.23425
   0.24144    0.24246    0.25427    0.28963    0.29004    0.29267    0.30134    0.30149
 kpt#  14, nband=136, wtk=  0.02778, kpt=  0.3750  0.2083  0.1250 (reduced coord)
  -1.65800   -1.65711   -1.65693   -1.65629   -1.65616   -1.65599   -1.65514   -1.65484
  -1.65447   -1.65391   -1.65372   -1.65339   -1.65287   -1.65263   -1.65244   -1.65192
  -1.65110   -1.65086   -1.65049   -1.65032   -1.65013   -1.64929   -1.64901   -1.64846
  -1.64818   -1.64713   -1.64656   -1.64488   -1.64470   -1.64411   -1.63076   -1.63006
  -1.62862   -1.62815   -1.62793   -1.62661   -1.62613   -1.62589   -1.62576   -1.62529
  -0.65126   -0.65105   -0.65083   -0.65062   -0.64957   -0.64940   -0.64933   -0.64923
  -0.64917   -0.64908   -0.64897   -0.64882   -0.64831   -0.64792   -0.64732   -0.64728
  -0.64726   -0.64716   -0.64693   -0.64681   -0.64510   -0.64509   -0.64446   -0.64431
  -0.64385   -0.64368   -0.64357   -0.64343   -0.64316   -0.64310   -0.64300   -0.64291
  -0.64288   -0.64279   -0.64276   -0.64259   -0.64250   -0.64241   -0.64208   -0.64198
  -0.37448   -0.37072   -0.36564   -0.35981   -0.35386   -0.35050   -0.33083   -0.33083
  -0.16126   -0.15852   -0.14873   -0.14374   -0.13008   -0.12756   -0.11463   -0.10579
  -0.04474   -0.04419   -0.03246   -0.02827   -0.01316   -0.00331   -0.00118    0.00464
   0.01442    0.01843    0.02243    0.02671    0.03359    0.03696    0.05075    0.05243
   0.07352    0.09186    0.09771    0.10978    0.11226    0.11895    0.12525    0.14623
   0.19403    0.20654    0.20711    0.21300    0.21635    0.23086    0.23155    0.23779
   0.25274    0.25875    0.26460    0.27724    0.28945    0.28995    0.29849    0.29935
 kpt#  15, nband=136, wtk=  0.02778, kpt=  0.4583  0.2083  0.1250 (reduced coord)
  -1.65829   -1.65771   -1.65710   -1.65645   -1.65637   -1.65545   -1.65470   -1.65467
  -1.65412   -1.65362   -1.65314   -1.65281   -1.65265   -1.65262   -1.65239   -1.65199
  -1.65183   -1.65125   -1.65113   -1.65071   -1.65066   -1.64995   -1.64947   -1.64932
  -1.64822   -1.64816   -1.64611   -1.64545   -1.64489   -1.64460   -1.63041   -1.62995
  -1.62920   -1.62846   -1.62757   -1.62691   -1.62688   -1.62632   -1.62603   -1.62552
  -0.65110   -0.65106   -0.65062   -0.65055   -0.64958   -0.64947   -0.64933   -0.64933
  -0.64925   -0.64919   -0.64897   -0.64885   -0.64816   -0.64804   -0.64752   -0.64741
  -0.64730   -0.64724   -0.64695   -0.64691   -0.64503   -0.64500   -0.64434   -0.64421
  -0.64384   -0.64375   -0.64367   -0.64357   -0.64324   -0.64311   -0.64303   -0.64300
  -0.64298   -0.64287   -0.64266   -0.64263   -0.64251   -0.64245   -0.64228   -0.64220
  -0.36508   -0.36295   -0.36071   -0.35851   -0.35678   -0.35660   -0.33025   -0.33025
  -0.16474   -0.16357   -0.15167   -0.14931   -0.13367   -0.13145   -0.12079   -0.11671
  -0.03222   -0.02750   -0.01746   -0.01692   -0.01388   -0.00692   -0.00204    0.00112
   0.00954    0.00966    0.01599    0.01945    0.02511    0.03077    0.04915    0.05210
   0.07792    0.08321    0.08831    0.09356    0.09730    0.10243    0.12797    0.13704
   0.19962    0.21129    0.22491    0.22575    0.23030    0.23692    0.24250    0.24528
   0.25147    0.25325    0.26672    0.27123    0.28865    0.29612    0.30209    0.30409
 kpt#  16, nband=136, wtk=  0.01389, kpt=  0.2917  0.2917  0.1250 (reduced coord)
  -1.65795   -1.65792   -1.65741   -1.65710   -1.65657   -1.65612   -1.65582   -1.65515
  -1.65466   -1.65367   -1.65316   -1.65261   -1.65253   -1.65207   -1.65149   -1.65095
  -1.65079   -1.65055   -1.64982   -1.64972   -1.64962   -1.64952   -1.64862   -1.64749
  -1.64645   -1.64600   -1.64594   -1.64566   -1.64519   -1.64333   -1.63186   -1.62998
  -1.62822   -1.62730   -1.62702   -1.62686   -1.62589   -1.62552   -1.62475   -1.62453
  -0.65117   -0.65096   -0.65082   -0.65075   -0.64951   -0.64950   -0.64929   -0.64928
  -0.64922   -0.64906   -0.64889   -0.64876   -0.64818   -0.64808   -0.64737   -0.64719
  -0.64704   -0.64702   -0.64700   -0.64673   -0.64532   -0.64515   -0.64431   -0.64423
  -0.64374   -0.64355   -0.64337   -0.64331   -0.64326   -0.64317   -0.64305   -0.64295
  -0.64292   -0.64289   -0.64279   -0.64261   -0.64251   -0.64234   -0.64182   -0.64168
  -0.37645   -0.37227   -0.36641   -0.35947   -0.35198   -0.34717   -0.32952   -0.32952
  -0.15341   -0.15020   -0.14064   -0.13494   -0.12126   -0.11708   -0.10429   -0.09576
  -0.06901   -0.06071   -0.04812   -0.04111   -0.03278   -0.01500   -0.00545    0.00236
   0.00302    0.01605    0.01840    0.02227    0.03043    0.03074    0.03896    0.04530
   0.06383    0.08657    0.09257    0.10758    0.10890    0.11961    0.12046    0.14512
   0.20117    0.21466    0.21576    0.22091    0.22478    0.23935    0.24238    0.24931
   0.26727    0.27014    0.27599    0.28272    0.29276    0.29277    0.30427    0.31118
 kpt#  17, nband=136, wtk=  0.02778, kpt=  0.3750  0.2917  0.1250 (reduced coord)
  -1.65883   -1.65842   -1.65835   -1.65670   -1.65640   -1.65603   -1.65509   -1.65505
  -1.65486   -1.65361   -1.65341   -1.65335   -1.65292   -1.65265   -1.65193   -1.65159
  -1.65107   -1.65060   -1.65021   -1.64996   -1.64958   -1.64919   -1.64879   -1.64850
  -1.64813   -1.64762   -1.64728   -1.64617   -1.64585   -1.64493   -1.63040   -1.63027
  -1.62870   -1.62808   -1.62774   -1.62737   -1.62671   -1.62666   -1.62586   -1.62575
  -0.65119   -0.65105   -0.65096   -0.65078   -0.64980   -0.64943   -0.64941   -0.64934
  -0.64913   -0.64909   -0.64894   -0.64886   -0.64833   -0.64809   -0.64733   -0.64725
  -0.64720   -0.64713   -0.64706   -0.64692   -0.64541   -0.64523   -0.64432   -0.64430
  -0.64379   -0.64371   -0.64344   -0.64337   -0.64332   -0.64325   -0.64313   -0.64309
  -0.64300   -0.64283   -0.64276   -0.64273   -0.64269   -0.64263   -0.64191   -0.64177
  -0.36827   -0.36503   -0.36085   -0.35611   -0.35141   -0.34898   -0.32748   -0.32748
  -0.15361   -0.15108   -0.14083   -0.13607   -0.12208   -0.11776   -0.10713   -0.10203
  -0.06821   -0.06211   -0.04992   -0.03565   -0.03020   -0.01797   -0.01074   -0.00614
   0.00074    0.00302    0.00643    0.00738    0.01393    0.02352    0.02811    0.02837
   0.05142    0.06682    0.07571    0.08612    0.08729    0.10377    0.11903    0.13939
   0.20567    0.23066    0.24093    0.24283    0.24349    0.25325    0.26613    0.27261
   0.27655    0.28436    0.28996    0.29388    0.29751    0.30335    0.30707    0.31064
 kpt#  18, nband=136, wtk=  0.02778, kpt=  0.4583  0.2917  0.1250 (reduced coord)
  -1.65843   -1.65802   -1.65753   -1.65720   -1.65659   -1.65641   -1.65574   -1.65480
  -1.65454   -1.65435   -1.65354   -1.65338   -1.65288   -1.65276   -1.65216   -1.65142
  -1.65111   -1.65106   -1.65041   -1.65018   -1.65015   -1.64979   -1.64934   -1.64872
  -1.64806   -1.64785   -1.64651   -1.64620   -1.64518   -1.64406   -1.63033   -1.62949
  -1.62932   -1.62860   -1.62783   -1.62694   -1.62678   -1.62648   -1.62624   -1.62561
  -0.65116   -0.65109   -0.65108   -0.65099   -0.64970   -0.64961   -0.64941   -0.64929
  -0.64915   -0.64908   -0.64901   -0.64884   -0.64818   -0.64816   -0.64735   -0.64728
  -0.64715   -0.64708   -0.64707   -0.64700   -0.64549   -0.64532   -0.64437   -0.64426
  -0.64385   -0.64366   -0.64345   -0.64336   -0.64332   -0.64328   -0.64315   -0.64303
  -0.64297   -0.64290   -0.64283   -0.64274   -0.64262   -0.64248   -0.64194   -0.64186
  -0.36018   -0.35839   -0.35660   -0.35484   -0.35340   -0.35334   -0.32631   -0.32631
  -0.15419   -0.15324   -0.14091   -0.13911   -0.12274   -0.12113   -0.10960   -0.10776
  -0.05302   -0.05090   -0.03987   -0.03210   -0.03101   -0.02864   -0.01907   -0.01652
  -0.01417   -0.00619   -0.00011    0.00708    0.00888    0.00983    0.02990    0.03364
   0.04777    0.05247    0.05934    0.06323    0.08304    0.09160    0.12527    0.13306
   0.21244    0.22194    0.25508    0.26377    0.26633    0.27318    0.27600    0.27718
   0.27740    0.28604    0.29410    0.29702    0.30041    0.30459    0.31357    0.31617
 kpt#  19, nband=136, wtk=  0.01389, kpt=  0.3750  0.3750  0.1250 (reduced coord)
  -1.65927   -1.65817   -1.65742   -1.65708   -1.65674   -1.65639   -1.65571   -1.65527
  -1.65452   -1.65403   -1.65402   -1.65382   -1.65320   -1.65296   -1.65275   -1.65208
  -1.65204   -1.65192   -1.65176   -1.65136   -1.65096   -1.65077   -1.65003   -1.64903
  -1.64829   -1.64734   -1.64706   -1.64510   -1.64469   -1.64363   -1.63016   -1.63016
  -1.62916   -1.62841   -1.62821   -1.62735   -1.62711   -1.62703   -1.62661   -1.62580
  -0.65123   -0.65112   -0.65110   -0.65102   -0.64968   -0.64962   -0.64957   -0.64930
  -0.64920   -0.64913   -0.64908   -0.64890   -0.64838   -0.64814   -0.64743   -0.64727
  -0.64721   -0.64714   -0.64713   -0.64709   -0.64559   -0.64539   -0.64441   -0.64421
  -0.64391   -0.64375   -0.64347   -0.64342   -0.64337   -0.64333   -0.64315   -0.64312
  -0.64307   -0.64300   -0.64288   -0.64277   -0.64264   -0.64258   -0.64210   -0.64186
  -0.36148   -0.35902   -0.35613   -0.35298   -0.34998   -0.34877   -0.32448   -0.32447
  -0.14644   -0.14470   -0.13300   -0.12998   -0.11365   -0.11101   -0.09937   -0.09577
  -0.08307   -0.07468   -0.06193   -0.04635   -0.03032   -0.02829   -0.02732   -0.02329
  -0.01558   -0.01084   -0.01047    0.00373    0.00619    0.00626    0.00769    0.01050
   0.04071    0.04431    0.05557    0.05888    0.07788    0.09534    0.12161    0.13596
   0.21486    0.23216    0.25834    0.26929    0.27371    0.27484    0.28284    0.28612
   0.28707    0.29265    0.30300    0.30491    0.30527    0.31179    0.32506    0.32513
 kpt#  20, nband=136, wtk=  0.02778, kpt=  0.4583  0.3750  0.1250 (reduced coord)
  -1.65845   -1.65824   -1.65772   -1.65720   -1.65708   -1.65660   -1.65655   -1.65590
  -1.65522   -1.65495   -1.65453   -1.65439   -1.65356   -1.65329   -1.65281   -1.65274
  -1.65265   -1.65210   -1.65152   -1.65111   -1.65073   -1.65010   -1.64998   -1.64934
  -1.64792   -1.64786   -1.64728   -1.64586   -1.64387   -1.64383   -1.63086   -1.62959
  -1.62936   -1.62885   -1.62806   -1.62776   -1.62745   -1.62711   -1.62676   -1.62579
  -0.65137   -0.65128   -0.65110   -0.65109   -0.64990   -0.64967   -0.64957   -0.64944
  -0.64927   -0.64924   -0.64900   -0.64896   -0.64830   -0.64821   -0.64743   -0.64729
  -0.64720   -0.64718   -0.64709   -0.64704   -0.64571   -0.64560   -0.64447   -0.64436
  -0.64386   -0.64373   -0.64358   -0.64345   -0.64333   -0.64330   -0.64317   -0.64308
  -0.64305   -0.64294   -0.64289   -0.64287   -0.64272   -0.64263   -0.64198   -0.64187
  -0.35529   -0.35395   -0.35278   -0.35160   -0.35071   -0.35057   -0.32271   -0.32270
  -0.14213   -0.14155   -0.12824   -0.12738   -0.10968   -0.10908   -0.09808   -0.09629
  -0.07189   -0.07071   -0.05938   -0.05278   -0.05075   -0.04562   -0.04049   -0.03215
  -0.02528   -0.01509   -0.01323   -0.00869   -0.00607    0.00063    0.00996    0.01442
   0.02520    0.03072    0.04038    0.04311    0.08169    0.08838    0.12696    0.13213
   0.22287    0.22907    0.26761    0.27053    0.27314    0.27830    0.28402    0.28509
   0.30302    0.30522    0.31273    0.32036    0.32291    0.32420    0.32884    0.33615
 kpt#  21, nband=136, wtk=  0.01389, kpt=  0.4583  0.4583  0.1250 (reduced coord)
  -1.65841   -1.65790   -1.65734   -1.65701   -1.65665   -1.65661   -1.65597   -1.65498
  -1.65417   -1.65358   -1.65331   -1.65274   -1.65271   -1.65258   -1.65206   -1.65177
  -1.65165   -1.65154   -1.65141   -1.65123   -1.65021   -1.64995   -1.64987   -1.64935
  -1.64775   -1.64742   -1.64711   -1.64692   -1.64340   -1.64277   -1.62993   -1.62975
  -1.62914   -1.62900   -1.62758   -1.62732   -1.62643   -1.62603   -1.62587   -1.62520
  -0.65136   -0.65127   -0.65102   -0.65099   -0.64960   -0.64959   -0.64955   -0.64947
  -0.64927   -0.64927   -0.64887   -0.64883   -0.64827   -0.64811   -0.64726   -0.64720
  -0.64715   -0.64713   -0.64701   -0.64693   -0.64579   -0.64565   -0.64443   -0.64433
  -0.64380   -0.64366   -0.64346   -0.64336   -0.64333   -0.64328   -0.64305   -0.64296
  -0.64289   -0.64289   -0.64282   -0.64274   -0.64260   -0.64256   -0.64180   -0.64178
  -0.35164   -0.35092   -0.35036   -0.35002   -0.34951   -0.34927   -0.32054   -0.32053
  -0.13263   -0.13246   -0.11767   -0.11764   -0.09824   -0.09796   -0.09053   -0.08991
  -0.08209   -0.07490   -0.07004   -0.06926   -0.06581   -0.05834   -0.05358   -0.04776
  -0.03539   -0.03002   -0.01737   -0.01303   -0.00957   -0.00322   -0.00292    0.00409
   0.00630    0.01143    0.03694    0.03883    0.08401    0.08645    0.12957    0.13137
   0.23035    0.23251    0.26211    0.26425    0.28099    0.28102    0.28224    0.28318
   0.30393    0.30612    0.32645    0.32774    0.33648    0.34062    0.34207    0.34246
 kpt#  22, nband=136, wtk=  0.01389, kpt=  0.0417  0.0417  0.3750 (reduced coord)
  -1.66015   -1.66014   -1.65899   -1.65817   -1.65774   -1.65735   -1.65652   -1.65609
  -1.65592   -1.65532   -1.65500   -1.65485   -1.65465   -1.65428   -1.65423   -1.65304
  -1.65251   -1.65198   -1.65185   -1.65143   -1.65092   -1.65072   -1.64969   -1.64965
  -1.64847   -1.64822   -1.64736   -1.64519   -1.64259   -1.64245   -1.63130   -1.63112
  -1.63086   -1.63030   -1.62992   -1.62702   -1.62680   -1.62645   -1.62510   -1.62499
  -0.65229   -0.65197   -0.65043   -0.65022   -0.65014   -0.65002   -0.64993   -0.64934
  -0.64930   -0.64909   -0.64905   -0.64858   -0.64838   -0.64832   -0.64800   -0.64768
  -0.64718   -0.64717   -0.64667   -0.64657   -0.64571   -0.64549   -0.64464   -0.64457
  -0.64449   -0.64441   -0.64410   -0.64353   -0.64310   -0.64308   -0.64303   -0.64301
  -0.64288   -0.64287   -0.64276   -0.64274   -0.64238   -0.64225   -0.64216   -0.64214
  -0.40814   -0.40167   -0.39172   -0.37910   -0.36346   -0.34908   -0.33675   -0.33482
  -0.12205   -0.12192   -0.11050   -0.10328   -0.08415   -0.08077   -0.05998   -0.04947
  -0.02619   -0.02611   -0.01792   -0.01015   -0.00548   -0.00405    0.00150    0.00893
   0.01541    0.01967    0.02710    0.03133    0.03760    0.04598    0.04968    0.05147
   0.05701    0.06034    0.06616    0.06917    0.07638    0.09546    0.12587    0.13337
   0.21979    0.22299    0.24764    0.25597    0.26895    0.27006    0.27379    0.28496
   0.29580    0.29624    0.29681    0.29932    0.30419    0.30506    0.31113    0.31401
 kpt#  23, nband=136, wtk=  0.02778, kpt=  0.1250  0.0417  0.3750 (reduced coord)
  -1.65965   -1.65927   -1.65857   -1.65753   -1.65713   -1.65685   -1.65607   -1.65600
  -1.65580   -1.65526   -1.65486   -1.65462   -1.65430   -1.65405   -1.65366   -1.65309
  -1.65259   -1.65201   -1.65193   -1.65147   -1.65107   -1.65103   -1.65030   -1.64966
  -1.64922   -1.64893   -1.64669   -1.64552   -1.64282   -1.64216   -1.63136   -1.63092
  -1.63082   -1.62984   -1.62942   -1.62708   -1.62665   -1.62638   -1.62583   -1.62517
  -0.65217   -0.65170   -0.65019   -0.65017   -0.65001   -0.64995   -0.64990   -0.64935
  -0.64928   -0.64924   -0.64911   -0.64845   -0.64838   -0.64821   -0.64807   -0.64793
  -0.64729   -0.64722   -0.64666   -0.64653   -0.64542   -0.64538   -0.64452   -0.64446
  -0.64441   -0.64429   -0.64411   -0.64371   -0.64321   -0.64318   -0.64316   -0.64300
  -0.64289   -0.64282   -0.64276   -0.64271   -0.64242   -0.64229   -0.64223   -0.64218
  -0.40521   -0.39890   -0.38925   -0.37704   -0.36201   -0.34841   -0.33623   -0.33478
  -0.13059   -0.12991   -0.11726   -0.11347   -0.09741   -0.08899   -0.06643   -0.06223
  -0.04332   -0.03204   -0.01640   -0.01063    0.00122    0.00163    0.01447    0.01550
   0.02064    0.03085    0.03137    0.04003    0.04191    0.04600    0.04809    0.05787
   0.05806    0.06110    0.07756    0.08746    0.09103    0.09984    0.13180    0.13387
   0.21549    0.22018    0.25536    0.26044    0.26510    0.26676    0.26766    0.27077
   0.27708    0.27983    0.28509    0.28938    0.29026    0.29230    0.29463    0.29967
 kpt#  24, nband=136, wtk=  0.02778, kpt=  0.2083  0.0417  0.3750 (reduced coord)
  -1.65865   -1.65827   -1.65711   -1.65690   -1.65593   -1.65580   -1.65553   -1.65472
  -1.65463   -1.65427   -1.65366   -1.65335   -1.65328   -1.65270   -1.65213   -1.65202
  -1.65143   -1.65078   -1.65055   -1.64993   -1.64973   -1.64903   -1.64872   -1.64814
  -1.64755   -1.64673   -1.64619   -1.64587   -1.64403   -1.64318   -1.63014   -1.62984
  -1.62894   -1.62863   -1.62732   -1.62703   -1.62660   -1.62624   -1.62509   -1.62452
  -0.65185   -0.65140   -0.64988   -0.64984   -0.64972   -0.64970   -0.64963   -0.64938
  -0.64924   -0.64918   -0.64907   -0.64828   -0.64814   -0.64796   -0.64780   -0.64732
  -0.64723   -0.64713   -0.64694   -0.64663   -0.64524   -0.64502   -0.64427   -0.64414
  -0.64408   -0.64407   -0.64387   -0.64349   -0.64307   -0.64298   -0.64287   -0.64283
  -0.64269   -0.64265   -0.64258   -0.64250   -0.64246   -0.64239   -0.64230   -0.64222
  -0.39952   -0.39357   -0.38458   -0.37329   -0.35964   -0.34784   -0.33555   -0.33487
  -0.14450   -0.14310   -0.13003   -0.12923   -0.11509   -0.10470   -0.08226   -0.06929
  -0.06481   -0.03261   -0.00837   -0.00573    0.00733    0.00804    0.02207    0.03037
   0.03122    0.03685    0.03961    0.04604    0.04823    0.05730    0.05882    0.05993
   0.06324    0.06556    0.09174    0.10617    0.11135    0.11417    0.13451    0.14183
   0.20230    0.22140    0.22867    0.23148    0.23545    0.24444    0.25097    0.26279
   0.26561    0.26745    0.27031    0.27385    0.27710    0.27850    0.28004    0.28866
 kpt#  25, nband=136, wtk=  0.02778, kpt=  0.2917  0.0417  0.3750 (reduced coord)
  -1.65850   -1.65832   -1.65786   -1.65717   -1.65668   -1.65612   -1.65472   -1.65437
  -1.65393   -1.65310   -1.65221   -1.65203   -1.65181   -1.65157   -1.65067   -1.65046
  -1.65003   -1.64970   -1.64894   -1.64841   -1.64826   -1.64798   -1.64749   -1.64694
  -1.64660   -1.64642   -1.64580   -1.64570   -1.64301   -1.64291   -1.62994   -1.62898
  -1.62772   -1.62717   -1.62684   -1.62623   -1.62616   -1.62600   -1.62430   -1.62365
  -0.65158   -0.65102   -0.64978   -0.64976   -0.64962   -0.64939   -0.64930   -0.64928
  -0.64914   -0.64905   -0.64902   -0.64829   -0.64794   -0.64757   -0.64740   -0.64737
  -0.64716   -0.64707   -0.64701   -0.64674   -0.64491   -0.64472   -0.64407   -0.64400
  -0.64398   -0.64393   -0.64337   -0.64328   -0.64308   -0.64301   -0.64294   -0.64286
  -0.64277   -0.64253   -0.64250   -0.64247   -0.64236   -0.64218   -0.64206   -0.64199
  -0.39144   -0.38614   -0.37831   -0.36868   -0.35754   -0.34893   -0.33518   -0.33507
  -0.15910   -0.15693   -0.14531   -0.14358   -0.13048   -0.12330   -0.10372   -0.09119
  -0.05964   -0.02653    0.00352    0.00411    0.01708    0.01750    0.01901    0.03260
   0.04183    0.04382    0.04696    0.05916    0.06047    0.06212    0.06465    0.06992
   0.07034    0.07972    0.10817    0.12205    0.12955    0.13351    0.13930    0.15200
   0.18999    0.19946    0.20242    0.20459    0.21589    0.22140    0.22912    0.23542
   0.23818    0.24044    0.24268    0.24905    0.25372    0.26009    0.26222    0.27401
 kpt#  26, nband=136, wtk=  0.02778, kpt=  0.3750  0.0417  0.3750 (reduced coord)
  -1.65810   -1.65791   -1.65705   -1.65658   -1.65595   -1.65531   -1.65504   -1.65432
  -1.65350   -1.65339   -1.65318   -1.65295   -1.65274   -1.65245   -1.65176   -1.65159
  -1.65137   -1.65070   -1.65011   -1.64977   -1.64947   -1.64903   -1.64865   -1.64820
  -1.64801   -1.64734   -1.64616   -1.64559   -1.64315   -1.64281   -1.62965   -1.62949
  -1.62898   -1.62727   -1.62680   -1.62660   -1.62636   -1.62599   -1.62557   -1.62512
  -0.65139   -0.65088   -0.64988   -0.64979   -0.64967   -0.64948   -0.64941   -0.64925
  -0.64920   -0.64914   -0.64907   -0.64835   -0.64796   -0.64786   -0.64758   -0.64750
  -0.64733   -0.64722   -0.64697   -0.64678   -0.64462   -0.64450   -0.64414   -0.64412
  -0.64404   -0.64384   -0.64371   -0.64356   -0.64317   -0.64305   -0.64296   -0.64288
  -0.64277   -0.64262   -0.64259   -0.64254   -0.64246   -0.64237   -0.64226   -0.64222
  -0.38162   -0.37739   -0.37153   -0.36470   -0.35760   -0.35331   -0.33522   -0.33522
  -0.17052   -0.16788   -0.15790   -0.15358   -0.13935   -0.13880   -0.12228   -0.11173
  -0.04788   -0.01562    0.00087    0.01619    0.01995    0.02963    0.03192    0.03293
   0.04487    0.05146    0.05652    0.06027    0.06196    0.06660    0.07449    0.07472
   0.08695    0.10217    0.12516    0.13581    0.14225    0.14390    0.15129    0.15670
   0.17575    0.18348    0.18415    0.18707    0.19174    0.20338    0.20678    0.21414
   0.22015    0.22178    0.22299    0.22901    0.23317    0.23359    0.24401    0.24849
 kpt#  27, nband=136, wtk=  0.02778, kpt=  0.4583  0.0417  0.3750 (reduced coord)
  -1.65876   -1.65799   -1.65772   -1.65728   -1.65674   -1.65587   -1.65526   -1.65465
  -1.65423   -1.65383   -1.65381   -1.65352   -1.65340   -1.65289   -1.65240   -1.65220
  -1.65212   -1.65119   -1.65080   -1.65037   -1.64996   -1.64968   -1.64905   -1.64851
  -1.64817   -1.64787   -1.64668   -1.64622   -1.64416   -1.64361   -1.63097   -1.63044
  -1.62866   -1.62824   -1.62783   -1.62724   -1.62663   -1.62641   -1.62579   -1.62558
  -0.65124   -0.65108   -0.65011   -0.65008   -0.64968   -0.64955   -0.64946   -0.64937
  -0.64921   -0.64914   -0.64895   -0.64864   -0.64821   -0.64796   -0.64769   -0.64766
  -0.64728   -0.64722   -0.64691   -0.64679   -0.64467   -0.64456   -0.64434   -0.64429
  -0.64409   -0.64398   -0.64388   -0.64378   -0.64311   -0.64303   -0.64295   -0.64291
  -0.64284   -0.64276   -0.64264   -0.64255   -0.64251   -0.64248   -0.64243   -0.64233
  -0.37106   -0.36861   -0.36592   -0.36332   -0.36133   -0.36106   -0.33533   -0.33533
  -0.17607   -0.17474   -0.16308   -0.16029   -0.14521   -0.14257   -0.13248   -0.12682
  -0.03300   -0.01632   -0.00141    0.01448    0.03110    0.03738    0.04533    0.04582
   0.04740    0.05323    0.05399    0.05552    0.06324    0.06501    0.07652    0.07799
   0.11130    0.12497    0.13390    0.13871    0.14303    0.14752    0.15752    0.15992
   0.16148    0.17217    0.17562    0.18077    0.18702    0.19096    0.19913    0.20074
   0.20627    0.20861    0.21418    0.21710    0.21791    0.22873    0.22881    0.23542
 kpt#  28, nband=136, wtk=  0.01389, kpt=  0.1250  0.1250  0.3750 (reduced coord)
  -1.65963   -1.65866   -1.65836   -1.65829   -1.65653   -1.65610   -1.65555   -1.65487
  -1.65428   -1.65410   -1.65395   -1.65394   -1.65343   -1.65276   -1.65249   -1.65235
  -1.65186   -1.65138   -1.65132   -1.65089   -1.65049   -1.64998   -1.64980   -1.64929
  -1.64877   -1.64773   -1.64692   -1.64658   -1.64571   -1.64269   -1.63070   -1.63036
  -1.63024   -1.62958   -1.62832   -1.62680   -1.62661   -1.62611   -1.62588   -1.62555
  -0.65199   -0.65163   -0.64999   -0.64997   -0.64988   -0.64987   -0.64974   -0.64932
  -0.64927   -0.64925   -0.64913   -0.64839   -0.64811   -0.64805   -0.64804   -0.64786
  -0.64720   -0.64719   -0.64678   -0.64668   -0.64538   -0.64520   -0.64433   -0.64424
  -0.64424   -0.64420   -0.64414   -0.64364   -0.64320   -0.64308   -0.64299   -0.64284
  -0.64283   -0.64272   -0.64267   -0.64264   -0.64253   -0.64246   -0.64239   -0.64211
  -0.40231   -0.39616   -0.38680   -0.37500   -0.36058   -0.34777   -0.33562   -0.33454
  -0.13582   -0.13472   -0.12163   -0.11948   -0.10368   -0.09497   -0.07028   -0.06663
  -0.05299   -0.03109   -0.02982   -0.02315   -0.01118    0.00322    0.00754    0.01979
   0.03458    0.03533    0.03790    0.04179    0.04715    0.05006    0.05135    0.05775
   0.06213    0.06288    0.08985    0.10633    0.10958    0.11179    0.13795    0.13981
   0.20832    0.22075    0.23274    0.23290    0.23696    0.24571    0.25525    0.27107
   0.27266    0.27544    0.27898    0.28453    0.28645    0.29105    0.29259    0.29440
 kpt#  29, nband=136, wtk=  0.02778, kpt=  0.2083  0.1250  0.3750 (reduced coord)
  -1.65834   -1.65816   -1.65729   -1.65652   -1.65557   -1.65475   -1.65458   -1.65395
  -1.65384   -1.65277   -1.65263   -1.65241   -1.65233   -1.65191   -1.65155   -1.65131
  -1.65095   -1.65064   -1.64989   -1.64929   -1.64891   -1.64862   -1.64839   -1.64816
  -1.64734   -1.64692   -1.64512   -1.64417   -1.64215   -1.64183   -1.62937   -1.62880
  -1.62838   -1.62822   -1.62709   -1.62580   -1.62575   -1.62538   -1.62469   -1.62350
  -0.65176   -0.65119   -0.64979   -0.64972   -0.64963   -0.64957   -0.64938   -0.64930
  -0.64920   -0.64916   -0.64885   -0.64823   -0.64793   -0.64778   -0.64769   -0.64730
  -0.64706   -0.64695   -0.64681   -0.64674   -0.64504   -0.64491   -0.64411   -0.64407
  -0.64394   -0.64392   -0.64370   -0.64339   -0.64295   -0.64290   -0.64282   -0.64267
  -0.64261   -0.64257   -0.64250   -0.64247   -0.64234   -0.64221   -0.64218   -0.64211
  -0.39667   -0.39089   -0.38219   -0.37131   -0.35826   -0.34721   -0.33471   -0.33422
  -0.14565   -0.14389   -0.13061   -0.13049   -0.11523   -0.10710   -0.08521   -0.07159
  -0.06288   -0.03561   -0.02658   -0.02587   -0.01381   -0.00103    0.01423    0.01621
   0.02813    0.03192    0.04462    0.04674    0.04898    0.05589    0.06460    0.06831
   0.07029    0.08198    0.10760    0.12126    0.12472    0.12648    0.14435    0.15303
   0.19393    0.20259    0.20875    0.20912    0.21928    0.22554    0.22637    0.23767
   0.25411    0.26179    0.26924    0.28029    0.28791    0.28814    0.29466    0.29526
 kpt#  30, nband=136, wtk=  0.02778, kpt=  0.2917  0.1250  0.3750 (reduced coord)
  -1.65799   -1.65770   -1.65735   -1.65690   -1.65676   -1.65594   -1.65540   -1.65501
  -1.65377   -1.65315   -1.65275   -1.65248   -1.65236   -1.65211   -1.65170   -1.65084
  -1.64980   -1.64959   -1.64911   -1.64842   -1.64829   -1.64808   -1.64790   -1.64758
  -1.64664   -1.64569   -1.64528   -1.64517   -1.64291   -1.64245   -1.62927   -1.62888
  -1.62728   -1.62699   -1.62665   -1.62632   -1.62600   -1.62555   -1.62541   -1.62428
  -0.65154   -0.65111   -0.64989   -0.64984   -0.64966   -0.64937   -0.64932   -0.64925
  -0.64915   -0.64906   -0.64894   -0.64816   -0.64797   -0.64773   -0.64736   -0.64725
  -0.64718   -0.64715   -0.64707   -0.64674   -0.64495   -0.64484   -0.64404   -0.64399
  -0.64394   -0.64364   -0.64340   -0.64324   -0.64311   -0.64302   -0.64292   -0.64285
  -0.64275   -0.64269   -0.64258   -0.64246   -0.64242   -0.64230   -0.64203   -0.64194
  -0.38872   -0.38358   -0.37604   -0.36681   -0.35621   -0.34821   -0.33398   -0.33391
  -0.15740   -0.15494   -0.14378   -0.14122   -0.12744   -0.12244   -0.10318   -0.09104
  -0.05662   -0.03099   -0.02061   -0.01845   -0.00641    0.00309    0.01532    0.02051
   0.02313    0.03440    0.04539    0.04788    0.05138    0.05466    0.06679    0.07022
   0.09305    0.10463    0.11758    0.12440    0.13148    0.13175    0.14593    0.16423
   0.18014    0.18217    0.19525    0.19828    0.20656    0.21002    0.21243    0.22298
   0.22811    0.23571    0.24988    0.27213    0.27327    0.28072    0.28294    0.29010
 kpt#  31, nband=136, wtk=  0.02778, kpt=  0.3750  0.1250  0.3750 (reduced coord)
  -1.65844   -1.65742   -1.65633   -1.65582   -1.65571   -1.65527   -1.65497   -1.65489
  -1.65446   -1.65422   -1.65401   -1.65341   -1.65288   -1.65260   -1.65237   -1.65175
  -1.65128   -1.65084   -1.65048   -1.65023   -1.64976   -1.64920   -1.64891   -1.64850
  -1.64803   -1.64748   -1.64638   -1.64547   -1.64321   -1.64270   -1.63025   -1.62921
  -1.62881   -1.62748   -1.62729   -1.62694   -1.62653   -1.62599   -1.62554   -1.62523
  -0.65131   -0.65099   -0.65021   -0.65014   -0.64960   -0.64947   -0.64935   -0.64926
  -0.64921   -0.64915   -0.64895   -0.64856   -0.64806   -0.64801   -0.64746   -0.64738
  -0.64729   -0.64725   -0.64701   -0.64677   -0.64476   -0.64469   -0.64426   -0.64419
  -0.64404   -0.64380   -0.64354   -0.64349   -0.64319   -0.64311   -0.64297   -0.64296
  -0.64292   -0.64279   -0.64268   -0.64257   -0.64241   -0.64232   -0.64220   -0.64211
  -0.37914   -0.37506   -0.36945   -0.36294   -0.35621   -0.35223   -0.33363   -0.33363
  -0.16728   -0.16458   -0.15472   -0.15012   -0.13580   -0.13532   -0.11962   -0.10950
  -0.04565   -0.02015   -0.00797   -0.00575    0.00047    0.00652    0.01359    0.02738
   0.02965    0.03396    0.04083    0.04555    0.04949    0.05474    0.06435    0.06796
   0.10957    0.11171    0.11987    0.12048    0.12631    0.13600    0.13961    0.16064
   0.17428    0.18090    0.18817    0.19070    0.20341    0.20349    0.21048    0.21385
   0.21836    0.22541    0.24891    0.25556    0.25973    0.26225    0.26500    0.27823
 kpt#  32, nband=136, wtk=  0.02778, kpt=  0.4583  0.1250  0.3750 (reduced coord)
  -1.65884   -1.65797   -1.65777   -1.65750   -1.65669   -1.65656   -1.65597   -1.65513
  -1.65476   -1.65462   -1.65424   -1.65415   -1.65393   -1.65359   -1.65326   -1.65269
  -1.65263   -1.65230   -1.65215   -1.65151   -1.65135   -1.65066   -1.65016   -1.64981
  -1.64938   -1.64888   -1.64672   -1.64607   -1.64447   -1.64416   -1.63122   -1.63099
  -1.62991   -1.62907   -1.62824   -1.62806   -1.62771   -1.62636   -1.62615   -1.62604
  -0.65132   -0.65119   -0.65047   -0.65039   -0.64962   -0.64958   -0.64956   -0.64949
  -0.64930   -0.64923   -0.64892   -0.64891   -0.64835   -0.64830   -0.64767   -0.64764
  -0.64745   -0.64729   -0.64699   -0.64690   -0.64491   -0.64487   -0.64450   -0.64441
  -0.64416   -0.64401   -0.64388   -0.64378   -0.64329   -0.64321   -0.64310   -0.64308
  -0.64293   -0.64287   -0.64270   -0.64260   -0.64256   -0.64255   -0.64241   -0.64236
  -0.36895   -0.36661   -0.36406   -0.36159   -0.35968   -0.35944   -0.33351   -0.33351
  -0.17223   -0.17095   -0.15922   -0.15656   -0.14131   -0.13878   -0.12854   -0.12333
  -0.03161   -0.01585   -0.00542    0.00893    0.01113    0.01162    0.02181    0.02637
   0.02750    0.03121    0.03965    0.04111    0.04353    0.04616    0.06628    0.06675
   0.11180    0.11695    0.11830    0.11989    0.12333    0.12524    0.14113    0.14894
   0.17909    0.18515    0.18997    0.19147    0.19724    0.20226    0.20893    0.21318
   0.21762    0.21771    0.24509    0.24748    0.25302    0.26491    0.26625    0.26850
 kpt#  33, nband=136, wtk=  0.01389, kpt=  0.2083  0.2083  0.3750 (reduced coord)
  -1.65878   -1.65827   -1.65810   -1.65734   -1.65714   -1.65555   -1.65510   -1.65499
  -1.65448   -1.65415   -1.65385   -1.65285   -1.65205   -1.65191   -1.65179   -1.65164
  -1.65059   -1.65056   -1.65029   -1.65019   -1.64958   -1.64944   -1.64929   -1.64843
  -1.64827   -1.64826   -1.64647   -1.64439   -1.64377   -1.64243   -1.63035   -1.62976
  -1.62888   -1.62826   -1.62796   -1.62710   -1.62644   -1.62567   -1.62522   -1.62459
  -0.65162   -0.65133   -0.64994   -0.64985   -0.64958   -0.64954   -0.64946   -0.64939
  -0.64934   -0.64921   -0.64918   -0.64841   -0.64805   -0.64768   -0.64763   -0.64754
  -0.64726   -0.64712   -0.64707   -0.64688   -0.64516   -0.64495   -0.64428   -0.64423
  -0.64379   -0.64375   -0.64375   -0.64353   -0.64312   -0.64311   -0.64298   -0.64292
  -0.64278   -0.64267   -0.64265   -0.64261   -0.64255   -0.64249   -0.64221   -0.64217
  -0.39119   -0.38578   -0.37773   -0.36775   -0.35602   -0.34662   -0.33333   -0.33314
  -0.14904   -0.14663   -0.13474   -0.13264   -0.11701   -0.11275   -0.09216   -0.07948
  -0.05734   -0.05037   -0.04222   -0.02988   -0.02082   -0.01494    0.00234    0.01894
   0.01978    0.02173    0.03179    0.03711    0.04813    0.05381    0.06771    0.07061
   0.09764    0.10776    0.10937    0.12299    0.12864    0.13127    0.14913    0.16289
   0.18586    0.18732    0.20100    0.20187    0.21147    0.21551    0.21925    0.22526
   0.22885    0.23696    0.26151    0.28740    0.29312    0.29412    0.30152    0.30669
 kpt#  34, nband=136, wtk=  0.02778, kpt=  0.2917  0.2083  0.3750 (reduced coord)
  -1.65872   -1.65836   -1.65746   -1.65696   -1.65671   -1.65606   -1.65591   -1.65548
  -1.65500   -1.65424   -1.65393   -1.65352   -1.65316   -1.65261   -1.65204   -1.65189
  -1.65122   -1.65090   -1.65016   -1.64967   -1.64918   -1.64894   -1.64866   -1.64836
  -1.64788   -1.64710   -1.64655   -1.64549   -1.64455   -1.64373   -1.63060   -1.63012
  -1.62847   -1.62775   -1.62752   -1.62696   -1.62665   -1.62619   -1.62598   -1.62535
  -0.65149   -0.65115   -0.65051   -0.65046   -0.64963   -0.64952   -0.64939   -0.64930
  -0.64920   -0.64911   -0.64894   -0.64869   -0.64829   -0.64809   -0.64746   -0.64720
  -0.64714   -0.64712   -0.64706   -0.64692   -0.64511   -0.64498   -0.64440   -0.64437
  -0.64399   -0.64374   -0.64345   -0.64338   -0.64322   -0.64317   -0.64309   -0.64301
  -0.64291   -0.64285   -0.64267   -0.64260   -0.64257   -0.64251   -0.64199   -0.64194
  -0.38355   -0.37876   -0.37185   -0.36345   -0.35402   -0.34730   -0.33191   -0.33189
  -0.15495   -0.15200   -0.14176   -0.13750   -0.12199   -0.12146   -0.10303   -0.09203
  -0.05328   -0.05174   -0.04353   -0.03433   -0.01902   -0.01244   -0.00141    0.01123
   0.01476    0.02704    0.02773    0.03192    0.03607    0.05066    0.05892    0.06254
   0.08720    0.10627    0.11470    0.11514    0.12274    0.13106    0.13680    0.15516
   0.19151    0.19501    0.19871    0.19944    0.20840    0.21693    0.21932    0.23423
   0.24147    0.24201    0.25404    0.28961    0.29096    0.29340    0.30132    0.30242
 kpt#  35, nband=136, wtk=  0.02778, kpt=  0.3750  0.2083  0.3750 (reduced coord)
  -1.65942   -1.65852   -1.65789   -1.65664   -1.65651   -1.65600   -1.65557   -1.65509
  -1.65471   -1.65451   -1.65411   -1.65357   -1.65337   -1.65307   -1.65288   -1.65196
  -1.65160   -1.65108   -1.65095   -1.65062   -1.65025   -1.64977   -1.64933   -1.64862
  -1.64854   -1.64828   -1.64727   -1.64614   -1.64517   -1.64482   -1.63124   -1.63034
  -1.62915   -1.62844   -1.62787   -1.62738   -1.62732   -1.62690   -1.62629   -1.62556
  -0.65136   -0.65110   -0.65080   -0.65072   -0.64971   -0.64952   -0.64940   -0.64931
  -0.64926   -0.64919   -0.64907   -0.64892   -0.64827   -0.64808   -0.64740   -0.64736
  -0.64728   -0.64719   -0.64707   -0.64700   -0.64517   -0.64512   -0.64445   -0.64436
  -0.64402   -0.64374   -0.64358   -0.64346   -0.64326   -0.64319   -0.64315   -0.64299
  -0.64295   -0.64288   -0.64280   -0.64275   -0.64260   -0.64258   -0.64213   -0.64204
  -0.37448   -0.37072   -0.36565   -0.35981   -0.35386   -0.35050   -0.33083   -0.33083
  -0.16126   -0.15852   -0.14873   -0.14374   -0.13008   -0.12756   -0.11463   -0.10579
  -0.04474   -0.04420   -0.03246   -0.02828   -0.01316   -0.00331   -0.00118    0.00464
   0.01442    0.01843    0.02243    0.02671    0.03358    0.03695    0.05075    0.05243
   0.07351    0.09185    0.09772    0.10978    0.11225    0.11895    0.12523    0.14623
   0.19410    0.20654    0.20710    0.21298    0.21626    0.23083    0.23158    0.23791
   0.25263    0.25878    0.26430    0.27728    0.28929    0.28993    0.29842    0.29947
 kpt#  36, nband=136, wtk=  0.02778, kpt=  0.4583  0.2083  0.3750 (reduced coord)
  -1.65868   -1.65807   -1.65780   -1.65745   -1.65605   -1.65572   -1.65517   -1.65480
  -1.65439   -1.65359   -1.65341   -1.65291   -1.65271   -1.65243   -1.65223   -1.65216
  -1.65202   -1.65133   -1.65099   -1.65075   -1.65046   -1.64988   -1.64979   -1.64926
  -1.64825   -1.64789   -1.64621   -1.64529   -1.64489   -1.64480   -1.63012   -1.62986
  -1.62928   -1.62832   -1.62753   -1.62731   -1.62667   -1.62667   -1.62646   -1.62581
  -0.65118   -0.65107   -0.65064   -0.65056   -0.64957   -0.64950   -0.64937   -0.64932
  -0.64928   -0.64921   -0.64894   -0.64887   -0.64817   -0.64807   -0.64746   -0.64740
  -0.64734   -0.64724   -0.64701   -0.64698   -0.64509   -0.64499   -0.64429   -0.64427
  -0.64388   -0.64373   -0.64367   -0.64363   -0.64314   -0.64313   -0.64309   -0.64300
  -0.64294   -0.64286   -0.64276   -0.64272   -0.64259   -0.64245   -0.64224   -0.64221
  -0.36508   -0.36295   -0.36071   -0.35851   -0.35678   -0.35660   -0.33025   -0.33025
  -0.16474   -0.16357   -0.15167   -0.14931   -0.13367   -0.13145   -0.12079   -0.11670
  -0.03222   -0.02750   -0.01746   -0.01692   -0.01388   -0.00692   -0.00204    0.00112
   0.00954    0.00966    0.01599    0.01945    0.02510    0.03076    0.04915    0.05210
   0.07792    0.08321    0.08832    0.09356    0.09731    0.10244    0.12795    0.13704
   0.19968    0.21132    0.22491    0.22576    0.23022    0.23693    0.24253    0.24526
   0.25140    0.25324    0.26672    0.27116    0.28882    0.29614    0.30207    0.30398
 kpt#  37, nband=136, wtk=  0.01389, kpt=  0.2917  0.2917  0.3750 (reduced coord)
  -1.65892   -1.65861   -1.65843   -1.65787   -1.65701   -1.65678   -1.65629   -1.65581
  -1.65500   -1.65455   -1.65390   -1.65343   -1.65302   -1.65286   -1.65184   -1.65149
  -1.65068   -1.65038   -1.65017   -1.65015   -1.64964   -1.64942   -1.64909   -1.64850
  -1.64687   -1.64595   -1.64583   -1.64547   -1.64543   -1.64437   -1.63187   -1.63117
  -1.62839   -1.62797   -1.62691   -1.62676   -1.62626   -1.62600   -1.62563   -1.62554
  -0.65128   -0.65099   -0.65095   -0.65087   -0.64959   -0.64950   -0.64938   -0.64932
  -0.64922   -0.64916   -0.64895   -0.64878   -0.64834   -0.64819   -0.64735   -0.64726
  -0.64720   -0.64706   -0.64704   -0.64677   -0.64539   -0.64532   -0.64441   -0.64415
  -0.64383   -0.64374   -0.64345   -0.64341   -0.64340   -0.64326   -0.64312   -0.64306
  -0.64303   -0.64289   -0.64265   -0.64263   -0.64260   -0.64256   -0.64189   -0.64165
  -0.37645   -0.37227   -0.36641   -0.35947   -0.35198   -0.34717   -0.32952   -0.32952
  -0.15341   -0.15020   -0.14064   -0.13494   -0.12126   -0.11708   -0.10429   -0.09578
  -0.06901   -0.06071   -0.04811   -0.04111   -0.03278   -0.01501   -0.00544    0.00236
   0.00301    0.01605    0.01839    0.02227    0.03043    0.03073    0.03895    0.04530
   0.06382    0.08656    0.09256    0.10757    0.10888    0.11962    0.12044    0.14515
   0.20129    0.21466    0.21578    0.22074    0.22472    0.23936    0.24236    0.24951
   0.26727    0.26963    0.27603    0.28253    0.29272    0.29306    0.30419    0.31327
 kpt#  38, nband=136, wtk=  0.02778, kpt=  0.3750  0.2917  0.3750 (reduced coord)
  -1.65896   -1.65800   -1.65766   -1.65666   -1.65619   -1.65597   -1.65526   -1.65500
  -1.65478   -1.65383   -1.65346   -1.65314   -1.65260   -1.65173   -1.65160   -1.65101
  -1.65065   -1.65047   -1.64957   -1.64944   -1.64925   -1.64912   -1.64840   -1.64794
  -1.64769   -1.64756   -1.64690   -1.64596   -1.64520   -1.64264   -1.63026   -1.63015
  -1.62820   -1.62778   -1.62717   -1.62677   -1.62641   -1.62586   -1.62547   -1.62532
  -0.65111   -0.65106   -0.65088   -0.65070   -0.64967   -0.64939   -0.64935   -0.64924
  -0.64911   -0.64901   -0.64891   -0.64884   -0.64829   -0.64814   -0.64732   -0.64726
  -0.64707   -0.64702   -0.64696   -0.64685   -0.64536   -0.64522   -0.64426   -0.64417
  -0.64382   -0.64357   -0.64348   -0.64334   -0.64328   -0.64321   -0.64311   -0.64302
  -0.64283   -0.64281   -0.64276   -0.64265   -0.64257   -0.64244   -0.64186   -0.64178
  -0.36827   -0.36503   -0.36085   -0.35611   -0.35140   -0.34898   -0.32748   -0.32747
  -0.15361   -0.15108   -0.14083   -0.13607   -0.12208   -0.11776   -0.10713   -0.10202
  -0.06822   -0.06210   -0.04991   -0.03565   -0.03020   -0.01797   -0.01074   -0.00613
   0.00074    0.00303    0.00643    0.00738    0.01393    0.02351    0.02811    0.02837
   0.05142    0.06683    0.07571    0.08612    0.08730    0.10378    0.11900    0.13940
   0.20576    0.23053    0.24091    0.24272    0.24350    0.25324    0.26613    0.27288
   0.27672    0.28438    0.28978    0.29401    0.29735    0.30345    0.30703    0.31088
 kpt#  39, nband=136, wtk=  0.02778, kpt=  0.4583  0.2917  0.3750 (reduced coord)
  -1.65846   -1.65795   -1.65770   -1.65732   -1.65682   -1.65608   -1.65483   -1.65472
  -1.65426   -1.65370   -1.65352   -1.65308   -1.65276   -1.65263   -1.65224   -1.65184
  -1.65131   -1.65087   -1.65036   -1.65023   -1.64986   -1.64920   -1.64892   -1.64885
  -1.64837   -1.64801   -1.64724   -1.64579   -1.64564   -1.64516   -1.62994   -1.62972
  -1.62910   -1.62859   -1.62780   -1.62755   -1.62692   -1.62647   -1.62603   -1.62587
  -0.65114   -0.65106   -0.65098   -0.65095   -0.64971   -0.64962   -0.64939   -0.64933
  -0.64914   -0.64912   -0.64900   -0.64888   -0.64811   -0.64803   -0.64738   -0.64729
  -0.64719   -0.64713   -0.64712   -0.64704   -0.64544   -0.64538   -0.64428   -0.64425
  -0.64369   -0.64359   -0.64340   -0.64335   -0.64332   -0.64323   -0.64315   -0.64302
  -0.64297   -0.64293   -0.64285   -0.64282   -0.64280   -0.64257   -0.64200   -0.64188
  -0.36018   -0.35838   -0.35661   -0.35483   -0.35340   -0.35334   -0.32631   -0.32631
  -0.15418   -0.15324   -0.14091   -0.13911   -0.12274   -0.12113   -0.10960   -0.10776
  -0.05302   -0.05090   -0.03986   -0.03210   -0.03100   -0.02864   -0.01907   -0.01652
  -0.01417   -0.00619   -0.00011    0.00708    0.00888    0.00984    0.02990    0.03364
   0.04776    0.05247    0.05933    0.06323    0.08306    0.09160    0.12526    0.13305
   0.21251    0.22197    0.25492    0.26375    0.26631    0.27309    0.27595    0.27714
   0.27740    0.28601    0.29402    0.29699    0.30061    0.30470    0.31384    0.31607
 kpt#  40, nband=136, wtk=  0.01389, kpt=  0.3750  0.3750  0.3750 (reduced coord)
  -1.65866   -1.65781   -1.65741   -1.65693   -1.65653   -1.65587   -1.65581   -1.65485
  -1.65433   -1.65373   -1.65361   -1.65349   -1.65315   -1.65300   -1.65234   -1.65231
  -1.65151   -1.65144   -1.65097   -1.65048   -1.65036   -1.65025   -1.64960   -1.64813
  -1.64800   -1.64763   -1.64674   -1.64573   -1.64494   -1.64492   -1.63095   -1.63029
  -1.62903   -1.62795   -1.62776   -1.62728   -1.62649   -1.62645   -1.62601   -1.62567
  -0.65132   -0.65123   -0.65112   -0.65081   -0.64972   -0.64965   -0.64953   -0.64928
  -0.64922   -0.64907   -0.64903   -0.64881   -0.64829   -0.64799   -0.64731   -0.64727
  -0.64726   -0.64711   -0.64709   -0.64696   -0.64567   -0.64559   -0.64435   -0.64421
  -0.64382   -0.64358   -0.64345   -0.64344   -0.64329   -0.64324   -0.64311   -0.64303
  -0.64301   -0.64286   -0.64284   -0.64280   -0.64265   -0.64262   -0.64190   -0.64180
  -0.36148   -0.35903   -0.35614   -0.35298   -0.34998   -0.34876   -0.32448   -0.32448
  -0.14644   -0.14470   -0.13300   -0.12998   -0.11365   -0.11101   -0.09937   -0.09576
  -0.08307   -0.07468   -0.06193   -0.04635   -0.03032   -0.02829   -0.02732   -0.02329
  -0.01560   -0.01085   -0.01047    0.00373    0.00619    0.00625    0.00769    0.01050
   0.04071    0.04431    0.05556    0.05888    0.07790    0.09535    0.12160    0.13596
   0.21496    0.23213    0.25813    0.26921    0.27368    0.27481    0.28285    0.28607
   0.28707    0.29259    0.30337    0.30513    0.30537    0.31160    0.32495    0.32509
 kpt#  41, nband=136, wtk=  0.02778, kpt=  0.4583  0.3750  0.3750 (reduced coord)
  -1.65803   -1.65772   -1.65746   -1.65718   -1.65661   -1.65640   -1.65579   -1.65546
  -1.65477   -1.65446   -1.65405   -1.65362   -1.65311   -1.65290   -1.65250   -1.65178
  -1.65148   -1.65133   -1.65125   -1.65091   -1.65073   -1.65050   -1.64926   -1.64841
  -1.64776   -1.64727   -1.64713   -1.64582   -1.64412   -1.64293   -1.63082   -1.62969
  -1.62958   -1.62884   -1.62746   -1.62678   -1.62654   -1.62635   -1.62587   -1.62537
  -0.65137   -0.65127   -0.65095   -0.65091   -0.64976   -0.64970   -0.64948   -0.64935
  -0.64930   -0.64919   -0.64895   -0.64892   -0.64815   -0.64802   -0.64730   -0.64726
  -0.64715   -0.64712   -0.64709   -0.64701   -0.64571   -0.64561   -0.64436   -0.64431
  -0.64368   -0.64359   -0.64347   -0.64339   -0.64331   -0.64326   -0.64312   -0.64302
  -0.64295   -0.64287   -0.64281   -0.64274   -0.64269   -0.64258   -0.64196   -0.64184
  -0.35529   -0.35395   -0.35278   -0.35160   -0.35071   -0.35057   -0.32271   -0.32270
  -0.14213   -0.14155   -0.12824   -0.12738   -0.10968   -0.10908   -0.09808   -0.09629
  -0.07189   -0.07071   -0.05938   -0.05278   -0.05075   -0.04562   -0.04049   -0.03214
  -0.02528   -0.01509   -0.01322   -0.00869   -0.00607    0.00063    0.00996    0.01442
   0.02520    0.03073    0.04039    0.04311    0.08172    0.08839    0.12698    0.13214
   0.22296    0.22908    0.26775    0.27039    0.27312    0.27825    0.28399    0.28498
   0.30307    0.30526    0.31272    0.32041    0.32290    0.32473    0.32884    0.33626
 kpt#  42, nband=136, wtk=  0.01389, kpt=  0.4583  0.4583  0.3750 (reduced coord)
  -1.65933   -1.65894   -1.65807   -1.65802   -1.65680   -1.65606   -1.65564   -1.65561
  -1.65467   -1.65413   -1.65366   -1.65366   -1.65334   -1.65329   -1.65306   -1.65254
  -1.65223   -1.65205   -1.65182   -1.65118   -1.65074   -1.65053   -1.64984   -1.64963
  -1.64824   -1.64785   -1.64750   -1.64707   -1.64416   -1.64378   -1.63033   -1.62992
  -1.62966   -1.62934   -1.62804   -1.62751   -1.62735   -1.62679   -1.62667   -1.62631
  -0.65145   -0.65131   -0.65102   -0.65090   -0.64976   -0.64973   -0.64956   -0.64948
  -0.64944   -0.64937   -0.64899   -0.64886   -0.64827   -0.64801   -0.64747   -0.64741
  -0.64727   -0.64724   -0.64711   -0.64696   -0.64586   -0.64568   -0.64440   -0.64435
  -0.64382   -0.64360   -0.64349   -0.64346   -0.64332   -0.64329   -0.64322   -0.64321
  -0.64310   -0.64295   -0.64293   -0.64291   -0.64280   -0.64277   -0.64188   -0.64185
  -0.35165   -0.35092   -0.35036   -0.35002   -0.34951   -0.34928   -0.32054   -0.32054
  -0.13263   -0.13247   -0.11767   -0.11764   -0.09825   -0.09795   -0.09053   -0.08991
  -0.08209   -0.07490   -0.07005   -0.06926   -0.06582   -0.05835   -0.05358   -0.04775
  -0.03539   -0.03002   -0.01737   -0.01303   -0.00957   -0.00322   -0.00293    0.00409
   0.00630    0.01143    0.03695    0.03884    0.08402    0.08647    0.12957    0.13138
   0.23038    0.23254    0.26189    0.26418    0.28087    0.28099    0.28211    0.28311
   0.30403    0.30615    0.32623    0.32743    0.33703    0.34071    0.34241    0.34267
