 Fermi (or HOMO) energy (hartree) =   0.13837   Average Vxc (hartree)=  -0.31636
 Eigenvalues (hartree) for nkpt=  10  k points:
 kpt#   1, nband=135, wtk=  0.06250, kpt=  0.0625  0.0625  0.5000 (reduced coord)
  -4.73299   -4.73299   -2.97018   -2.96990   -2.96770   -2.96739   -2.96732   -2.96726
  -1.68131   -1.68074   -1.68072   -1.67997   -1.67957   -1.67903   -1.67900   -1.67845
  -1.67807   -1.67801   -1.67724   -1.67675   -1.67611   -1.67581   -1.67557   -1.67494
  -1.67461   -1.67442   -1.67332   -1.67265   -1.67193   -1.67120   -1.67112   -1.67099
  -1.67056   -1.67015   -1.66870   -1.66865   -1.66484   -1.66454   -1.65241   -1.65167
  -1.64991   -1.64866   -1.64855   -1.64761   -1.64721   -1.64565   -1.64409   -1.64322
  -0.67413   -0.67237   -0.67217   -0.67199   -0.67131   -0.67123   -0.67098   -0.67092
  -0.67004   -0.66997   -0.66678   -0.66549   -0.66535   -0.66485   -0.66451   -0.66431
  -0.66414   -0.66407   -0.66400   -0.66356   -0.66355   -0.66336   -0.66327   -0.66206
  -0.66203   -0.66189   -0.66068   -0.66065   -0.66044   -0.66034   -0.42660   -0.41426
  -0.40346   -0.39800   -0.37794   -0.37733   -0.35869   -0.35376   -0.19519   -0.19310
  -0.19303   -0.19203   -0.19196   -0.17988   -0.17987   -0.17794   -0.17372   -0.17233
  -0.14322   -0.14096   -0.11732   -0.11334   -0.08162   -0.07812   -0.07569   -0.05281
  -0.03926   -0.03173   -0.02476   -0.01036   -0.00902   -0.00882   -0.00675   -0.00579
   0.00931    0.01387    0.02647    0.03242    0.03303    0.03881    0.04310    0.05172
   0.05653    0.05957    0.06247    0.06334    0.09760    0.10888    0.14916    0.16689
   0.19585    0.20202    0.21594    0.23286    0.24792    0.25349    0.26258
 kpt#   2, nband=135, wtk=  0.12500, kpt=  0.1875  0.0625  0.5000 (reduced coord)
  -4.73299   -4.73298   -2.96985   -2.96841   -2.96779   -2.96753   -2.96749   -2.96740
  -1.68103   -1.68064   -1.68008   -1.67935   -1.67877   -1.67839   -1.67746   -1.67704
  -1.67622   -1.67593   -1.67529   -1.67504   -1.67478   -1.67451   -1.67412   -1.67387
  -1.67343   -1.67292   -1.67247   -1.67227   -1.67217   -1.67191   -1.67117   -1.67047
  -1.66971   -1.66953   -1.66889   -1.66724   -1.66704   -1.66475   -1.65209   -1.65083
  -1.64860   -1.64835   -1.64801   -1.64729   -1.64689   -1.64451   -1.64418   -1.64362
  -0.67351   -0.67214   -0.67195   -0.67182   -0.67125   -0.67103   -0.67091   -0.67090
  -0.67016   -0.67000   -0.66622   -0.66523   -0.66513   -0.66484   -0.66424   -0.66414
  -0.66405   -0.66395   -0.66388   -0.66363   -0.66341   -0.66328   -0.66314   -0.66219
  -0.66202   -0.66188   -0.66061   -0.66053   -0.66040   -0.66038   -0.42022   -0.40860
  -0.39941   -0.39353   -0.37689   -0.37549   -0.35734   -0.35324   -0.19467   -0.19130
  -0.19108   -0.19049   -0.18931   -0.18129   -0.17781   -0.17706   -0.17679   -0.17353
  -0.15965   -0.15595   -0.13485   -0.13418   -0.10492   -0.08627   -0.07886   -0.07600
  -0.04342   -0.03961   -0.02776   -0.02342   -0.00524    0.00120    0.00881    0.01509
   0.01936    0.02243    0.03116    0.03536    0.03994    0.04218    0.04249    0.05111
   0.06104    0.06190    0.08441    0.09060    0.10155    0.12096    0.16726    0.17935
   0.18762    0.21000    0.21349    0.22100    0.22225    0.23827    0.23942
 kpt#   3, nband=135, wtk=  0.12500, kpt=  0.3125  0.0625  0.5000 (reduced coord)
  -4.73299   -4.73298   -2.96919   -2.96781   -2.96769   -2.96769   -2.96753   -2.96732
  -1.67959   -1.67922   -1.67857   -1.67851   -1.67813   -1.67755   -1.67724   -1.67697
  -1.67681   -1.67626   -1.67581   -1.67540   -1.67446   -1.67382   -1.67341   -1.67325
  -1.67291   -1.67266   -1.67168   -1.67129   -1.67088   -1.67045   -1.67004   -1.66977
  -1.66922   -1.66852   -1.66807   -1.66787   -1.66498   -1.66407   -1.65143   -1.64918
  -1.64817   -1.64793   -1.64749   -1.64683   -1.64471   -1.64448   -1.64418   -1.64326
  -0.67320   -0.67197   -0.67187   -0.67138   -0.67129   -0.67106   -0.67075   -0.67045
  -0.67037   -0.67009   -0.66591   -0.66510   -0.66500   -0.66439   -0.66431   -0.66407
  -0.66392   -0.66382   -0.66369   -0.66358   -0.66340   -0.66316   -0.66274   -0.66214
  -0.66194   -0.66192   -0.66071   -0.66047   -0.66031   -0.66002   -0.40847   -0.39869
  -0.39257   -0.38673   -0.37712   -0.37427   -0.35658   -0.35269   -0.19290   -0.18918
  -0.18841   -0.18756   -0.18627   -0.18337   -0.18048   -0.17867   -0.17852   -0.17634
  -0.17617   -0.17437   -0.15785   -0.15608   -0.13437   -0.11801   -0.08615   -0.07785
  -0.06858   -0.02749   -0.01294   -0.00811   -0.00009    0.00934    0.01545    0.02206
   0.02686    0.02948    0.03890    0.04410    0.04588    0.04800    0.04967    0.05652
   0.05843    0.08764    0.10848    0.11336    0.11726    0.13493    0.16640    0.16819
   0.17394    0.17796    0.18566    0.19162    0.19617    0.20870    0.21779
 kpt#   4, nband=135, wtk=  0.12500, kpt=  0.4375  0.0625  0.5000 (reduced coord)
  -4.73299   -4.73299   -2.96939   -2.96855   -2.96854   -2.96803   -2.96761   -2.96751
  -1.68141   -1.68054   -1.67954   -1.67941   -1.67906   -1.67859   -1.67823   -1.67783
  -1.67693   -1.67649   -1.67631   -1.67602   -1.67491   -1.67469   -1.67463   -1.67436
  -1.67392   -1.67351   -1.67327   -1.67285   -1.67250   -1.67219   -1.67160   -1.67145
  -1.67096   -1.67026   -1.67005   -1.66895   -1.66641   -1.66581   -1.65260   -1.64971
  -1.64963   -1.64917   -1.64908   -1.64837   -1.64587   -1.64546   -1.64513   -1.64503
  -0.67292   -0.67231   -0.67192   -0.67163   -0.67145   -0.67132   -0.67096   -0.67077
  -0.67055   -0.67027   -0.66563   -0.66533   -0.66518   -0.66478   -0.66430   -0.66427
  -0.66414   -0.66399   -0.66383   -0.66368   -0.66359   -0.66350   -0.66301   -0.66233
  -0.66208   -0.66207   -0.66088   -0.66065   -0.66063   -0.66032   -0.39377   -0.38809
  -0.38519   -0.38306   -0.38027   -0.37966   -0.35666   -0.35251   -0.19271   -0.19073
  -0.19023   -0.18738   -0.18706   -0.18494   -0.18441   -0.18326   -0.18182   -0.18166
  -0.18051   -0.17640   -0.17084   -0.16694   -0.15277   -0.14406   -0.09574   -0.09527
  -0.04920   -0.02480   -0.00707    0.01016    0.01482    0.01627    0.02651    0.02747
   0.03077    0.03146    0.03601    0.04021    0.04261    0.04673    0.05110    0.05736
   0.09222    0.11366    0.11583    0.12026    0.12914    0.13642    0.14655    0.15278
   0.16600    0.16808    0.17629    0.17959    0.18489    0.18812    0.19097
 kpt#   5, nband=135, wtk=  0.06250, kpt=  0.1875  0.1875  0.5000 (reduced coord)
  -4.73300   -4.73298   -2.96901   -2.96822   -2.96800   -2.96777   -2.96762   -2.96718
  -1.68062   -1.68002   -1.67985   -1.67959   -1.67864   -1.67748   -1.67715   -1.67671
  -1.67634   -1.67599   -1.67539   -1.67522   -1.67506   -1.67451   -1.67382   -1.67328
  -1.67269   -1.67243   -1.67210   -1.67206   -1.67139   -1.67116   -1.67073   -1.67024
  -1.66932   -1.66921   -1.66899   -1.66627   -1.66603   -1.66393   -1.65130   -1.65019
  -1.64924   -1.64835   -1.64721   -1.64645   -1.64601   -1.64485   -1.64459   -1.64226
  -0.67340   -0.67201   -0.67170   -0.67161   -0.67120   -0.67119   -0.67073   -0.67069
  -0.67036   -0.67018   -0.66615   -0.66515   -0.66480   -0.66462   -0.66424   -0.66421
  -0.66402   -0.66381   -0.66378   -0.66365   -0.66357   -0.66298   -0.66297   -0.66212
  -0.66207   -0.66197   -0.66068   -0.66058   -0.66026   -0.66025   -0.41401   -0.40311
  -0.39560   -0.38923   -0.37617   -0.37326   -0.35567   -0.35181   -0.19634   -0.18974
  -0.18961   -0.18880   -0.18735   -0.18079   -0.17838   -0.17728   -0.17702   -0.17441
  -0.16490   -0.16041   -0.14091   -0.13855   -0.11382   -0.09575   -0.08035   -0.07144
  -0.06438   -0.04934   -0.04322   -0.03041   -0.02538   -0.02156   -0.00834    0.01202
   0.01321    0.02037    0.02600    0.03936    0.04035    0.04569    0.05016    0.05215
   0.06606    0.09037    0.10171    0.10830    0.11884    0.13837    0.16989    0.17345
   0.19055    0.19193    0.19594    0.20037    0.20587    0.21055    0.22545
 kpt#   6, nband=135, wtk=  0.12500, kpt=  0.3125  0.1875  0.5000 (reduced coord)
  -4.73299   -4.73298   -2.96891   -2.96870   -2.96799   -2.96783   -2.96773   -2.96763
  -1.68064   -1.67970   -1.67887   -1.67858   -1.67819   -1.67802   -1.67754   -1.67701
  -1.67667   -1.67654   -1.67641   -1.67573   -1.67520   -1.67517   -1.67473   -1.67415
  -1.67384   -1.67322   -1.67308   -1.67254   -1.67200   -1.67135   -1.67062   -1.67039
  -1.67009   -1.66962   -1.66865   -1.66800   -1.66732   -1.66587   -1.65225   -1.64951
  -1.64905   -1.64884   -1.64852   -1.64796   -1.64537   -1.64514   -1.64476   -1.64460
  -0.67318   -0.67247   -0.67194   -0.67157   -0.67124   -0.67118   -0.67116   -0.67042
  -0.67036   -0.67027   -0.66605   -0.66537   -0.66502   -0.66445   -0.66439   -0.66427
  -0.66418   -0.66401   -0.66386   -0.66375   -0.66346   -0.66335   -0.66257   -0.66216
  -0.66215   -0.66197   -0.66095   -0.66075   -0.66066   -0.65987   -0.40274   -0.39366
  -0.38924   -0.38283   -0.37593   -0.37211   -0.35386   -0.34989   -0.19643   -0.18811
  -0.18786   -0.18664   -0.18447   -0.18406   -0.17983   -0.17919   -0.17678   -0.17591
  -0.17498   -0.17130   -0.15375   -0.14914   -0.13125   -0.11668   -0.08523   -0.07136
  -0.06490   -0.06312   -0.04835   -0.03379   -0.01577   -0.01116   -0.00907   -0.00402
   0.00950    0.01485    0.02346    0.02646    0.03314    0.03678    0.04324    0.04469
   0.07601    0.09209    0.09804    0.10438    0.11165    0.13474    0.16543    0.17477
   0.18129    0.18562    0.19631    0.20628    0.20846    0.21689    0.21910
 kpt#   7, nband=135, wtk=  0.12500, kpt=  0.4375  0.1875  0.5000 (reduced coord)
  -4.73299   -4.73299   -2.96942   -2.96899   -2.96761   -2.96758   -2.96739   -2.96731
  -1.68018   -1.67920   -1.67912   -1.67853   -1.67788   -1.67723   -1.67714   -1.67671
  -1.67651   -1.67619   -1.67594   -1.67527   -1.67490   -1.67463   -1.67428   -1.67380
  -1.67365   -1.67300   -1.67252   -1.67208   -1.67174   -1.67137   -1.67121   -1.67051
  -1.67030   -1.66971   -1.66864   -1.66802   -1.66659   -1.66539   -1.65206   -1.65034
  -1.64843   -1.64830   -1.64808   -1.64729   -1.64656   -1.64463   -1.64446   -1.64356
  -0.67283   -0.67272   -0.67176   -0.67159   -0.67133   -0.67124   -0.67098   -0.67049
  -0.67037   -0.67008   -0.66596   -0.66530   -0.66499   -0.66453   -0.66441   -0.66419
  -0.66409   -0.66401   -0.66375   -0.66357   -0.66348   -0.66335   -0.66269   -0.66216
  -0.66187   -0.66186   -0.66103   -0.66071   -0.66042   -0.66004   -0.38907   -0.38390
  -0.38254   -0.37947   -0.37777   -0.37705   -0.35288   -0.34871   -0.19322   -0.18876
  -0.18678   -0.18553   -0.18435   -0.18374   -0.18209   -0.18164   -0.18077   -0.17973
  -0.17846   -0.17540   -0.16229   -0.15869   -0.14395   -0.13685   -0.09148   -0.08973
  -0.04788   -0.04382   -0.02768   -0.02624   -0.01793   -0.01258    0.00016    0.00236
   0.00325    0.00672    0.01000    0.02042    0.02250    0.03111    0.03330    0.03785
   0.06670    0.07305    0.08388    0.08633    0.10199    0.11574    0.17463    0.18973
   0.19119    0.20354    0.20570    0.21090    0.21580    0.21710    0.22349
 kpt#   8, nband=135, wtk=  0.06250, kpt=  0.3125  0.3125  0.5000 (reduced coord)
  -4.73300   -4.73298   -2.96936   -2.96848   -2.96819   -2.96799   -2.96768   -2.96758
  -1.68169   -1.68048   -1.68025   -1.67932   -1.67886   -1.67794   -1.67745   -1.67724
  -1.67714   -1.67667   -1.67623   -1.67615   -1.67594   -1.67508   -1.67493   -1.67450
  -1.67419   -1.67287   -1.67273   -1.67234   -1.67190   -1.67155   -1.67129   -1.67035
  -1.67033   -1.66986   -1.66824   -1.66784   -1.66756   -1.66677   -1.65370   -1.65007
  -1.64924   -1.64887   -1.64864   -1.64859   -1.64533   -1.64505   -1.64476   -1.64452
  -0.67324   -0.67291   -0.67203   -0.67180   -0.67128   -0.67118   -0.67101   -0.67040
  -0.67036   -0.67016   -0.66644   -0.66551   -0.66509   -0.66476   -0.66454   -0.66429
  -0.66426   -0.66406   -0.66388   -0.66386   -0.66337   -0.66319   -0.66239   -0.66222
  -0.66209   -0.66184   -0.66150   -0.66074   -0.66068   -0.65971   -0.39271   -0.38533
  -0.38382   -0.37720   -0.37473   -0.37034   -0.34996   -0.34586   -0.19829   -0.18844
  -0.18693   -0.18596   -0.18496   -0.18197   -0.17957   -0.17888   -0.17663   -0.17550
  -0.17081   -0.16670   -0.14861   -0.14181   -0.12665   -0.11869   -0.09198   -0.08568
  -0.07655   -0.07097   -0.05696   -0.04831   -0.03388   -0.03316   -0.01764   -0.01206
  -0.00681   -0.00226   -0.00201    0.01109    0.01193    0.01356    0.01699    0.03419
   0.05014    0.05613    0.07729    0.07869    0.09052    0.11787    0.18254    0.20800
   0.21509    0.21994    0.22339    0.22725    0.23152    0.23463    0.24036
 kpt#   9, nband=135, wtk=  0.12500, kpt=  0.4375  0.3125  0.5000 (reduced coord)
  -4.73299   -4.73299   -2.96929   -2.96861   -2.96802   -2.96747   -2.96736   -2.96731
  -1.67941   -1.67889   -1.67874   -1.67835   -1.67816   -1.67758   -1.67736   -1.67617
  -1.67604   -1.67561   -1.67545   -1.67497   -1.67486   -1.67463   -1.67415   -1.67398
  -1.67341   -1.67278   -1.67235   -1.67202   -1.67157   -1.67110   -1.67076   -1.67057
  -1.67039   -1.66972   -1.66892   -1.66825   -1.66653   -1.66599   -1.65167   -1.65006
  -1.64832   -1.64820   -1.64798   -1.64765   -1.64621   -1.64475   -1.64428   -1.64402
  -0.67322   -0.67290   -0.67182   -0.67158   -0.67123   -0.67106   -0.67100   -0.67043
  -0.67024   -0.67016   -0.66642   -0.66543   -0.66479   -0.66457   -0.66440   -0.66423
  -0.66411   -0.66406   -0.66386   -0.66374   -0.66322   -0.66319   -0.66241   -0.66222
  -0.66202   -0.66159   -0.66131   -0.66076   -0.66059   -0.65971   -0.38146   -0.37846
  -0.37739   -0.37521   -0.37430   -0.37259   -0.34720   -0.34300   -0.19648   -0.19183
  -0.18595   -0.18489   -0.18260   -0.17989   -0.17865   -0.17813   -0.17745   -0.17582
  -0.16916   -0.16750   -0.14644   -0.14388   -0.12701   -0.12458   -0.08748   -0.08314
  -0.08283   -0.07315   -0.05528   -0.04938   -0.04542   -0.03510   -0.03147   -0.02416
  -0.02051   -0.01915   -0.01087   -0.00154    0.00201    0.00688    0.01192    0.02132
   0.02604    0.03514    0.04481    0.05307    0.09510    0.10724    0.19482    0.21021
   0.22350    0.22503    0.23525    0.23636    0.25009    0.25203    0.25485
 kpt#  10, nband=135, wtk=  0.06250, kpt=  0.4375  0.4375  0.5000 (reduced coord)
  -4.73299   -4.73299   -2.96895   -2.96860   -2.96833   -2.96829   -2.96785   -2.96740
  -1.68080   -1.68011   -1.67912   -1.67891   -1.67824   -1.67810   -1.67806   -1.67757
  -1.67726   -1.67692   -1.67680   -1.67625   -1.67604   -1.67537   -1.67472   -1.67437
  -1.67388   -1.67374   -1.67372   -1.67339   -1.67265   -1.67230   -1.67192   -1.67161
  -1.67080   -1.67077   -1.66908   -1.66826   -1.66599   -1.66537   -1.65167   -1.65139
  -1.64875   -1.64860   -1.64852   -1.64759   -1.64758   -1.64504   -1.64471   -1.64448
  -0.67341   -0.67292   -0.67208   -0.67164   -0.67133   -0.67131   -0.67110   -0.67046
  -0.67044   -0.67024   -0.66664   -0.66551   -0.66493   -0.66471   -0.66458   -0.66437
  -0.66431   -0.66419   -0.66390   -0.66389   -0.66330   -0.66325   -0.66250   -0.66226
  -0.66222   -0.66171   -0.66160   -0.66079   -0.66076   -0.65982   -0.37499   -0.37434
  -0.37381   -0.37208   -0.37147   -0.36971   -0.34290   -0.33867   -0.19729   -0.19565
  -0.18556   -0.18493   -0.18120   -0.17887   -0.17805   -0.17779   -0.17743   -0.17679
  -0.15358   -0.15289   -0.12913   -0.12843   -0.11374   -0.10824   -0.10063   -0.09264
  -0.08623   -0.08397   -0.07742   -0.07679   -0.07276   -0.05887   -0.04927   -0.03892
  -0.02681   -0.02671   -0.02020   -0.01599   -0.01307   -0.00696   -0.00524   -0.00397
  -0.00005    0.00676    0.04017    0.04537    0.09967    0.10457    0.20877    0.21620
   0.22087    0.22329    0.22733    0.23003    0.24694    0.25124    0.27214
