 Eigenvalues (hartree) for nkpt=  57  k points:
 kpt#   1, nband=135, wtk=  1.00000, kpt=  0.5000  0.5000  0.0000 (reduced coord)
  -4.73299   -4.73299   -2.96877   -2.96877   -2.96848   -2.96847   -2.96694   -2.96694
  -1.68000   -1.67961   -1.67838   -1.67838   -1.67784   -1.67777   -1.67711   -1.67711
  -1.67596   -1.67557   -1.67557   -1.67527   -1.67464   -1.67394   -1.67377   -1.67377
  -1.67359   -1.67282   -1.67275   -1.67251   -1.67233   -1.67143   -1.67117   -1.67081
  -1.67026   -1.67026   -1.66987   -1.66860   -1.66606   -1.66606   -1.65268   -1.65122
  -1.64906   -1.64782   -1.64782   -1.64781   -1.64695   -1.64396   -1.64396   -1.64311
  -0.67378   -0.67324   -0.67178   -0.67124   -0.67116   -0.67116   -0.67100   -0.67037
  -0.67037   -0.67017   -0.66693   -0.66587   -0.66506   -0.66443   -0.66421   -0.66411
  -0.66407   -0.66407   -0.66382   -0.66382   -0.66324   -0.66319   -0.66242   -0.66207
  -0.66207   -0.66157   -0.66128   -0.66065   -0.66065   -0.65975   -0.37378   -0.37358
  -0.37178   -0.37133   -0.37059   -0.36871   -0.34162   -0.33738   -0.19734   -0.19734
  -0.18487   -0.18487   -0.17809   -0.17809   -0.17770   -0.17769   -0.17692   -0.17691
  -0.14701   -0.14647   -0.12011   -0.11983   -0.11037   -0.11037   -0.09475   -0.09475
  -0.09042   -0.08984   -0.08582   -0.08582   -0.07483   -0.07483   -0.05130   -0.05130
  -0.02876   -0.02876   -0.01786   -0.01786   -0.01512   -0.01511   -0.00777   -0.00768
  -0.00751   -0.00751    0.04266    0.04277    0.10182    0.10370    0.21376    0.21816
   0.22292    0.22292    0.22469    0.22501    0.24491    0.24491    0.27411
 kpt#   2, nband=135, wtk=  1.00000, kpt=  0.4500  0.4500  0.0500 (reduced coord)
  -4.73299   -4.73299   -2.96884   -2.96849   -2.96843   -2.96826   -2.96765   -2.96750
  -1.67994   -1.67976   -1.67874   -1.67840   -1.67801   -1.67795   -1.67766   -1.67736
  -1.67721   -1.67693   -1.67656   -1.67639   -1.67580   -1.67513   -1.67463   -1.67413
  -1.67401   -1.67382   -1.67325   -1.67277   -1.67237   -1.67212   -1.67198   -1.67154
  -1.67103   -1.67039   -1.66977   -1.66886   -1.66591   -1.66504   -1.65167   -1.65108
  -1.64890   -1.64824   -1.64815   -1.64754   -1.64751   -1.64498   -1.64468   -1.64448
  -0.67348   -0.67298   -0.67207   -0.67162   -0.67130   -0.67125   -0.67100   -0.67046
  -0.67042   -0.67016   -0.66671   -0.66558   -0.66493   -0.66480   -0.66459   -0.66426
  -0.66425   -0.66412   -0.66391   -0.66386   -0.66327   -0.66323   -0.66241   -0.66223
  -0.66215   -0.66168   -0.66165   -0.66076   -0.66075   -0.65973   -0.37453   -0.37376
  -0.37336   -0.37155   -0.37141   -0.36941   -0.34245   -0.33822   -0.19741   -0.19614
  -0.18504   -0.18484   -0.18058   -0.17867   -0.17779   -0.17756   -0.17753   -0.17710
  -0.15151   -0.15093   -0.12663   -0.12617   -0.11231   -0.10901   -0.09750   -0.09340
  -0.08609   -0.08459   -0.08262   -0.08152   -0.07350   -0.06401   -0.05000   -0.04304
  -0.02751   -0.02639   -0.01796   -0.01666   -0.01423   -0.01069   -0.00605   -0.00562
  -0.00513    0.00383    0.04097    0.04440    0.10058    0.10408    0.21065    0.21666
   0.22100    0.22317    0.22635    0.22876    0.24616    0.24918    0.27279
 kpt#   3, nband=135, wtk=  1.00000, kpt=  0.4000  0.4000  0.1000 (reduced coord)
  -4.73300   -4.73299   -2.96949   -2.96873   -2.96852   -2.96804   -2.96796   -2.96774
  -1.68085   -1.68016   -1.67964   -1.67912   -1.67879   -1.67867   -1.67801   -1.67781
  -1.67771   -1.67750   -1.67723   -1.67647   -1.67632   -1.67572   -1.67521   -1.67518
  -1.67491   -1.67396   -1.67375   -1.67334   -1.67278   -1.67268   -1.67254   -1.67203
  -1.67161   -1.67092   -1.67057   -1.66914   -1.66734   -1.66613   -1.65229   -1.65168
  -1.64974   -1.64957   -1.64873   -1.64846   -1.64786   -1.64594   -1.64561   -1.64498
  -0.67347   -0.67304   -0.67214   -0.67178   -0.67141   -0.67133   -0.67114   -0.67057
  -0.67048   -0.67030   -0.66668   -0.66561   -0.66508   -0.66480   -0.66473   -0.66439
  -0.66436   -0.66427   -0.66404   -0.66393   -0.66341   -0.66338   -0.66256   -0.66235
  -0.66220   -0.66188   -0.66165   -0.66090   -0.66080   -0.65987   -0.37850   -0.37690
  -0.37476   -0.37402   -0.37200   -0.37035   -0.34469   -0.34048   -0.19795   -0.19372
  -0.18625   -0.18501   -0.18287   -0.17936   -0.17874   -0.17838   -0.17746   -0.17735
  -0.16023   -0.15878   -0.13661   -0.13452   -0.11807   -0.11067   -0.10496   -0.08939
  -0.08670   -0.08155   -0.06956   -0.05919   -0.05896   -0.04615   -0.04033   -0.03085
  -0.02609   -0.02427   -0.02381   -0.01313   -0.00791   -0.00172    0.00110    0.00963
   0.01557    0.01950    0.03837    0.04984    0.09578    0.10702    0.20163    0.21553
   0.22187    0.22380    0.23106    0.23344    0.24999    0.25858    0.26629
 kpt#   4, nband=135, wtk=  1.00000, kpt=  0.3500  0.3500  0.1500 (reduced coord)
  -4.73300   -4.73299   -2.96947   -2.96879   -2.96833   -2.96782   -2.96781   -2.96729
  -1.68031   -1.68007   -1.67932   -1.67895   -1.67860   -1.67800   -1.67792   -1.67733
  -1.67700   -1.67658   -1.67645   -1.67610   -1.67556   -1.67522   -1.67465   -1.67450
  -1.67390   -1.67335   -1.67326   -1.67263   -1.67232   -1.67202   -1.67173   -1.67125
  -1.67110   -1.67082   -1.66963   -1.66816   -1.66728   -1.66667   -1.65184   -1.65062
  -1.64946   -1.64922   -1.64874   -1.64793   -1.64697   -1.64541   -1.64514   -1.64503
  -0.67323   -0.67298   -0.67203   -0.67166   -0.67128   -0.67125   -0.67113   -0.67047
  -0.67043   -0.67029   -0.66641   -0.66554   -0.66502   -0.66462   -0.66452   -0.66435
  -0.66420   -0.66415   -0.66394   -0.66394   -0.66340   -0.66334   -0.66252   -0.66226
  -0.66216   -0.66190   -0.66134   -0.66079   -0.66076   -0.65985   -0.38612   -0.38053
  -0.38024   -0.37444   -0.37438   -0.37033   -0.34767   -0.34350   -0.19819   -0.18962
  -0.18688   -0.18489   -0.18459   -0.18023   -0.17963   -0.17900   -0.17708   -0.17614
  -0.16760   -0.16458   -0.14486   -0.13978   -0.12225   -0.12006   -0.09840   -0.08651
  -0.08290   -0.07619   -0.06318   -0.04042   -0.03993   -0.03322   -0.03140   -0.02993
  -0.01783   -0.01073   -0.00746   -0.00638    0.00148    0.00524    0.00987    0.02664
   0.03540    0.03950    0.05496    0.06161    0.09039    0.11219    0.19030    0.21742
   0.22417    0.22739    0.23527    0.23688    0.23778    0.24378    0.24797
 kpt#   5, nband=135, wtk=  1.00000, kpt=  0.3000  0.3000  0.2000 (reduced coord)
  -4.73300   -4.73299   -2.96923   -2.96890   -2.96806   -2.96800   -2.96782   -2.96773
  -1.68092   -1.68091   -1.67981   -1.67942   -1.67890   -1.67889   -1.67796   -1.67781
  -1.67735   -1.67703   -1.67621   -1.67576   -1.67565   -1.67540   -1.67489   -1.67465
  -1.67440   -1.67374   -1.67346   -1.67272   -1.67259   -1.67180   -1.67153   -1.67052
  -1.67032   -1.66977   -1.66945   -1.66800   -1.66786   -1.66634   -1.65354   -1.64993
  -1.64958   -1.64938   -1.64889   -1.64876   -1.64558   -1.64551   -1.64503   -1.64491
  -0.67317   -0.67298   -0.67202   -0.67184   -0.67133   -0.67126   -0.67101   -0.67046
  -0.67044   -0.67017   -0.66637   -0.66555   -0.66507   -0.66477   -0.66448   -0.66436
  -0.66420   -0.66417   -0.66395   -0.66390   -0.66347   -0.66322   -0.66241   -0.66222
  -0.66220   -0.66197   -0.66145   -0.66078   -0.66078   -0.65972   -0.39498   -0.38713
  -0.38500   -0.37827   -0.37487   -0.37041   -0.35069   -0.34662   -0.19828   -0.18763
  -0.18742   -0.18688   -0.18502   -0.18257   -0.17921   -0.17906   -0.17682   -0.17585
  -0.17137   -0.16698   -0.14925   -0.14225   -0.12722   -0.11755   -0.08960   -0.08534
  -0.07420   -0.06889   -0.05466   -0.05100   -0.03334   -0.03164   -0.01358   -0.00992
  -0.00346   -0.00000    0.00068    0.01438    0.01725    0.01961    0.01999    0.03645
   0.05382    0.06311    0.08341    0.08525    0.09301    0.12031    0.18025    0.19948
   0.20641    0.21557    0.22279    0.22508    0.22668    0.23119    0.24267
 kpt#   6, nband=135, wtk=  1.00000, kpt=  0.2500  0.2500  0.2500 (reduced coord)
  -4.73300   -4.73298   -2.96902   -2.96866   -2.96835   -2.96787   -2.96759   -2.96756
  -1.68054   -1.68042   -1.67959   -1.67942   -1.67849   -1.67798   -1.67751   -1.67717
  -1.67682   -1.67679   -1.67604   -1.67601   -1.67525   -1.67517   -1.67459   -1.67381
  -1.67349   -1.67326   -1.67231   -1.67230   -1.67185   -1.67167   -1.67124   -1.67073
  -1.66999   -1.66982   -1.66901   -1.66805   -1.66799   -1.66682   -1.65247   -1.64956
  -1.64950   -1.64860   -1.64823   -1.64814   -1.64573   -1.64523   -1.64483   -1.64442
  -0.67308   -0.67265   -0.67193   -0.67162   -0.67132   -0.67120   -0.67115   -0.67043
  -0.67039   -0.67029   -0.66605   -0.66550   -0.66499   -0.66454   -0.66451   -0.66423
  -0.66412   -0.66409   -0.66390   -0.66380   -0.66345   -0.66337   -0.66263   -0.66212
  -0.66211   -0.66196   -0.66105   -0.66069   -0.66069   -0.65993   -0.40395   -0.39451
  -0.38982   -0.38303   -0.37541   -0.37117   -0.35327   -0.34934   -0.19770   -0.18839
  -0.18743   -0.18723   -0.18492   -0.18346   -0.17962   -0.17868   -0.17637   -0.17576
  -0.17095   -0.16603   -0.14854   -0.14277   -0.12480   -0.11019   -0.08330   -0.07902
  -0.06376   -0.06131   -0.05890   -0.04444   -0.03173   -0.02178   -0.01138   -0.00058
  -0.00039    0.00874    0.02497    0.02511    0.02839    0.03514    0.04264    0.04477
   0.07207    0.09027    0.09808    0.10244    0.11135    0.13360    0.17076    0.17924
   0.18369    0.18962    0.19912    0.21227    0.21727    0.22266    0.22397
 kpt#   7, nband=135, wtk=  1.00000, kpt=  0.2000  0.2000  0.3000 (reduced coord)
  -4.73300   -4.73298   -2.96916   -2.96824   -2.96814   -2.96794   -2.96781   -2.96679
  -1.68131   -1.68046   -1.67973   -1.67972   -1.67910   -1.67785   -1.67753   -1.67667
  -1.67645   -1.67639   -1.67549   -1.67490   -1.67486   -1.67404   -1.67363   -1.67316
  -1.67309   -1.67235   -1.67217   -1.67181   -1.67117   -1.67117   -1.67077   -1.67071
  -1.66982   -1.66889   -1.66829   -1.66743   -1.66678   -1.66427   -1.65214   -1.64963
  -1.64951   -1.64909   -1.64762   -1.64638   -1.64563   -1.64508   -1.64501   -1.64209
  -0.67340   -0.67210   -0.67175   -0.67143   -0.67129   -0.67124   -0.67081   -0.67053
  -0.67038   -0.67033   -0.66615   -0.66526   -0.66465   -0.66464   -0.66423   -0.66421
  -0.66412   -0.66392   -0.66391   -0.66372   -0.66352   -0.66303   -0.66279   -0.66216
  -0.66214   -0.66202   -0.66072   -0.66071   -0.66036   -0.66007   -0.41215   -0.40150
  -0.39451   -0.38802   -0.37601   -0.37277   -0.35525   -0.35142   -0.19690   -0.19001
  -0.18898   -0.18810   -0.18685   -0.18089   -0.17856   -0.17712   -0.17698   -0.17540
  -0.16655   -0.16191   -0.14293   -0.13994   -0.11653   -0.09900   -0.08099   -0.06981
  -0.06735   -0.05226   -0.04658   -0.03325   -0.02695   -0.01975   -0.01105    0.00949
   0.01063    0.01805    0.02785    0.03649    0.03804    0.04395    0.04954    0.05262
   0.07409    0.09591    0.09871    0.10858    0.11996    0.14082    0.16755    0.17045
   0.19015    0.19142    0.19225    0.20314    0.20472    0.21008    0.21629
 kpt#   8, nband=135, wtk=  1.00000, kpt=  0.1500  0.1500  0.3500 (reduced coord)
  -4.73300   -4.73298   -2.96982   -2.96832   -2.96803   -2.96778   -2.96764   -2.96764
  -1.68117   -1.68055   -1.68016   -1.67977   -1.67944   -1.67838   -1.67734   -1.67672
  -1.67655   -1.67634   -1.67570   -1.67557   -1.67541   -1.67519   -1.67493   -1.67407
  -1.67364   -1.67347   -1.67273   -1.67258   -1.67232   -1.67179   -1.67172   -1.67113
  -1.67059   -1.66991   -1.66903   -1.66793   -1.66699   -1.66646   -1.65208   -1.65183
  -1.64876   -1.64874   -1.64835   -1.64810   -1.64742   -1.64472   -1.64466   -1.64426
  -0.67359   -0.67222   -0.67200   -0.67189   -0.67133   -0.67105   -0.67095   -0.67093
  -0.67021   -0.67013   -0.66630   -0.66526   -0.66521   -0.66495   -0.66427   -0.66426
  -0.66410   -0.66398   -0.66392   -0.66363   -0.66358   -0.66338   -0.66319   -0.66226
  -0.66206   -0.66190   -0.66067   -0.66055   -0.66049   -0.66046   -0.41899   -0.40748
  -0.39863   -0.39258   -0.37662   -0.37484   -0.35679   -0.35275   -0.19611   -0.19103
  -0.19079   -0.19028   -0.18941   -0.18043   -0.17807   -0.17804   -0.17717   -0.17381
  -0.15895   -0.15498   -0.13389   -0.13284   -0.10460   -0.08593   -0.07874   -0.07402
  -0.05560   -0.04073   -0.03259   -0.02666   -0.02209   -0.01950   -0.00046    0.01818
   0.01933    0.02045    0.02703    0.03982    0.04243    0.04751    0.04786    0.04801
   0.05224    0.07103    0.09622    0.10025    0.10905    0.12734    0.17827    0.18510
   0.19312    0.19357    0.20135    0.20667    0.22036    0.22114    0.23664
 kpt#   9, nband=135, wtk=  1.00000, kpt=  0.1000  0.1000  0.4000 (reduced coord)
  -4.73300   -4.73299   -2.97008   -2.96950   -2.96796   -2.96776   -2.96769   -2.96728
  -1.68157   -1.68086   -1.68072   -1.68055   -1.68008   -1.67923   -1.67833   -1.67806
  -1.67736   -1.67714   -1.67671   -1.67650   -1.67521   -1.67519   -1.67506   -1.67427
  -1.67417   -1.67367   -1.67350   -1.67335   -1.67269   -1.67261   -1.67224   -1.67146
  -1.67115   -1.67033   -1.67033   -1.66952   -1.66622   -1.66598   -1.65263   -1.65236
  -1.64992   -1.64899   -1.64895   -1.64830   -1.64814   -1.64557   -1.64450   -1.64421
  -0.67387   -0.67222   -0.67216   -0.67197   -0.67149   -0.67118   -0.67113   -0.67099
  -0.67014   -0.67014   -0.66654   -0.66541   -0.66524   -0.66498   -0.66446   -0.66434
  -0.66419   -0.66414   -0.66411   -0.66359   -0.66353   -0.66349   -0.66340   -0.66217
  -0.66207   -0.66203   -0.66083   -0.66063   -0.66052   -0.66052   -0.42407   -0.41199
  -0.40182   -0.39617   -0.37713   -0.37679   -0.35802   -0.35348   -0.19571   -0.19269
  -0.19213   -0.19149   -0.19116   -0.18035   -0.18001   -0.17775   -0.17538   -0.17277
  -0.14968   -0.14658   -0.12378   -0.12217   -0.09104   -0.08041   -0.07679   -0.06460
  -0.04517   -0.03054   -0.03052   -0.01822   -0.01227   -0.01138    0.00347    0.00861
   0.00875    0.02341    0.02777    0.02858    0.03465    0.03741    0.04974    0.05428
   0.05687    0.05782    0.07287    0.07734    0.09958    0.11448    0.16316    0.17597
   0.19103    0.21232    0.21827    0.23038    0.23601    0.24136    0.24391
 kpt#  10, nband=135, wtk=  1.00000, kpt=  0.0500  0.0500  0.4500 (reduced coord)
  -4.73300   -4.73299   -2.97027   -2.97009   -2.96782   -2.96767   -2.96750   -2.96735
  -1.68174   -1.68173   -1.68122   -1.68010   -1.67970   -1.67944   -1.67912   -1.67904
  -1.67859   -1.67841   -1.67798   -1.67696   -1.67645   -1.67611   -1.67610   -1.67576
  -1.67522   -1.67502   -1.67360   -1.67311   -1.67242   -1.67170   -1.67159   -1.67130
  -1.67040   -1.67028   -1.66972   -1.66937   -1.66562   -1.66501   -1.65289   -1.65237
  -1.65028   -1.64919   -1.64918   -1.64800   -1.64774   -1.64626   -1.64451   -1.64385
  -0.67425   -0.67247   -0.67216   -0.67204   -0.67138   -0.67123   -0.67110   -0.67102
  -0.67011   -0.67005   -0.66690   -0.66558   -0.66538   -0.66488   -0.66457   -0.66439
  -0.66420   -0.66418   -0.66413   -0.66364   -0.66354   -0.66346   -0.66340   -0.66211
  -0.66208   -0.66198   -0.66080   -0.66071   -0.66050   -0.66043   -0.42719   -0.41479
  -0.40384   -0.39844   -0.37820   -0.37740   -0.35885   -0.35383   -0.19560   -0.19351
  -0.19333   -0.19283   -0.19246   -0.18025   -0.17991   -0.17800   -0.17376   -0.17195
  -0.14148   -0.13949   -0.11563   -0.11068   -0.07902   -0.07721   -0.07535   -0.04922
  -0.03780   -0.03216   -0.02333   -0.01490   -0.01277   -0.00635   -0.00539   -0.00436
   0.00533    0.01511    0.02346    0.03354    0.03403    0.03982    0.04142    0.05052
   0.05253    0.05479    0.06400    0.06460    0.09745    0.10767    0.14550    0.16446
   0.19660    0.19985    0.21565    0.23013    0.24559    0.25812    0.26529
 kpt#  11, nband=135, wtk=  1.00000, kpt=  0.0000  0.0000  0.5000 (reduced coord)
  -4.73300   -4.73299   -2.97090   -2.97090   -2.96787   -2.96787   -2.96778   -2.96766
  -1.68437   -1.68317   -1.68210   -1.68171   -1.68158   -1.68158   -1.68092   -1.68053
  -1.67944   -1.67902   -1.67807   -1.67807   -1.67793   -1.67776   -1.67775   -1.67775
  -1.67731   -1.67725   -1.67427   -1.67398   -1.67307   -1.67236   -1.67236   -1.67176
  -1.67086   -1.67066   -1.66935   -1.66935   -1.66644   -1.66644   -1.65496   -1.65415
  -1.65184   -1.65065   -1.65039   -1.64855   -1.64855   -1.64782   -1.64471   -1.64471
  -0.67454   -0.67291   -0.67255   -0.67223   -0.67148   -0.67145   -0.67116   -0.67116
  -0.67008   -0.67008   -0.66722   -0.66602   -0.66573   -0.66510   -0.66478   -0.66460
  -0.66444   -0.66425   -0.66425   -0.66391   -0.66387   -0.66348   -0.66348   -0.66232
  -0.66204   -0.66204   -0.66110   -0.66098   -0.66050   -0.66050   -0.42824   -0.41573
  -0.40453   -0.39921   -0.37869   -0.37754   -0.35914   -0.35393   -0.19603   -0.19464
  -0.19370   -0.19357   -0.19357   -0.18008   -0.18008   -0.17881   -0.17448   -0.17313
  -0.13810   -0.13670   -0.11239   -0.10498   -0.07593   -0.07398   -0.07317   -0.04141
  -0.03511   -0.03511   -0.02118   -0.02072   -0.02072   -0.00292   -0.00292   -0.00151
  -0.00151    0.01739    0.01739    0.03560    0.03560    0.03987    0.04165    0.04165
   0.04419    0.05085    0.06701    0.06701    0.09741    0.10557    0.13846    0.15983
   0.19364    0.20025    0.21516    0.22540    0.24120    0.26240    0.26521
 kpt#  12, nband=135, wtk=  1.00000, kpt=  0.0000  0.0000  0.4583 (reduced coord)
  -4.73300   -4.73299   -2.97046   -2.97046   -2.96800   -2.96800   -2.96781   -2.96773
  -1.68438   -1.68341   -1.68198   -1.68198   -1.68189   -1.68116   -1.68034   -1.68020
  -1.67966   -1.67894   -1.67872   -1.67872   -1.67821   -1.67765   -1.67748   -1.67722
  -1.67718   -1.67718   -1.67291   -1.67268   -1.67268   -1.67268   -1.67208   -1.67077
  -1.66997   -1.66989   -1.66959   -1.66959   -1.66570   -1.66570   -1.65467   -1.65397
  -1.65166   -1.64981   -1.64949   -1.64840   -1.64840   -1.64777   -1.64460   -1.64460
  -0.67460   -0.67285   -0.67248   -0.67217   -0.67136   -0.67136   -0.67118   -0.67118
  -0.67008   -0.67008   -0.66723   -0.66593   -0.66566   -0.66508   -0.66475   -0.66443
  -0.66434   -0.66428   -0.66428   -0.66390   -0.66377   -0.66346   -0.66346   -0.66225
  -0.66204   -0.66204   -0.66101   -0.66086   -0.66048   -0.66048   -0.42824   -0.41573
  -0.40453   -0.39921   -0.37869   -0.37752   -0.35914   -0.35394   -0.19616   -0.19374
  -0.19364   -0.19350   -0.19350   -0.18009   -0.18009   -0.17877   -0.17488   -0.17236
  -0.13811   -0.13670   -0.11239   -0.10498   -0.07592   -0.07398   -0.07317   -0.04142
  -0.03511   -0.03511   -0.02118   -0.02072   -0.02072   -0.00292   -0.00292   -0.00152
  -0.00152    0.01739    0.01739    0.03560    0.03560    0.03988    0.04165    0.04165
   0.04419    0.05096    0.06702    0.06702    0.09741    0.10557    0.13846    0.15982
   0.19369    0.20025    0.21519    0.22539    0.24122    0.26263    0.26522
 kpt#  13, nband=135, wtk=  1.00000, kpt=  0.0000  0.0000  0.4167 (reduced coord)
  -4.73300   -4.73299   -2.97035   -2.97035   -2.96803   -2.96800   -2.96800   -2.96779
  -1.68433   -1.68307   -1.68223   -1.68223   -1.68166   -1.68076   -1.68052   -1.68000
  -1.67989   -1.67989   -1.67948   -1.67824   -1.67810   -1.67766   -1.67727   -1.67710
  -1.67688   -1.67688   -1.67312   -1.67312   -1.67279   -1.67268   -1.67210   -1.67086
  -1.66993   -1.66992   -1.66952   -1.66952   -1.66593   -1.66593   -1.65402   -1.65388
  -1.65190   -1.64954   -1.64951   -1.64867   -1.64867   -1.64790   -1.64473   -1.64473
  -0.67465   -0.67287   -0.67232   -0.67218   -0.67137   -0.67130   -0.67123   -0.67123
  -0.67011   -0.67011   -0.66727   -0.66594   -0.66551   -0.66511   -0.66476   -0.66444
  -0.66433   -0.66433   -0.66431   -0.66391   -0.66363   -0.66350   -0.66350   -0.66226
  -0.66209   -0.66209   -0.66102   -0.66078   -0.66052   -0.66052   -0.42824   -0.41573
  -0.40453   -0.39921   -0.37869   -0.37752   -0.35915   -0.35394   -0.19616   -0.19381
  -0.19378   -0.19375   -0.19375   -0.18010   -0.18010   -0.17880   -0.17489   -0.17163
  -0.13810   -0.13670   -0.11239   -0.10499   -0.07593   -0.07398   -0.07317   -0.04141
  -0.03511   -0.03511   -0.02118   -0.02071   -0.02071   -0.00292   -0.00292   -0.00152
  -0.00152    0.01739    0.01739    0.03560    0.03560    0.03989    0.04165    0.04165
   0.04419    0.05095    0.06699    0.06699    0.09741    0.10557    0.13846    0.15982
   0.19367    0.20023    0.21525    0.22539    0.24120    0.26260    0.26522
 kpt#  14, nband=135, wtk=  1.00000, kpt=  0.0000  0.0000  0.3750 (reduced coord)
  -4.73300   -4.73299   -2.97023   -2.97023   -2.96800   -2.96800   -2.96758   -2.96756
  -1.68427   -1.68263   -1.68201   -1.68201   -1.68163   -1.68049   -1.67999   -1.67985
  -1.67985   -1.67931   -1.67818   -1.67796   -1.67771   -1.67725   -1.67709   -1.67701
  -1.67633   -1.67633   -1.67267   -1.67247   -1.67236   -1.67236   -1.67208   -1.67039
  -1.66975   -1.66960   -1.66942   -1.66942   -1.66423   -1.66423   -1.65390   -1.65368
  -1.65097   -1.64947   -1.64942   -1.64797   -1.64797   -1.64678   -1.64373   -1.64373
  -0.67447   -0.67286   -0.67232   -0.67206   -0.67135   -0.67127   -0.67120   -0.67120
  -0.66998   -0.66998   -0.66713   -0.66594   -0.66550   -0.66499   -0.66458   -0.66443
  -0.66431   -0.66431   -0.66428   -0.66390   -0.66361   -0.66329   -0.66329   -0.66212
  -0.66205   -0.66205   -0.66101   -0.66076   -0.66036   -0.66036   -0.42824   -0.41573
  -0.40453   -0.39921   -0.37869   -0.37752   -0.35914   -0.35394   -0.19616   -0.19373
  -0.19332   -0.19315   -0.19315   -0.18007   -0.18007   -0.17839   -0.17489   -0.17151
  -0.13810   -0.13670   -0.11238   -0.10498   -0.07589   -0.07396   -0.07315   -0.04141
  -0.03511   -0.03511   -0.02116   -0.02071   -0.02071   -0.00292   -0.00292   -0.00151
  -0.00151    0.01740    0.01740    0.03560    0.03560    0.03991    0.04165    0.04165
   0.04419    0.05095    0.06707    0.06707    0.09742    0.10558    0.13848    0.15981
   0.19370    0.20021    0.21536    0.22539    0.24119    0.26259    0.26522
 kpt#  15, nband=135, wtk=  1.00000, kpt=  0.0000  0.0000  0.3333 (reduced coord)
  -4.73300   -4.73299   -2.97018   -2.97018   -2.96800   -2.96800   -2.96756   -2.96721
  -1.68426   -1.68251   -1.68160   -1.68160   -1.68156   -1.68046   -1.67998   -1.67900
  -1.67876   -1.67876   -1.67819   -1.67795   -1.67733   -1.67724   -1.67707   -1.67634
  -1.67634   -1.67558   -1.67264   -1.67229   -1.67229   -1.67226   -1.67206   -1.66977
  -1.66959   -1.66942   -1.66923   -1.66923   -1.66424   -1.66424   -1.65391   -1.65368
  -1.65050   -1.64947   -1.64939   -1.64781   -1.64781   -1.64577   -1.64346   -1.64346
  -0.67428   -0.67286   -0.67231   -0.67205   -0.67135   -0.67127   -0.67112   -0.67112
  -0.66997   -0.66997   -0.66698   -0.66594   -0.66549   -0.66490   -0.66447   -0.66443
  -0.66427   -0.66423   -0.66423   -0.66390   -0.66361   -0.66329   -0.66329   -0.66210
  -0.66198   -0.66198   -0.66101   -0.66076   -0.66034   -0.66034   -0.42824   -0.41573
  -0.40453   -0.39921   -0.37869   -0.37752   -0.35913   -0.35392   -0.19616   -0.19373
  -0.19332   -0.19288   -0.19288   -0.18006   -0.18006   -0.17772   -0.17489   -0.17148
  -0.13810   -0.13670   -0.11238   -0.10497   -0.07589   -0.07395   -0.07315   -0.04141
  -0.03511   -0.03511   -0.02116   -0.02071   -0.02071   -0.00292   -0.00292   -0.00151
  -0.00151    0.01740    0.01740    0.03560    0.03560    0.03992    0.04165    0.04165
   0.04419    0.05094    0.06711    0.06711    0.09742    0.10559    0.13850    0.15979
   0.19368    0.20018    0.21550    0.22539    0.24119    0.26258    0.26521
 kpt#  16, nband=135, wtk=  1.00000, kpt=  0.0000  0.0000  0.2917 (reduced coord)
  -4.73300   -4.73299   -2.97030   -2.97030   -2.96806   -2.96806   -2.96767   -2.96723
  -1.68480   -1.68254   -1.68254   -1.68237   -1.68171   -1.68061   -1.67995   -1.67903
  -1.67880   -1.67880   -1.67846   -1.67801   -1.67774   -1.67758   -1.67732   -1.67645
  -1.67645   -1.67557   -1.67334   -1.67334   -1.67312   -1.67235   -1.67225   -1.67000
  -1.66970   -1.66955   -1.66955   -1.66945   -1.66437   -1.66437   -1.65414   -1.65394
  -1.65049   -1.64951   -1.64947   -1.64798   -1.64798   -1.64575   -1.64365   -1.64365
  -0.67428   -0.67293   -0.67235   -0.67205   -0.67139   -0.67131   -0.67119   -0.67119
  -0.67003   -0.67003   -0.66698   -0.66600   -0.66553   -0.66490   -0.66447   -0.66445
  -0.66432   -0.66432   -0.66431   -0.66392   -0.66365   -0.66333   -0.66333   -0.66209
  -0.66203   -0.66203   -0.66104   -0.66079   -0.66039   -0.66039   -0.42824   -0.41573
  -0.40453   -0.39921   -0.37869   -0.37752   -0.35914   -0.35392   -0.19616   -0.19387
  -0.19334   -0.19306   -0.19306   -0.18028   -0.18028   -0.17768   -0.17501   -0.17174
  -0.13810   -0.13670   -0.11238   -0.10497   -0.07590   -0.07395   -0.07314   -0.04141
  -0.03511   -0.03511   -0.02116   -0.02071   -0.02071   -0.00291   -0.00291   -0.00154
  -0.00154    0.01740    0.01740    0.03560    0.03560    0.03992    0.04165    0.04165
   0.04419    0.05091    0.06710    0.06710    0.09742    0.10560    0.13851    0.15978
   0.19366    0.20014    0.21566    0.22531    0.24114    0.26256    0.26520
 kpt#  17, nband=135, wtk=  1.00000, kpt=  0.0000  0.0000  0.2500 (reduced coord)
  -4.73300   -4.73299   -2.97026   -2.97026   -2.96811   -2.96811   -2.96734   -2.96732
  -1.68495   -1.68256   -1.68256   -1.68169   -1.68133   -1.68102   -1.68057   -1.67918
  -1.67901   -1.67857   -1.67857   -1.67788   -1.67783   -1.67763   -1.67752   -1.67581
  -1.67533   -1.67533   -1.67335   -1.67335   -1.67308   -1.67235   -1.67233   -1.67025
  -1.67004   -1.66944   -1.66919   -1.66919   -1.66397   -1.66397   -1.65440   -1.65389
  -1.65024   -1.64975   -1.64927   -1.64755   -1.64755   -1.64608   -1.64291   -1.64291
  -0.67417   -0.67307   -0.67234   -0.67221   -0.67141   -0.67129   -0.67112   -0.67112
  -0.66998   -0.66998   -0.66681   -0.66609   -0.66552   -0.66494   -0.66451   -0.66446
  -0.66429   -0.66424   -0.66424   -0.66399   -0.66364   -0.66328   -0.66328   -0.66219
  -0.66195   -0.66195   -0.66107   -0.66077   -0.66032   -0.66032   -0.42824   -0.41573
  -0.40453   -0.39921   -0.37868   -0.37752   -0.35913   -0.35392   -0.19606   -0.19382
  -0.19288   -0.19284   -0.19284   -0.18005   -0.18005   -0.17822   -0.17544   -0.17174
  -0.13811   -0.13670   -0.11239   -0.10497   -0.07587   -0.07392   -0.07313   -0.04141
  -0.03511   -0.03511   -0.02115   -0.02071   -0.02071   -0.00291   -0.00291   -0.00152
  -0.00152    0.01740    0.01740    0.03560    0.03560    0.03996    0.04166    0.04166
   0.04419    0.05091    0.06712    0.06712    0.09741    0.10563    0.13847    0.15975
   0.19364    0.20006    0.21583    0.22530    0.24114    0.26257    0.26517
 kpt#  18, nband=135, wtk=  1.00000, kpt=  0.0000  0.0000  0.2083 (reduced coord)
  -4.73300   -4.73299   -2.97027   -2.97027   -2.96807   -2.96807   -2.96764   -2.96733
  -1.68467   -1.68165   -1.68144   -1.68144   -1.68129   -1.68082   -1.68061   -1.67936
  -1.67900   -1.67897   -1.67897   -1.67887   -1.67797   -1.67790   -1.67768   -1.67622
  -1.67617   -1.67617   -1.67391   -1.67391   -1.67312   -1.67303   -1.67227   -1.67042
  -1.66999   -1.66943   -1.66908   -1.66908   -1.66405   -1.66405   -1.65422   -1.65383
  -1.65070   -1.64974   -1.64928   -1.64755   -1.64755   -1.64655   -1.64312   -1.64312
  -0.67429   -0.67300   -0.67233   -0.67230   -0.67140   -0.67130   -0.67113   -0.67113
  -0.67000   -0.67000   -0.66693   -0.66606   -0.66551   -0.66499   -0.66462   -0.66444
  -0.66429   -0.66425   -0.66425   -0.66397   -0.66363   -0.66329   -0.66329   -0.66225
  -0.66197   -0.66197   -0.66106   -0.66077   -0.66035   -0.66035   -0.42824   -0.41573
  -0.40453   -0.39921   -0.37869   -0.37752   -0.35914   -0.35393   -0.19602   -0.19383
  -0.19341   -0.19284   -0.19284   -0.18021   -0.18021   -0.17823   -0.17527   -0.17174
  -0.13811   -0.13670   -0.11239   -0.10497   -0.07595   -0.07392   -0.07313   -0.04141
  -0.03511   -0.03511   -0.02116   -0.02071   -0.02071   -0.00291   -0.00291   -0.00151
  -0.00151    0.01740    0.01740    0.03560    0.03560    0.03996    0.04166    0.04166
   0.04419    0.05089    0.06712    0.06712    0.09741    0.10563    0.13847    0.15973
   0.19361    0.19999    0.21599    0.22531    0.24113    0.26257    0.26518
 kpt#  19, nband=135, wtk=  1.00000, kpt=  0.0000  0.0000  0.1667 (reduced coord)
  -4.73300   -4.73299   -2.97027   -2.97027   -2.96771   -2.96769   -2.96769   -2.96733
  -1.68202   -1.68126   -1.68108   -1.68108   -1.68073   -1.67996   -1.67953   -1.67945
  -1.67884   -1.67876   -1.67876   -1.67819   -1.67747   -1.67728   -1.67672   -1.67617
  -1.67563   -1.67563   -1.67373   -1.67373   -1.67344   -1.67232   -1.67222   -1.67033
  -1.66982   -1.66927   -1.66920   -1.66920   -1.66406   -1.66406   -1.65341   -1.65317
  -1.65065   -1.64941   -1.64901   -1.64743   -1.64743   -1.64653   -1.64293   -1.64293
  -0.67421   -0.67276   -0.67235   -0.67222   -0.67134   -0.67120   -0.67111   -0.67111
  -0.66995   -0.66995   -0.66687   -0.66589   -0.66541   -0.66502   -0.66461   -0.66437
  -0.66424   -0.66424   -0.66418   -0.66385   -0.66356   -0.66327   -0.66327   -0.66227
  -0.66194   -0.66194   -0.66098   -0.66069   -0.66031   -0.66031   -0.42824   -0.41573
  -0.40453   -0.39921   -0.37868   -0.37752   -0.35914   -0.35392   -0.19543   -0.19383
  -0.19336   -0.19285   -0.19285   -0.17999   -0.17999   -0.17823   -0.17443   -0.17174
  -0.13811   -0.13670   -0.11239   -0.10497   -0.07596   -0.07392   -0.07312   -0.04141
  -0.03511   -0.03511   -0.02116   -0.02071   -0.02071   -0.00291   -0.00291   -0.00151
  -0.00151    0.01740    0.01740    0.03560    0.03560    0.03996    0.04166    0.04166
   0.04419    0.05088    0.06712    0.06712    0.09741    0.10563    0.13849    0.15971
   0.19360    0.19994    0.21614    0.22532    0.24113    0.26257    0.26514
 kpt#  20, nband=135, wtk=  1.00000, kpt=  0.0000  0.0000  0.1250 (reduced coord)
  -4.73300   -4.73299   -2.97027   -2.97027   -2.96770   -2.96769   -2.96769   -2.96734
  -1.68202   -1.68126   -1.68109   -1.68109   -1.68074   -1.67997   -1.67954   -1.67947
  -1.67885   -1.67878   -1.67878   -1.67820   -1.67748   -1.67728   -1.67672   -1.67616
  -1.67564   -1.67564   -1.67373   -1.67373   -1.67343   -1.67232   -1.67220   -1.67033
  -1.66983   -1.66926   -1.66920   -1.66920   -1.66406   -1.66406   -1.65341   -1.65317
  -1.65065   -1.64942   -1.64901   -1.64743   -1.64743   -1.64653   -1.64293   -1.64293
  -0.67422   -0.67276   -0.67234   -0.67222   -0.67134   -0.67120   -0.67111   -0.67111
  -0.66996   -0.66996   -0.66688   -0.66589   -0.66541   -0.66501   -0.66461   -0.66437
  -0.66423   -0.66423   -0.66418   -0.66385   -0.66356   -0.66327   -0.66327   -0.66227
  -0.66194   -0.66194   -0.66098   -0.66069   -0.66032   -0.66032   -0.42824   -0.41573
  -0.40453   -0.39921   -0.37868   -0.37752   -0.35914   -0.35392   -0.19543   -0.19383
  -0.19335   -0.19285   -0.19285   -0.17999   -0.17999   -0.17824   -0.17443   -0.17174
  -0.13811   -0.13670   -0.11239   -0.10497   -0.07596   -0.07392   -0.07312   -0.04141
  -0.03511   -0.03511   -0.02116   -0.02071   -0.02071   -0.00291   -0.00291   -0.00151
  -0.00151    0.01740    0.01740    0.03560    0.03560    0.03997    0.04166    0.04166
   0.04420    0.05086    0.06712    0.06712    0.09741    0.10564    0.13849    0.15969
   0.19359    0.19991    0.21628    0.22532    0.24113    0.26256    0.26513
 kpt#  21, nband=135, wtk=  1.00000, kpt=  0.0000  0.0000  0.0833 (reduced coord)
  -4.73300   -4.73299   -2.97041   -2.97041   -2.96770   -2.96769   -2.96769   -2.96753
  -1.68204   -1.68128   -1.68126   -1.68126   -1.68087   -1.67998   -1.67959   -1.67948
  -1.67892   -1.67892   -1.67885   -1.67820   -1.67753   -1.67748   -1.67681   -1.67617
  -1.67564   -1.67564   -1.67388   -1.67388   -1.67343   -1.67258   -1.67221   -1.67034
  -1.67017   -1.66988   -1.66969   -1.66969   -1.66507   -1.66507   -1.65342   -1.65341
  -1.65066   -1.64950   -1.64944   -1.64844   -1.64844   -1.64653   -1.64329   -1.64329
  -0.67422   -0.67277   -0.67234   -0.67224   -0.67135   -0.67128   -0.67113   -0.67113
  -0.67005   -0.67005   -0.66689   -0.66589   -0.66545   -0.66501   -0.66462   -0.66437
  -0.66426   -0.66424   -0.66424   -0.66385   -0.66359   -0.66340   -0.66340   -0.66227
  -0.66199   -0.66199   -0.66099   -0.66076   -0.66041   -0.66041   -0.42824   -0.41573
  -0.40453   -0.39921   -0.37868   -0.37752   -0.35914   -0.35392   -0.19544   -0.19384
  -0.19335   -0.19329   -0.19329   -0.17999   -0.17999   -0.17825   -0.17443   -0.17210
  -0.13811   -0.13670   -0.11239   -0.10497   -0.07597   -0.07392   -0.07312   -0.04141
  -0.03511   -0.03511   -0.02116   -0.02071   -0.02071   -0.00291   -0.00291   -0.00151
  -0.00151    0.01740    0.01740    0.03560    0.03560    0.03998    0.04165    0.04165
   0.04419    0.05085    0.06706    0.06706    0.09741    0.10565    0.13849    0.15968
   0.19358    0.19988    0.21638    0.22532    0.24113    0.26256    0.26512
 kpt#  22, nband=135, wtk=  1.00000, kpt=  0.0000  0.0000  0.0417 (reduced coord)
  -4.73300   -4.73299   -2.97023   -2.97023   -2.96796   -2.96796   -2.96785   -2.96742
  -1.68182   -1.68170   -1.68170   -1.68091   -1.68089   -1.68007   -1.67972   -1.67947
  -1.67915   -1.67899   -1.67899   -1.67834   -1.67774   -1.67767   -1.67689   -1.67688
  -1.67688   -1.67643   -1.67330   -1.67330   -1.67293   -1.67232   -1.67194   -1.67060
  -1.67054   -1.67042   -1.67042   -1.67010   -1.66485   -1.66485   -1.65358   -1.65333
  -1.65042   -1.64980   -1.64956   -1.64861   -1.64861   -1.64637   -1.64351   -1.64351
  -0.67424   -0.67279   -0.67232   -0.67226   -0.67135   -0.67130   -0.67118   -0.67118
  -0.67008   -0.67008   -0.66687   -0.66590   -0.66547   -0.66497   -0.66460   -0.66438
  -0.66429   -0.66429   -0.66428   -0.66386   -0.66363   -0.66342   -0.66342   -0.66222
  -0.66205   -0.66205   -0.66099   -0.66079   -0.66045   -0.66045   -0.42824   -0.41573
  -0.40453   -0.39921   -0.37869   -0.37751   -0.35914   -0.35392   -0.19577   -0.19348
  -0.19323   -0.19301   -0.19301   -0.18058   -0.18058   -0.17821   -0.17490   -0.17193
  -0.13811   -0.13670   -0.11239   -0.10497   -0.07595   -0.07392   -0.07312   -0.04141
  -0.03511   -0.03511   -0.02117   -0.02071   -0.02071   -0.00291   -0.00291   -0.00152
  -0.00152    0.01740    0.01740    0.03560    0.03560    0.03997    0.04166    0.04166
   0.04420    0.05089    0.06710    0.06710    0.09742    0.10566    0.13849    0.15967
   0.19357    0.19987    0.21648    0.22532    0.24112    0.26256    0.26513
 kpt#  23, nband=135, wtk=  1.00000, kpt=  0.0000  0.0000  0.0000 (reduced coord)
  -4.73300   -4.73299   -2.97023   -2.97023   -2.96824   -2.96800   -2.96800   -2.96765
  -1.68294   -1.68184   -1.68179   -1.68179   -1.68089   -1.68007   -1.67973   -1.67972
  -1.67942   -1.67900   -1.67900   -1.67834   -1.67774   -1.67769   -1.67742   -1.67689
  -1.67689   -1.67689   -1.67453   -1.67366   -1.67366   -1.67294   -1.67207   -1.67195
  -1.67066   -1.67066   -1.67056   -1.67013   -1.66525   -1.66525   -1.65359   -1.65334
  -1.65168   -1.64981   -1.64958   -1.64892   -1.64892   -1.64810   -1.64392   -1.64392
  -0.67428   -0.67279   -0.67258   -0.67226   -0.67135   -0.67130   -0.67120   -0.67120
  -0.67013   -0.67013   -0.66691   -0.66590   -0.66547   -0.66543   -0.66465   -0.66438
  -0.66430   -0.66430   -0.66428   -0.66386   -0.66363   -0.66349   -0.66349   -0.66258
  -0.66208   -0.66208   -0.66099   -0.66079   -0.66051   -0.66051   -0.42824   -0.41573
  -0.40454   -0.39921   -0.37869   -0.37751   -0.35914   -0.35392   -0.19577   -0.19390
  -0.19348   -0.19303   -0.19303   -0.18082   -0.18082   -0.17885   -0.17491   -0.17193
  -0.13811   -0.13670   -0.11239   -0.10497   -0.07601   -0.07393   -0.07313   -0.04141
  -0.03511   -0.03511   -0.02117   -0.02071   -0.02071   -0.00291   -0.00291   -0.00153
  -0.00153    0.01740    0.01740    0.03560    0.03560    0.03997    0.04166    0.04166
   0.04419    0.05088    0.06710    0.06710    0.09741    0.10565    0.13847    0.15967
   0.19347    0.19985    0.21649    0.22532    0.24112    0.26256    0.26516
 kpt#  24, nband=135, wtk=  1.00000, kpt=  0.0278  0.0278  0.0278 (reduced coord)
  -4.73300   -4.73299   -2.97035   -2.97009   -2.96787   -2.96777   -2.96774   -2.96744
  -1.68199   -1.68158   -1.68133   -1.68053   -1.68044   -1.67982   -1.67964   -1.67935
  -1.67913   -1.67884   -1.67871   -1.67778   -1.67743   -1.67673   -1.67612   -1.67587
  -1.67506   -1.67498   -1.67406   -1.67353   -1.67314   -1.67231   -1.67213   -1.67206
  -1.67098   -1.67039   -1.66946   -1.66939   -1.66542   -1.66485   -1.65350   -1.65342
  -1.65125   -1.64968   -1.64912   -1.64826   -1.64802   -1.64631   -1.64332   -1.64301
  -0.67415   -0.67257   -0.67243   -0.67224   -0.67136   -0.67127   -0.67113   -0.67107
  -0.67008   -0.67004   -0.66682   -0.66573   -0.66545   -0.66518   -0.66461   -0.66440
  -0.66423   -0.66421   -0.66417   -0.66379   -0.66361   -0.66342   -0.66339   -0.66242
  -0.66196   -0.66192   -0.66095   -0.66076   -0.66044   -0.66037   -0.42792   -0.41544
  -0.40432   -0.39897   -0.37853   -0.37748   -0.35905   -0.35388   -0.19570   -0.19365
  -0.19330   -0.19285   -0.19239   -0.18073   -0.18006   -0.17857   -0.17429   -0.17193
  -0.13918   -0.13759   -0.11344   -0.10689   -0.07638   -0.07529   -0.07426   -0.04408
  -0.03595   -0.03362   -0.02153   -0.01976   -0.01803   -0.00370   -0.00306   -0.00246
  -0.00014    0.01668    0.01937    0.03495    0.03523    0.03977    0.04108    0.04540
   0.04738    0.05132    0.06609    0.06640    0.09739    0.10629    0.14074    0.16115
   0.19481    0.19938    0.21659    0.22685    0.24259    0.26325    0.26359
 kpt#  25, nband=135, wtk=  1.00000, kpt=  0.0556  0.0556  0.0556 (reduced coord)
  -4.73299   -4.73299   -2.97023   -2.96989   -2.96761   -2.96751   -2.96732   -2.96722
  -1.68159   -1.68051   -1.68034   -1.67981   -1.67966   -1.67902   -1.67856   -1.67843
  -1.67807   -1.67788   -1.67679   -1.67675   -1.67611   -1.67551   -1.67510   -1.67470
  -1.67443   -1.67332   -1.67313   -1.67258   -1.67224   -1.67203   -1.67145   -1.67121
  -1.67053   -1.67029   -1.66921   -1.66852   -1.66587   -1.66490   -1.65247   -1.65159
  -1.64991   -1.64864   -1.64819   -1.64782   -1.64747   -1.64569   -1.64398   -1.64373
  -0.67393   -0.67233   -0.67224   -0.67209   -0.67127   -0.67118   -0.67101   -0.67094
  -0.67003   -0.67003   -0.66661   -0.66545   -0.66531   -0.66503   -0.66444   -0.66430
  -0.66414   -0.66403   -0.66399   -0.66361   -0.66357   -0.66333   -0.66332   -0.66226
  -0.66201   -0.66186   -0.66067   -0.66065   -0.66042   -0.66042   -0.42694   -0.41457
  -0.40368   -0.39826   -0.37809   -0.37738   -0.35877   -0.35379   -0.19521   -0.19323
  -0.19297   -0.19249   -0.19152   -0.18012   -0.17978   -0.17860   -0.17325   -0.17197
  -0.14222   -0.14011   -0.11636   -0.11182   -0.08012   -0.07764   -0.07537   -0.05077
  -0.03841   -0.03194   -0.02393   -0.01301   -0.01115   -0.00740   -0.00596   -0.00499
   0.00703    0.01459    0.02475    0.03307    0.03361    0.03940    0.04219    0.05118
   0.05411    0.05675    0.06338    0.06411    0.09749    0.10825    0.14704    0.16537
   0.19568    0.20092    0.21700    0.23136    0.24664    0.25628    0.26586
 kpt#  26, nband=135, wtk=  1.00000, kpt=  0.0833  0.0833  0.0833 (reduced coord)
  -4.73299   -4.73299   -2.97037   -2.97004   -2.96804   -2.96766   -2.96747   -2.96742
  -1.68235   -1.68144   -1.68099   -1.68007   -1.67991   -1.67953   -1.67890   -1.67831
  -1.67817   -1.67804   -1.67695   -1.67678   -1.67589   -1.67538   -1.67534   -1.67498
  -1.67491   -1.67411   -1.67404   -1.67354   -1.67320   -1.67257   -1.67245   -1.67192
  -1.67152   -1.67101   -1.67044   -1.67010   -1.66691   -1.66580   -1.65290   -1.65269
  -1.65025   -1.64985   -1.64893   -1.64853   -1.64804   -1.64620   -1.64483   -1.64476
  -0.67389   -0.67233   -0.67229   -0.67208   -0.67150   -0.67128   -0.67112   -0.67104
  -0.67019   -0.67017   -0.66659   -0.66549   -0.66532   -0.66512   -0.66450   -0.66449
  -0.66423   -0.66415   -0.66410   -0.66366   -0.66363   -0.66353   -0.66348   -0.66235
  -0.66214   -0.66200   -0.66083   -0.66073   -0.66056   -0.66055   -0.42534   -0.41312
  -0.40264   -0.39708   -0.37740   -0.37719   -0.35835   -0.35362   -0.19560   -0.19332
  -0.19301   -0.19289   -0.19110   -0.18036   -0.17935   -0.17891   -0.17447   -0.17270
  -0.14665   -0.14391   -0.12070   -0.11819   -0.08665   -0.07955   -0.07618   -0.05932
  -0.04229   -0.03117   -0.02771   -0.01378   -0.00958   -0.00877   -0.00218   -0.00051
   0.01126    0.01686    0.03005    0.03050    0.03263    0.03670    0.04684    0.05276
   0.05933    0.06035    0.06516    0.06909    0.09830    0.11166    0.15643    0.17167
   0.19274    0.20771    0.21784    0.23845    0.24231    0.24767    0.25266
 kpt#  27, nband=135, wtk=  1.00000, kpt=  0.1111  0.1111  0.1111 (reduced coord)
  -4.73300   -4.73299   -2.96988   -2.96923   -2.96791   -2.96763   -2.96761   -2.96744
  -1.68172   -1.68090   -1.68084   -1.68025   -1.67958   -1.67877   -1.67875   -1.67806
  -1.67725   -1.67691   -1.67650   -1.67589   -1.67503   -1.67479   -1.67430   -1.67405
  -1.67381   -1.67351   -1.67278   -1.67260   -1.67249   -1.67220   -1.67177   -1.67118
  -1.67100   -1.67028   -1.67024   -1.66877   -1.66616   -1.66534   -1.65232   -1.65210
  -1.64999   -1.64857   -1.64849   -1.64786   -1.64765   -1.64560   -1.64422   -1.64402
  -0.67381   -0.67228   -0.67212   -0.67193   -0.67143   -0.67112   -0.67101   -0.67097
  -0.67009   -0.67003   -0.66652   -0.66532   -0.66517   -0.66513   -0.66441   -0.66440
  -0.66410   -0.66409   -0.66401   -0.66351   -0.66346   -0.66345   -0.66333   -0.66233
  -0.66203   -0.66191   -0.66076   -0.66057   -0.66046   -0.66042   -0.42311   -0.41113
  -0.40121   -0.39547   -0.37701   -0.37640   -0.35778   -0.35336   -0.19557   -0.19214
  -0.19145   -0.19140   -0.19053   -0.18054   -0.17885   -0.17865   -0.17575   -0.17294
  -0.15176   -0.14845   -0.12597   -0.12475   -0.09406   -0.08094   -0.07710   -0.06791
  -0.04729   -0.03259   -0.02994   -0.02130   -0.01426   -0.01313    0.00690    0.00711
   0.01519    0.02608    0.02687    0.02800    0.03313    0.04060    0.05114    0.05423
   0.05575    0.05711    0.07821    0.08290    0.10092    0.11682    0.16790    0.17895
   0.18878    0.21619    0.21988    0.22212    0.22846    0.23291    0.24790
 kpt#  28, nband=135, wtk=  1.00000, kpt=  0.1389  0.1389  0.1389 (reduced coord)
  -4.73300   -4.73298   -2.96968   -2.96870   -2.96800   -2.96791   -2.96747   -2.96747
  -1.68129   -1.68117   -1.68081   -1.68032   -1.67933   -1.67882   -1.67812   -1.67744
  -1.67714   -1.67668   -1.67662   -1.67551   -1.67500   -1.67492   -1.67450   -1.67378
  -1.67323   -1.67289   -1.67265   -1.67250   -1.67215   -1.67178   -1.67155   -1.67142
  -1.67053   -1.67015   -1.66975   -1.66713   -1.66655   -1.66551   -1.65182   -1.65178
  -1.64893   -1.64852   -1.64824   -1.64795   -1.64717   -1.64472   -1.64431   -1.64401
  -0.67364   -0.67215   -0.67198   -0.67187   -0.67132   -0.67117   -0.67099   -0.67095
  -0.67016   -0.67016   -0.66638   -0.66518   -0.66517   -0.66493   -0.66435   -0.66427
  -0.66413   -0.66408   -0.66390   -0.66358   -0.66351   -0.66337   -0.66315   -0.66216
  -0.66206   -0.66205   -0.66065   -0.66057   -0.66051   -0.66042   -0.42028   -0.40862
  -0.39943   -0.39348   -0.37673   -0.37531   -0.35709   -0.35295   -0.19596   -0.19123
  -0.19088   -0.19075   -0.18929   -0.18054   -0.17893   -0.17777   -0.17658   -0.17369
  -0.15696   -0.15316   -0.13163   -0.13073   -0.10164   -0.08365   -0.07825   -0.07350
  -0.05311   -0.03829   -0.02935   -0.02778   -0.01974   -0.01773    0.00176    0.01532
   0.02137    0.02241    0.02888    0.03284    0.03852    0.04670    0.04955    0.05025
   0.05223    0.06610    0.09141    0.09596    0.10628    0.12398    0.18021    0.18057
   0.19003    0.20077    0.20806    0.21313    0.22102    0.22954    0.23128
 kpt#  29, nband=135, wtk=  1.00000, kpt=  0.1667  0.1667  0.1667 (reduced coord)
  -4.73300   -4.73298   -2.96966   -2.96820   -2.96810   -2.96778   -2.96749   -2.96720
  -1.68145   -1.68111   -1.67991   -1.67984   -1.67868   -1.67839   -1.67726   -1.67673
  -1.67672   -1.67631   -1.67561   -1.67511   -1.67481   -1.67445   -1.67417   -1.67347
  -1.67320   -1.67244   -1.67221   -1.67205   -1.67175   -1.67139   -1.67131   -1.67090
  -1.66965   -1.66918   -1.66881   -1.66729   -1.66660   -1.66474   -1.65207   -1.65107
  -1.64902   -1.64880   -1.64810   -1.64719   -1.64635   -1.64482   -1.64429   -1.64256
  -0.67354   -0.67213   -0.67179   -0.67167   -0.67128   -0.67107   -0.67086   -0.67080
  -0.67024   -0.67020   -0.66627   -0.66522   -0.66499   -0.66467   -0.66426   -0.66423
  -0.66401   -0.66401   -0.66376   -0.66364   -0.66361   -0.66317   -0.66299   -0.66212
  -0.66212   -0.66196   -0.66064   -0.66056   -0.66043   -0.66028   -0.41689   -0.40563
  -0.39734   -0.39115   -0.37642   -0.37413   -0.35632   -0.35238   -0.19665   -0.19076
  -0.18990   -0.18976   -0.18884   -0.18054   -0.17804   -0.17765   -0.17698   -0.17324
  -0.16176   -0.15754   -0.13716   -0.13566   -0.10887   -0.09017   -0.07948   -0.07344
  -0.05945   -0.04450   -0.03734   -0.02574   -0.02485   -0.02195   -0.00390    0.01615
   0.01734    0.02202    0.02414    0.04374    0.04420    0.04612    0.04885    0.05147
   0.05277    0.07933    0.10192    0.10467    0.11367    0.13256    0.17444    0.18320
   0.19226    0.19378    0.19630    0.20037    0.20840    0.22133    0.23052
 kpt#  30, nband=135, wtk=  1.00000, kpt=  0.1944  0.1944  0.1944 (reduced coord)
  -4.73300   -4.73298   -2.96902   -2.96813   -2.96805   -2.96775   -2.96733   -2.96687
  -1.67993   -1.67970   -1.67906   -1.67825   -1.67798   -1.67730   -1.67658   -1.67644
  -1.67615   -1.67563   -1.67556   -1.67494   -1.67463   -1.67382   -1.67345   -1.67323
  -1.67266   -1.67236   -1.67194   -1.67152   -1.67118   -1.67091   -1.67052   -1.66993
  -1.66973   -1.66848   -1.66808   -1.66641   -1.66585   -1.66375   -1.65188   -1.64925
  -1.64897   -1.64811   -1.64750   -1.64608   -1.64556   -1.64438   -1.64421   -1.64184
  -0.67338   -0.67203   -0.67173   -0.67146   -0.67112   -0.67111   -0.67080   -0.67051
  -0.67027   -0.67014   -0.66612   -0.66522   -0.66466   -0.66463   -0.66414   -0.66409
  -0.66403   -0.66381   -0.66370   -0.66368   -0.66345   -0.66300   -0.66282   -0.66203
  -0.66200   -0.66192   -0.66059   -0.66052   -0.66034   -0.66008   -0.41299   -0.40223
  -0.39500   -0.38856   -0.37608   -0.37298   -0.35544   -0.35160   -0.19671   -0.18976
  -0.18885   -0.18826   -0.18716   -0.18036   -0.17823   -0.17704   -0.17643   -0.17488
  -0.16584   -0.16126   -0.14206   -0.13935   -0.11535   -0.09757   -0.08072   -0.07057
  -0.06603   -0.05097   -0.04507   -0.03199   -0.02622   -0.02058   -0.00984    0.01062
   0.01179    0.01908    0.02708    0.03781    0.03910    0.04482    0.04985    0.05253
   0.07058    0.09386    0.09994    0.10871    0.11973    0.13986    0.16857    0.17143
   0.19028    0.19188    0.19315    0.20286    0.20508    0.20890    0.22032
 kpt#  31, nband=135, wtk=  1.00000, kpt=  0.2222  0.2222  0.2222 (reduced coord)
  -4.73300   -4.73298   -2.96894   -2.96823   -2.96803   -2.96773   -2.96751   -2.96728
  -1.68038   -1.68012   -1.67941   -1.67861   -1.67855   -1.67752   -1.67680   -1.67664
  -1.67624   -1.67565   -1.67543   -1.67532   -1.67461   -1.67363   -1.67340   -1.67280
  -1.67277   -1.67230   -1.67172   -1.67166   -1.67165   -1.67136   -1.67097   -1.67086
  -1.66999   -1.66846   -1.66839   -1.66736   -1.66621   -1.66509   -1.65162   -1.64949
  -1.64890   -1.64846   -1.64751   -1.64691   -1.64565   -1.64445   -1.64430   -1.64303
  -0.67330   -0.67205   -0.67188   -0.67140   -0.67125   -0.67118   -0.67094   -0.67046
  -0.67027   -0.67023   -0.66608   -0.66527   -0.66470   -0.66461   -0.66419   -0.66414
  -0.66409   -0.66396   -0.66377   -0.66368   -0.66345   -0.66314   -0.66274   -0.66206
  -0.66205   -0.66194   -0.66061   -0.66060   -0.66055   -0.66002   -0.40864   -0.39849
  -0.39247   -0.38582   -0.37575   -0.37197   -0.35444   -0.35058   -0.19692   -0.18906
  -0.18816   -0.18756   -0.18511   -0.18151   -0.17876   -0.17798   -0.17658   -0.17633
  -0.16896   -0.16412   -0.14595   -0.14170   -0.12077   -0.10437   -0.08201   -0.07262
  -0.06636   -0.05745   -0.05229   -0.03830   -0.02942   -0.01615   -0.01587    0.00499
   0.00587    0.01390    0.02950    0.03141    0.03410    0.03969    0.04751    0.05090
   0.08658    0.08694    0.10425    0.10581    0.11660    0.14105    0.16574    0.17210
   0.18684    0.18768    0.19537    0.20334    0.20665    0.21128    0.21618
 kpt#  32, nband=135, wtk=  1.00000, kpt=  0.2500  0.2500  0.2500 (reduced coord)
  -4.73300   -4.73298   -2.96902   -2.96866   -2.96835   -2.96787   -2.96759   -2.96756
  -1.68054   -1.68042   -1.67959   -1.67942   -1.67849   -1.67798   -1.67751   -1.67717
  -1.67682   -1.67679   -1.67604   -1.67601   -1.67525   -1.67517   -1.67459   -1.67381
  -1.67349   -1.67326   -1.67231   -1.67230   -1.67185   -1.67167   -1.67124   -1.67073
  -1.66999   -1.66982   -1.66901   -1.66805   -1.66799   -1.66682   -1.65247   -1.64956
  -1.64950   -1.64860   -1.64823   -1.64814   -1.64573   -1.64523   -1.64483   -1.64442
  -0.67308   -0.67265   -0.67193   -0.67162   -0.67132   -0.67120   -0.67115   -0.67043
  -0.67039   -0.67029   -0.66605   -0.66550   -0.66499   -0.66454   -0.66451   -0.66423
  -0.66412   -0.66409   -0.66390   -0.66380   -0.66345   -0.66337   -0.66263   -0.66212
  -0.66211   -0.66196   -0.66105   -0.66069   -0.66069   -0.65993   -0.40395   -0.39451
  -0.38982   -0.38303   -0.37541   -0.37117   -0.35327   -0.34934   -0.19770   -0.18839
  -0.18743   -0.18723   -0.18492   -0.18346   -0.17962   -0.17868   -0.17637   -0.17576
  -0.17095   -0.16603   -0.14854   -0.14277   -0.12480   -0.11019   -0.08330   -0.07902
  -0.06376   -0.06131   -0.05890   -0.04444   -0.03173   -0.02178   -0.01138   -0.00058
  -0.00039    0.00874    0.02497    0.02511    0.02839    0.03514    0.04264    0.04477
   0.07207    0.09027    0.09808    0.10244    0.11135    0.13360    0.17076    0.17924
   0.18369    0.18962    0.19912    0.21227    0.21727    0.22266    0.22397
 kpt#  33, nband=135, wtk=  1.00000, kpt=  0.2778  0.2778  0.2778 (reduced coord)
  -4.73300   -4.73298   -2.96906   -2.96847   -2.96803   -2.96770   -2.96757   -2.96755
  -1.67996   -1.67987   -1.67937   -1.67911   -1.67846   -1.67780   -1.67759   -1.67724
  -1.67625   -1.67603   -1.67569   -1.67513   -1.67490   -1.67448   -1.67422   -1.67402
  -1.67353   -1.67332   -1.67277   -1.67265   -1.67229   -1.67182   -1.67147   -1.67052
  -1.66906   -1.66880   -1.66801   -1.66692   -1.66679   -1.66571   -1.65285   -1.64937
  -1.64882   -1.64866   -1.64810   -1.64796   -1.64473   -1.64472   -1.64421   -1.64419
  -0.67297   -0.67286   -0.67191   -0.67176   -0.67117   -0.67111   -0.67106   -0.67031
  -0.67030   -0.67009   -0.66616   -0.66545   -0.66503   -0.66463   -0.66433   -0.66430
  -0.66408   -0.66405   -0.66380   -0.66377   -0.66340   -0.66312   -0.66241   -0.66210
  -0.66204   -0.66191   -0.66123   -0.66063   -0.66063   -0.65968   -0.39901   -0.39041
  -0.38712   -0.38031   -0.37509   -0.37064   -0.35191   -0.34790   -0.19785   -0.18731
  -0.18697   -0.18580   -0.18550   -0.18348   -0.17918   -0.17856   -0.17618   -0.17542
  -0.17170   -0.16695   -0.14958   -0.14277   -0.12702   -0.11481   -0.08508   -0.08447
  -0.06973   -0.06472   -0.05572   -0.05029   -0.03303   -0.02742   -0.00767   -0.00624
  -0.00591    0.00376    0.01297    0.01897    0.02317    0.02812    0.03093    0.04031
   0.06042    0.07600    0.09198    0.09451    0.10166    0.12557    0.17640    0.18782
   0.19179    0.20394    0.21142    0.22105    0.22715    0.22904    0.23197
 kpt#  34, nband=135, wtk=  1.00000, kpt=  0.3056  0.3056  0.3056 (reduced coord)
  -4.73300   -4.73298   -2.96917   -2.96859   -2.96795   -2.96785   -2.96757   -2.96731
  -1.68050   -1.67977   -1.67965   -1.67918   -1.67818   -1.67772   -1.67735   -1.67686
  -1.67667   -1.67659   -1.67629   -1.67552   -1.67522   -1.67508   -1.67439   -1.67423
  -1.67368   -1.67300   -1.67262   -1.67202   -1.67138   -1.67135   -1.67055   -1.67028
  -1.66962   -1.66935   -1.66826   -1.66722   -1.66707   -1.66565   -1.65301   -1.64960
  -1.64890   -1.64850   -1.64814   -1.64782   -1.64513   -1.64501   -1.64408   -1.64404
  -0.67308   -0.67283   -0.67196   -0.67174   -0.67120   -0.67118   -0.67096   -0.67034
  -0.67033   -0.67008   -0.66630   -0.66541   -0.66497   -0.66468   -0.66441   -0.66427
  -0.66417   -0.66403   -0.66381   -0.66381   -0.66332   -0.66313   -0.66235   -0.66212
  -0.66204   -0.66183   -0.66138   -0.66067   -0.66065   -0.65965   -0.39397   -0.38633
  -0.38447   -0.37779   -0.37480   -0.37037   -0.35037   -0.34629   -0.19815   -0.18753
  -0.18711   -0.18618   -0.18468   -0.18216   -0.17910   -0.17851   -0.17631   -0.17545
  -0.17115   -0.16688   -0.14900   -0.14207   -0.12703   -0.11809   -0.09067   -0.08547
  -0.07526   -0.06977   -0.05570   -0.04981   -0.03328   -0.03265   -0.01532   -0.01088
  -0.00297   -0.00249   -0.00090    0.01330    0.01463    0.01711    0.01840    0.03547
   0.05224    0.05996    0.08081    0.08241    0.09166    0.11919    0.18126    0.20317
   0.21037    0.21785    0.22310    0.22597    0.22987    0.23148    0.24165
 kpt#  35, nband=135, wtk=  1.00000, kpt=  0.3333  0.3333  0.3333 (reduced coord)
  -4.73300   -4.73298   -2.96940   -2.96874   -2.96830   -2.96772   -2.96769   -2.96737
  -1.68060   -1.68056   -1.67931   -1.67874   -1.67845   -1.67770   -1.67752   -1.67721
  -1.67695   -1.67650   -1.67642   -1.67618   -1.67550   -1.67549   -1.67462   -1.67418
  -1.67395   -1.67390   -1.67292   -1.67206   -1.67198   -1.67167   -1.67139   -1.67103
  -1.67046   -1.67003   -1.66937   -1.66901   -1.66745   -1.66573   -1.65247   -1.65029
  -1.64923   -1.64887   -1.64884   -1.64806   -1.64650   -1.64524   -1.64466   -1.64435
  -0.67310   -0.67274   -0.67202   -0.67169   -0.67129   -0.67127   -0.67111   -0.67046
  -0.67041   -0.67026   -0.66633   -0.66537   -0.66493   -0.66473   -0.66446   -0.66436
  -0.66423   -0.66421   -0.66395   -0.66386   -0.66334   -0.66326   -0.66249   -0.66222
  -0.66218   -0.66179   -0.66146   -0.66079   -0.66074   -0.65982   -0.38899   -0.38242
  -0.38195   -0.37557   -0.37453   -0.37030   -0.34870   -0.34456   -0.19818   -0.18902
  -0.18704   -0.18535   -0.18463   -0.18083   -0.17969   -0.17868   -0.17671   -0.17589
  -0.16930   -0.16576   -0.14684   -0.14083   -0.12463   -0.11986   -0.09569   -0.08622
  -0.08022   -0.07403   -0.06056   -0.04386   -0.03738   -0.03243   -0.02564   -0.01963
  -0.01539   -0.00515   -0.00261   -0.00063    0.00504    0.00809    0.01300    0.03009
   0.04267    0.04596    0.06526    0.06820    0.08955    0.11447    0.18668    0.21855
   0.22380    0.22399    0.22985    0.23176    0.23398    0.23856    0.24337
 kpt#  36, nband=135, wtk=  1.00000, kpt=  0.3611  0.3611  0.3611 (reduced coord)
  -4.73300   -4.73299   -2.96945   -2.96878   -2.96827   -2.96751   -2.96747   -2.96740
  -1.68038   -1.68034   -1.67973   -1.67867   -1.67842   -1.67807   -1.67746   -1.67697
  -1.67667   -1.67625   -1.67591   -1.67580   -1.67553   -1.67487   -1.67460   -1.67452
  -1.67306   -1.67305   -1.67279   -1.67209   -1.67158   -1.67144   -1.67140   -1.67119
  -1.67055   -1.67012   -1.66939   -1.66791   -1.66708   -1.66599   -1.65191   -1.65057
  -1.64893   -1.64865   -1.64828   -1.64755   -1.64682   -1.64504   -1.64496   -1.64397
  -0.67329   -0.67281   -0.67191   -0.67153   -0.67129   -0.67124   -0.67108   -0.67045
  -0.67042   -0.67025   -0.66646   -0.66539   -0.66488   -0.66458   -0.66445   -0.66431
  -0.66421   -0.66419   -0.66392   -0.66392   -0.66330   -0.66319   -0.66247   -0.66218
  -0.66216   -0.66171   -0.66138   -0.66076   -0.66076   -0.65981   -0.38427   -0.37963
  -0.37887   -0.37429   -0.37374   -0.37035   -0.34698   -0.34280   -0.19807   -0.19064
  -0.18660   -0.18446   -0.18425   -0.17947   -0.17915   -0.17851   -0.17675   -0.17622
  -0.16622   -0.16357   -0.14329   -0.13891   -0.12083   -0.11929   -0.10006   -0.08665
  -0.08454   -0.07756   -0.06480   -0.04150   -0.03877   -0.03849   -0.03637   -0.03049
  -0.01934   -0.01742   -0.00995   -0.00889   -0.00042    0.00351    0.00783    0.02423
   0.03004    0.03601    0.04846    0.05811    0.09137    0.11084    0.19278    0.21691
   0.22420    0.22577    0.23538    0.23614    0.24567    0.24976    0.25332
 kpt#  37, nband=135, wtk=  1.00000, kpt=  0.3889  0.3889  0.3889 (reduced coord)
  -4.73299   -4.73299   -2.96934   -2.96858   -2.96828   -2.96768   -2.96735   -2.96729
  -1.68026   -1.67950   -1.67900   -1.67809   -1.67779   -1.67767   -1.67761   -1.67691
  -1.67647   -1.67631   -1.67608   -1.67589   -1.67537   -1.67499   -1.67454   -1.67415
  -1.67386   -1.67320   -1.67291   -1.67235   -1.67187   -1.67176   -1.67165   -1.67092
  -1.67056   -1.66982   -1.66931   -1.66741   -1.66615   -1.66504   -1.65182   -1.65073
  -1.64824   -1.64795   -1.64783   -1.64776   -1.64705   -1.64439   -1.64435   -1.64406
  -0.67336   -0.67285   -0.67198   -0.67160   -0.67124   -0.67113   -0.67104   -0.67039
  -0.67037   -0.67021   -0.66656   -0.66543   -0.66484   -0.66467   -0.66454   -0.66426
  -0.66415   -0.66406   -0.66385   -0.66383   -0.66326   -0.66317   -0.66245   -0.66212
  -0.66208   -0.66162   -0.66152   -0.66069   -0.66067   -0.65977   -0.38002   -0.37761
  -0.37581   -0.37407   -0.37238   -0.37039   -0.34531   -0.34111   -0.19792   -0.19263
  -0.18602   -0.18449   -0.18293   -0.17854   -0.17832   -0.17822   -0.17661   -0.17649
  -0.16210   -0.16033   -0.13867   -0.13599   -0.11904   -0.11347   -0.10371   -0.08816
  -0.08676   -0.08045   -0.06835   -0.05327   -0.05301   -0.04496   -0.03488   -0.03186
  -0.02750   -0.02267   -0.01994   -0.01204   -0.00584   -0.00034    0.00294    0.01533
   0.01821    0.02544    0.03896    0.05173    0.09448    0.10797    0.19912    0.21582
   0.22269    0.22397    0.23247    0.23424    0.25118    0.25919    0.26257
 kpt#  38, nband=135, wtk=  1.00000, kpt=  0.4167  0.4167  0.4167 (reduced coord)
  -4.73300   -4.73299   -2.96931   -2.96854   -2.96834   -2.96810   -2.96759   -2.96747
  -1.68020   -1.67985   -1.67900   -1.67870   -1.67850   -1.67821   -1.67784   -1.67760
  -1.67721   -1.67720   -1.67662   -1.67648   -1.67604   -1.67530   -1.67492   -1.67443
  -1.67417   -1.67383   -1.67342   -1.67272   -1.67253   -1.67222   -1.67218   -1.67175
  -1.67115   -1.67036   -1.66952   -1.66756   -1.66585   -1.66583   -1.65206   -1.65115
  -1.64875   -1.64843   -1.64832   -1.64791   -1.64749   -1.64486   -1.64468   -1.64424
  -0.67349   -0.67289   -0.67216   -0.67165   -0.67129   -0.67124   -0.67105   -0.67047
  -0.67043   -0.67022   -0.66669   -0.66553   -0.66501   -0.66473   -0.66462   -0.66427
  -0.66420   -0.66419   -0.66395   -0.66389   -0.66330   -0.66321   -0.66244   -0.66221
  -0.66217   -0.66172   -0.66162   -0.66078   -0.66075   -0.65978   -0.37644   -0.37595
  -0.37391   -0.37340   -0.37163   -0.37015   -0.34383   -0.33960   -0.19773   -0.19471
  -0.18555   -0.18485   -0.18210   -0.17857   -0.17816   -0.17814   -0.17700   -0.17690
  -0.15728   -0.15625   -0.13335   -0.13200   -0.11628   -0.10660   -0.10621   -0.09102
  -0.08658   -0.08274   -0.07116   -0.06773   -0.06738   -0.04903   -0.04771   -0.03118
  -0.02843   -0.02530   -0.02364   -0.01456   -0.01055   -0.00346   -0.00141    0.00158
   0.01041    0.01171    0.03885    0.04754    0.09766    0.10577    0.20505    0.21573
   0.22110    0.22359    0.22923    0.23204    0.24842    0.25552    0.27060
 kpt#  39, nband=135, wtk=  1.00000, kpt=  0.4444  0.4444  0.4444 (reduced coord)
  -4.73299   -4.73299   -2.96906   -2.96852   -2.96843   -2.96835   -2.96786   -2.96763
  -1.68095   -1.67999   -1.67926   -1.67905   -1.67863   -1.67801   -1.67799   -1.67790
  -1.67736   -1.67715   -1.67674   -1.67664   -1.67610   -1.67592   -1.67511   -1.67457
  -1.67428   -1.67398   -1.67364   -1.67327   -1.67296   -1.67262   -1.67204   -1.67203
  -1.67106   -1.67059   -1.66946   -1.66894   -1.66681   -1.66525   -1.65185   -1.65145
  -1.64957   -1.64888   -1.64853   -1.64782   -1.64738   -1.64572   -1.64485   -1.64466
  -0.67347   -0.67297   -0.67216   -0.67166   -0.67138   -0.67134   -0.67107   -0.67055
  -0.67047   -0.67019   -0.66672   -0.66558   -0.66501   -0.66482   -0.66465   -0.66436
  -0.66433   -0.66418   -0.66403   -0.66390   -0.66329   -0.66325   -0.66246   -0.66231
  -0.66224   -0.66180   -0.66166   -0.66088   -0.66078   -0.65977   -0.37473   -0.37379
  -0.37377   -0.37175   -0.37145   -0.36954   -0.34264   -0.33841   -0.19747   -0.19601
  -0.18535   -0.18487   -0.18096   -0.17901   -0.17817   -0.17796   -0.17769   -0.17710
  -0.15241   -0.15179   -0.12773   -0.12717   -0.11292   -0.10869   -0.09886   -0.09308
  -0.08620   -0.08434   -0.08038   -0.07952   -0.07319   -0.06181   -0.04970   -0.04128
  -0.02722   -0.02644   -0.01897   -0.01638   -0.01374   -0.00918   -0.00572   -0.00478
  -0.00314    0.00513    0.04063    0.04480    0.10022    0.10428    0.20981    0.21643
   0.22095    0.22321    0.22678    0.22933    0.24657    0.24989    0.27242
 kpt#  40, nband=135, wtk=  1.00000, kpt=  0.4722  0.4722  0.4722 (reduced coord)
  -4.73299   -4.73299   -2.96855   -2.96844   -2.96827   -2.96819   -2.96790   -2.96777
  -1.68040   -1.67993   -1.67886   -1.67873   -1.67806   -1.67802   -1.67769   -1.67725
  -1.67691   -1.67675   -1.67660   -1.67631   -1.67561   -1.67499   -1.67478   -1.67422
  -1.67399   -1.67372   -1.67327   -1.67291   -1.67273   -1.67202   -1.67197   -1.67161
  -1.67143   -1.66981   -1.66959   -1.66884   -1.66673   -1.66445   -1.65109   -1.65044
  -1.64930   -1.64901   -1.64764   -1.64699   -1.64690   -1.64551   -1.64520   -1.64428
  -0.67342   -0.67298   -0.67202   -0.67159   -0.67140   -0.67134   -0.67089   -0.67060
  -0.67046   -0.67005   -0.66665   -0.66556   -0.66489   -0.66479   -0.66449   -0.66430
  -0.66430   -0.66408   -0.66407   -0.66381   -0.66330   -0.66312   -0.66232   -0.66231
  -0.66221   -0.66173   -0.66151   -0.66091   -0.66074   -0.65962   -0.37399   -0.37369
  -0.37217   -0.37144   -0.37084   -0.36894   -0.34188   -0.33764   -0.19708   -0.19680
  -0.18459   -0.18450   -0.17977   -0.17870   -0.17835   -0.17790   -0.17785   -0.17696
  -0.14853   -0.14800   -0.12254   -0.12237   -0.11062   -0.10995   -0.09433   -0.09324
  -0.08990   -0.08753   -0.08571   -0.08521   -0.07442   -0.07115   -0.05090   -0.04860
  -0.02838   -0.02742   -0.01749   -0.01608   -0.01426   -0.01365   -0.01243   -0.00707
  -0.00695   -0.00133    0.04214    0.04324    0.10156    0.10365    0.21272    0.21745
   0.22186    0.22295    0.22534    0.22655    0.24543    0.24623    0.27433
 kpt#  41, nband=135, wtk=  1.00000, kpt=  0.5000  0.5000  0.5000 (reduced coord)
  -4.73300   -4.73300   -2.96905   -2.96904   -2.96890   -2.96890   -2.96811   -2.96811
  -1.68144   -1.68144   -1.68129   -1.68089   -1.67975   -1.67975   -1.67972   -1.67944
  -1.67937   -1.67937   -1.67813   -1.67725   -1.67631   -1.67613   -1.67613   -1.67544
  -1.67529   -1.67470   -1.67428   -1.67406   -1.67406   -1.67395   -1.67390   -1.67280
  -1.67258   -1.67258   -1.67174   -1.67137   -1.66589   -1.66589   -1.65316   -1.65255
  -1.65005   -1.64957   -1.64916   -1.64916   -1.64885   -1.64645   -1.64565   -1.64565
  -0.67383   -0.67346   -0.67207   -0.67172   -0.67160   -0.67160   -0.67128   -0.67071
  -0.67071   -0.67046   -0.66702   -0.66600   -0.66510   -0.66486   -0.66455   -0.66455
  -0.66449   -0.66446   -0.66405   -0.66405   -0.66360   -0.66352   -0.66271   -0.66246
  -0.66246   -0.66176   -0.66164   -0.66098   -0.66098   -0.66003   -0.37381   -0.37361
  -0.37178   -0.37133   -0.37059   -0.36872   -0.34163   -0.33739   -0.19759   -0.19759
  -0.18577   -0.18577   -0.17960   -0.17960   -0.17901   -0.17901   -0.17800   -0.17800
  -0.14701   -0.14647   -0.12011   -0.11983   -0.11037   -0.11037   -0.09475   -0.09475
  -0.09042   -0.08984   -0.08576   -0.08576   -0.07484   -0.07484   -0.05130   -0.05130
  -0.02877   -0.02877   -0.01786   -0.01786   -0.01512   -0.01510   -0.00780   -0.00771
  -0.00758   -0.00758    0.04265    0.04276    0.10178    0.10366    0.21361    0.21802
   0.22281    0.22281    0.22461    0.22494    0.24500    0.24500    0.27410
 kpt#  42, nband=135, wtk=  1.00000, kpt=  0.4375  0.5000  0.5000 (reduced coord)
  -4.73300   -4.73300   -2.96885   -2.96885   -2.96870   -2.96869   -2.96806   -2.96806
  -1.68130   -1.68128   -1.67957   -1.67926   -1.67899   -1.67868   -1.67818   -1.67807
  -1.67787   -1.67768   -1.67706   -1.67700   -1.67660   -1.67626   -1.67561   -1.67548
  -1.67487   -1.67456   -1.67409   -1.67400   -1.67363   -1.67359   -1.67290   -1.67258
  -1.67234   -1.67119   -1.66952   -1.66952   -1.66803   -1.66790   -1.65216   -1.65201
  -1.65034   -1.65032   -1.64917   -1.64822   -1.64800   -1.64672   -1.64646   -1.64529
  -0.67352   -0.67301   -0.67216   -0.67166   -0.67160   -0.67152   -0.67112   -0.67078
  -0.67073   -0.67027   -0.66676   -0.66563   -0.66494   -0.66493   -0.66467   -0.66449
  -0.66443   -0.66427   -0.66427   -0.66420   -0.66335   -0.66330   -0.66254   -0.66250
  -0.66244   -0.66175   -0.66172   -0.66109   -0.66103   -0.65984   -0.37416   -0.37396
  -0.37243   -0.37198   -0.37121   -0.36934   -0.34228   -0.33804   -0.19709   -0.19709
  -0.18529   -0.18529   -0.18009   -0.18008   -0.17847   -0.17847   -0.17802   -0.17802
  -0.15074   -0.15023   -0.12562   -0.12553   -0.11171   -0.11074   -0.09042   -0.08999
  -0.08847   -0.08780   -0.08554   -0.08554   -0.07017   -0.06983   -0.04745   -0.04734
  -0.02670   -0.02666   -0.01566   -0.01408   -0.01330   -0.01315   -0.01180   -0.01009
  -0.00008   -0.00002    0.04259    0.04273    0.10148    0.10334    0.21163    0.21629
   0.22159    0.22241    0.22704    0.22728    0.24696    0.24697    0.27313
 kpt#  43, nband=135, wtk=  1.00000, kpt=  0.3750  0.5000  0.5000 (reduced coord)
  -4.73299   -4.73299   -2.96882   -2.96882   -2.96821   -2.96820   -2.96747   -2.96747
  -1.67918   -1.67905   -1.67890   -1.67835   -1.67803   -1.67801   -1.67763   -1.67697
  -1.67694   -1.67673   -1.67649   -1.67632   -1.67547   -1.67541   -1.67506   -1.67436
  -1.67409   -1.67379   -1.67344   -1.67298   -1.67220   -1.67175   -1.67163   -1.67072
  -1.67066   -1.67027   -1.66900   -1.66872   -1.66591   -1.66580   -1.65198   -1.65118
  -1.64926   -1.64837   -1.64829   -1.64788   -1.64698   -1.64479   -1.64472   -1.64387
  -0.67342   -0.67294   -0.67210   -0.67166   -0.67132   -0.67111   -0.67103   -0.67048
  -0.67026   -0.67020   -0.66664   -0.66554   -0.66492   -0.66485   -0.66460   -0.66427
  -0.66421   -0.66416   -0.66389   -0.66372   -0.66328   -0.66322   -0.66243   -0.66227
  -0.66205   -0.66169   -0.66162   -0.66081   -0.66059   -0.65976   -0.37512   -0.37492
  -0.37427   -0.37386   -0.37298   -0.37113   -0.34413   -0.33990   -0.19601   -0.19601
  -0.18522   -0.18522   -0.18053   -0.18053   -0.17794   -0.17793   -0.17678   -0.17678
  -0.15922   -0.15876   -0.13562   -0.13540   -0.11847   -0.11694   -0.08553   -0.08549
  -0.08173   -0.08146   -0.07733   -0.07679   -0.05909   -0.05803   -0.03713   -0.03656
  -0.02464   -0.02428   -0.01488   -0.01471   -0.00740   -0.00528    0.00218    0.00439
   0.00807    0.00812    0.04285    0.04312    0.10078    0.10257    0.20679    0.21153
   0.22197    0.22299    0.23075    0.23104    0.25292    0.25297    0.26888
 kpt#  44, nband=135, wtk=  1.00000, kpt=  0.3125  0.5000  0.5000 (reduced coord)
  -4.73299   -4.73299   -2.96931   -2.96930   -2.96785   -2.96785   -2.96745   -2.96745
  -1.67974   -1.67952   -1.67942   -1.67925   -1.67886   -1.67824   -1.67796   -1.67719
  -1.67699   -1.67655   -1.67609   -1.67539   -1.67524   -1.67511   -1.67482   -1.67467
  -1.67409   -1.67369   -1.67298   -1.67229   -1.67216   -1.67179   -1.67164   -1.67092
  -1.67041   -1.66991   -1.66950   -1.66940   -1.66641   -1.66625   -1.65252   -1.65121
  -1.64911   -1.64838   -1.64818   -1.64803   -1.64718   -1.64485   -1.64471   -1.64433
  -0.67335   -0.67297   -0.67198   -0.67165   -0.67126   -0.67119   -0.67111   -0.67043
  -0.67033   -0.67028   -0.66657   -0.66554   -0.66483   -0.66473   -0.66452   -0.66432
  -0.66424   -0.66420   -0.66387   -0.66379   -0.66334   -0.66324   -0.66252   -0.66223
  -0.66213   -0.66166   -0.66152   -0.66077   -0.66069   -0.65984   -0.37696   -0.37659
  -0.37658   -0.37639   -0.37555   -0.37374   -0.34682   -0.34260   -0.19483   -0.19483
  -0.18577   -0.18577   -0.18130   -0.18130   -0.17801   -0.17801   -0.17718   -0.17718
  -0.16878   -0.16835   -0.14566   -0.14545   -0.12761   -0.12593   -0.08673   -0.08667
  -0.06783   -0.06762   -0.06252   -0.06184   -0.04378   -0.04220   -0.02729   -0.02606
  -0.01995   -0.01893   -0.01101   -0.01083    0.00652    0.00921    0.01563    0.01566
   0.02266    0.02520    0.04537    0.04591    0.10032    0.10199    0.20020    0.20469
   0.22351    0.22412    0.23482    0.23502    0.25698    0.25769    0.25851
 kpt#  45, nband=135, wtk=  1.00000, kpt=  0.2500  0.5000  0.5000 (reduced coord)
  -4.73299   -4.73299   -2.96943   -2.96942   -2.96763   -2.96762   -2.96759   -2.96759
  -1.68041   -1.68013   -1.67967   -1.67936   -1.67911   -1.67883   -1.67811   -1.67745
  -1.67651   -1.67618   -1.67513   -1.67498   -1.67482   -1.67468   -1.67437   -1.67433
  -1.67366   -1.67364   -1.67297   -1.67274   -1.67231   -1.67188   -1.67138   -1.67116
  -1.67106   -1.67013   -1.66901   -1.66809   -1.66768   -1.66699   -1.65169   -1.65128
  -1.64887   -1.64867   -1.64834   -1.64802   -1.64749   -1.64514   -1.64512   -1.64449
  -0.67306   -0.67295   -0.67168   -0.67167   -0.67131   -0.67130   -0.67119   -0.67047
  -0.67047   -0.67032   -0.66628   -0.66541   -0.66481   -0.66454   -0.66444   -0.66434
  -0.66428   -0.66421   -0.66392   -0.66376   -0.66351   -0.66331   -0.66272   -0.66230
  -0.66212   -0.66170   -0.66117   -0.66081   -0.66068   -0.66003   -0.38000   -0.37966
  -0.37846   -0.37828   -0.37808   -0.37669   -0.34985   -0.34564   -0.19281   -0.19280
  -0.18629   -0.18628   -0.18211   -0.18210   -0.17907   -0.17907   -0.17760   -0.17745
  -0.17744   -0.17718   -0.15459   -0.15440   -0.13635   -0.13464   -0.08917   -0.08909
  -0.04985   -0.04964   -0.04639   -0.04580   -0.02762   -0.02704   -0.02270   -0.02094
  -0.00438   -0.00409   -0.00154   -0.00141    0.01968    0.02180    0.02278    0.02390
   0.04697    0.04978    0.05479    0.05558    0.10146    0.10295    0.19245    0.19641
   0.22119    0.22122    0.23413    0.23455    0.24077    0.24104    0.24349
 kpt#  46, nband=135, wtk=  1.00000, kpt=  0.1875  0.5000  0.5000 (reduced coord)
  -4.73299   -4.73299   -2.96919   -2.96918   -2.96746   -2.96745   -2.96738   -2.96738
  -1.67990   -1.67969   -1.67895   -1.67847   -1.67792   -1.67744   -1.67728   -1.67636
  -1.67561   -1.67558   -1.67516   -1.67495   -1.67491   -1.67449   -1.67360   -1.67353
  -1.67332   -1.67278   -1.67250   -1.67171   -1.67160   -1.67100   -1.67094   -1.67085
  -1.67027   -1.66967   -1.66840   -1.66814   -1.66628   -1.66617   -1.65127   -1.65036
  -1.64855   -1.64796   -1.64757   -1.64737   -1.64659   -1.64475   -1.64421   -1.64386
  -0.67276   -0.67266   -0.67163   -0.67148   -0.67133   -0.67125   -0.67096   -0.67049
  -0.67045   -0.67014   -0.66590   -0.66522   -0.66485   -0.66452   -0.66429   -0.66415
  -0.66408   -0.66396   -0.66382   -0.66360   -0.66354   -0.66326   -0.66273   -0.66222
  -0.66187   -0.66175   -0.66092   -0.66077   -0.66047   -0.66005   -0.38291   -0.38260
  -0.38127   -0.37991   -0.37971   -0.37952   -0.35276   -0.34857   -0.19091   -0.19091
  -0.18581   -0.18581   -0.18486   -0.18446   -0.18241   -0.18240   -0.17977   -0.17977
  -0.17759   -0.17759   -0.16187   -0.16170   -0.14364   -0.14191   -0.09234   -0.09226
  -0.03740   -0.03723   -0.02892   -0.02876   -0.01615   -0.01477   -0.00330   -0.00159
   0.00737    0.00845    0.01201    0.01213    0.02604    0.02642    0.03362    0.03654
   0.07295    0.07377    0.07404    0.07705    0.10642    0.10767    0.18226    0.18482
   0.20291    0.20333    0.21042    0.21189    0.21403    0.21452    0.22364
 kpt#  47, nband=135, wtk=  1.00000, kpt=  0.1250  0.5000  0.5000 (reduced coord)
  -4.73299   -4.73299   -2.96967   -2.96967   -2.96815   -2.96815   -2.96782   -2.96782
  -1.68191   -1.68183   -1.68044   -1.68000   -1.67912   -1.67866   -1.67862   -1.67838
  -1.67756   -1.67743   -1.67698   -1.67678   -1.67589   -1.67585   -1.67490   -1.67473
  -1.67471   -1.67446   -1.67434   -1.67407   -1.67340   -1.67306   -1.67252   -1.67243
  -1.67207   -1.67187   -1.67060   -1.66974   -1.66774   -1.66740   -1.65306   -1.65215
  -1.65024   -1.64975   -1.64931   -1.64913   -1.64790   -1.64630   -1.64580   -1.64516
  -0.67303   -0.67270   -0.67207   -0.67175   -0.67168   -0.67144   -0.67107   -0.67086
  -0.67059   -0.67027   -0.66595   -0.66553   -0.66534   -0.66490   -0.66456   -0.66434
  -0.66432   -0.66403   -0.66401   -0.66389   -0.66377   -0.66359   -0.66307   -0.66237
  -0.66217   -0.66205   -0.66108   -0.66092   -0.66063   -0.66043   -0.38530   -0.38501
  -0.38357   -0.38184   -0.38129   -0.38109   -0.35514   -0.35096   -0.19055   -0.19054
  -0.19022   -0.18982   -0.18641   -0.18641   -0.18390   -0.18389   -0.18109   -0.18108
  -0.17900   -0.17900   -0.16721   -0.16706   -0.14904   -0.14730   -0.09538   -0.09530
  -0.03682   -0.03665   -0.00782   -0.00765    0.00432    0.00569    0.01108    0.01178
   0.02035    0.02450    0.02663    0.02664    0.02977    0.02977    0.04503    0.04814
   0.09545    0.09560    0.09932    0.10344    0.11783    0.11883    0.16424    0.16450
   0.17593    0.17697    0.18739    0.18880    0.19638    0.19904    0.20247
 kpt#  48, nband=135, wtk=  1.00000, kpt=  0.0625  0.5000  0.5000 (reduced coord)
  -4.73299   -4.73299   -2.96913   -2.96913   -2.96802   -2.96802   -2.96782   -2.96781
  -1.68166   -1.68148   -1.67926   -1.67918   -1.67887   -1.67874   -1.67824   -1.67819
  -1.67711   -1.67686   -1.67662   -1.67659   -1.67521   -1.67474   -1.67426   -1.67425
  -1.67417   -1.67357   -1.67317   -1.67298   -1.67230   -1.67205   -1.67185   -1.67145
  -1.67059   -1.67047   -1.66934   -1.66879   -1.66766   -1.66743   -1.65246   -1.65078
  -1.64980   -1.64897   -1.64865   -1.64848   -1.64701   -1.64591   -1.64532   -1.64486
  -0.67296   -0.67249   -0.67184   -0.67168   -0.67143   -0.67135   -0.67098   -0.67079
  -0.67058   -0.67021   -0.66576   -0.66542   -0.66509   -0.66482   -0.66432   -0.66425
  -0.66422   -0.66395   -0.66380   -0.66377   -0.66363   -0.66355   -0.66302   -0.66237
  -0.66208   -0.66198   -0.66094   -0.66073   -0.66057   -0.66034   -0.38685   -0.38658
  -0.38507   -0.38335   -0.38218   -0.38198   -0.35669   -0.35251   -0.19349   -0.19309
  -0.18920   -0.18918   -0.18552   -0.18551   -0.18335   -0.18335   -0.18165   -0.18165
  -0.17952   -0.17951   -0.17046   -0.17032   -0.15234   -0.15060   -0.09739   -0.09731
  -0.03741   -0.03725    0.00468    0.00475    0.02183    0.02204    0.02514    0.02625
   0.03029    0.03086    0.03896    0.03997    0.04004    0.04185    0.05344    0.05695
   0.10629    0.10653    0.11833    0.12240    0.13415    0.13429    0.14559    0.14637
   0.16512    0.16532    0.17369    0.17556    0.18328    0.18603    0.18940
 kpt#  49, nband=135, wtk=  1.00000, kpt=  0.0000  0.5000  0.5000 (reduced coord)
  -4.73299   -4.73299   -2.96856   -2.96855   -2.96796   -2.96795   -2.96741   -2.96741
  -1.68136   -1.68094   -1.67884   -1.67795   -1.67752   -1.67734   -1.67648   -1.67610
  -1.67607   -1.67556   -1.67535   -1.67501   -1.67457   -1.67441   -1.67418   -1.67373
  -1.67320   -1.67319   -1.67315   -1.67228   -1.67201   -1.67128   -1.67125   -1.67059
  -1.66926   -1.66923   -1.66862   -1.66857   -1.66455   -1.66420   -1.65184   -1.64898
  -1.64896   -1.64866   -1.64779   -1.64642   -1.64538   -1.64488   -1.64466   -1.64297
  -0.67282   -0.67203   -0.67197   -0.67159   -0.67126   -0.67125   -0.67077   -0.67055
  -0.67046   -0.66987   -0.66532   -0.66531   -0.66521   -0.66472   -0.66417   -0.66415
  -0.66407   -0.66381   -0.66361   -0.66347   -0.66340   -0.66328   -0.66294   -0.66218
  -0.66209   -0.66174   -0.66077   -0.66045   -0.66032   -0.66025   -0.38738   -0.38712
  -0.38559   -0.38388   -0.38248   -0.38228   -0.35723   -0.35305   -0.19458   -0.19419
  -0.18814   -0.18813   -0.18524   -0.18523   -0.18235   -0.18235   -0.18158   -0.18158
  -0.17937   -0.17936   -0.17155   -0.17141   -0.15345   -0.15171   -0.09809   -0.09801
  -0.03769   -0.03753    0.00671    0.00685    0.03046    0.03048    0.03090    0.03144
   0.03569    0.03712    0.04408    0.04519    0.04541    0.04672    0.05863    0.06259
   0.10325    0.10362    0.11953    0.12215    0.13708    0.13765    0.15038    0.15137
   0.16943    0.16965    0.17587    0.17626    0.18013    0.18026    0.18742
 kpt#  50, nband=135, wtk=  1.00000, kpt=  0.0000  0.5000  0.4375 (reduced coord)
  -4.73299   -4.73299   -2.96875   -2.96875   -2.96810   -2.96810   -2.96747   -2.96747
  -1.68176   -1.68146   -1.67951   -1.67942   -1.67784   -1.67760   -1.67713   -1.67645
  -1.67637   -1.67635   -1.67551   -1.67548   -1.67491   -1.67479   -1.67476   -1.67442
  -1.67378   -1.67370   -1.67350   -1.67304   -1.67197   -1.67166   -1.67068   -1.67055
  -1.66956   -1.66944   -1.66914   -1.66908   -1.66469   -1.66462   -1.65262   -1.64949
  -1.64914   -1.64890   -1.64854   -1.64691   -1.64583   -1.64512   -1.64475   -1.64343
  -0.67286   -0.67208   -0.67207   -0.67172   -0.67138   -0.67126   -0.67087   -0.67061
  -0.67045   -0.66994   -0.66537   -0.66534   -0.66531   -0.66486   -0.66426   -0.66418
  -0.66409   -0.66389   -0.66368   -0.66351   -0.66349   -0.66334   -0.66308   -0.66224
  -0.66207   -0.66184   -0.66076   -0.66052   -0.66043   -0.66033   -0.38739   -0.38712
  -0.38559   -0.38388   -0.38249   -0.38229   -0.35723   -0.35305   -0.19459   -0.19419
  -0.18836   -0.18834   -0.18539   -0.18538   -0.18262   -0.18262   -0.18186   -0.18186
  -0.17947   -0.17946   -0.17155   -0.17141   -0.15345   -0.15171   -0.09809   -0.09800
  -0.03770   -0.03754    0.00670    0.00684    0.03046    0.03048    0.03090    0.03144
   0.03569    0.03711    0.04408    0.04514    0.04536    0.04672    0.05863    0.06259
   0.10325    0.10361    0.11953    0.12215    0.13708    0.13765    0.15037    0.15136
   0.16942    0.16965    0.17585    0.17625    0.18013    0.18026    0.18733
 kpt#  51, nband=135, wtk=  1.00000, kpt=  0.0000  0.5000  0.3750 (reduced coord)
  -4.73299   -4.73299   -2.96882   -2.96882   -2.96817   -2.96817   -2.96745   -2.96745
  -1.68141   -1.68140   -1.68009   -1.67988   -1.67791   -1.67779   -1.67706   -1.67699
  -1.67630   -1.67602   -1.67529   -1.67516   -1.67501   -1.67491   -1.67469   -1.67419
  -1.67415   -1.67375   -1.67357   -1.67310   -1.67248   -1.67221   -1.67076   -1.67058
  -1.66976   -1.66934   -1.66918   -1.66917   -1.66527   -1.66509   -1.65288   -1.64983
  -1.64977   -1.64855   -1.64811   -1.64759   -1.64603   -1.64492   -1.64481   -1.64393
  -0.67280   -0.67211   -0.67202   -0.67174   -0.67144   -0.67129   -0.67088   -0.67068
  -0.67047   -0.67003   -0.66535   -0.66532   -0.66528   -0.66489   -0.66431   -0.66417
  -0.66412   -0.66389   -0.66377   -0.66354   -0.66345   -0.66341   -0.66309   -0.66226
  -0.66204   -0.66192   -0.66079   -0.66056   -0.66044   -0.66041   -0.38739   -0.38712
  -0.38559   -0.38388   -0.38249   -0.38229   -0.35723   -0.35305   -0.19459   -0.19419
  -0.18857   -0.18855   -0.18535   -0.18534   -0.18282   -0.18282   -0.18180   -0.18179
  -0.17947   -0.17946   -0.17155   -0.17141   -0.15345   -0.15171   -0.09809   -0.09801
  -0.03769   -0.03753    0.00671    0.00685    0.03046    0.03047    0.03091    0.03144
   0.03569    0.03711    0.04408    0.04511    0.04533    0.04672    0.05863    0.06258
   0.10324    0.10361    0.11952    0.12214    0.13708    0.13765    0.15038    0.15137
   0.16943    0.16965    0.17584    0.17624    0.18012    0.18025    0.18733
 kpt#  52, nband=135, wtk=  1.00000, kpt=  0.0000  0.5000  0.3125 (reduced coord)
  -4.73299   -4.73299   -2.96882   -2.96882   -2.96817   -2.96817   -2.96752   -2.96751
  -1.68150   -1.68146   -1.68009   -1.67988   -1.67794   -1.67784   -1.67707   -1.67700
  -1.67634   -1.67604   -1.67534   -1.67516   -1.67503   -1.67491   -1.67472   -1.67420
  -1.67418   -1.67399   -1.67376   -1.67321   -1.67252   -1.67239   -1.67085   -1.67079
  -1.66976   -1.66953   -1.66918   -1.66917   -1.66527   -1.66509   -1.65292   -1.64986
  -1.64977   -1.64887   -1.64813   -1.64760   -1.64603   -1.64509   -1.64492   -1.64394
  -0.67284   -0.67211   -0.67206   -0.67174   -0.67144   -0.67129   -0.67088   -0.67068
  -0.67047   -0.67003   -0.66537   -0.66535   -0.66532   -0.66489   -0.66431   -0.66417
  -0.66412   -0.66389   -0.66377   -0.66354   -0.66349   -0.66341   -0.66310   -0.66227
  -0.66208   -0.66192   -0.66079   -0.66056   -0.66044   -0.66041   -0.38739   -0.38712
  -0.38559   -0.38388   -0.38249   -0.38229   -0.35723   -0.35305   -0.19459   -0.19419
  -0.18857   -0.18855   -0.18537   -0.18537   -0.18282   -0.18282   -0.18193   -0.18192
  -0.17948   -0.17947   -0.17155   -0.17141   -0.15345   -0.15171   -0.09809   -0.09801
  -0.03769   -0.03753    0.00671    0.00685    0.03046    0.03047    0.03090    0.03143
   0.03569    0.03711    0.04408    0.04511    0.04533    0.04672    0.05863    0.06258
   0.10324    0.10361    0.11952    0.12214    0.13708    0.13765    0.15038    0.15137
   0.16943    0.16966    0.17584    0.17624    0.18011    0.18024    0.18735
 kpt#  53, nband=135, wtk=  1.00000, kpt=  0.0000  0.5000  0.2500 (reduced coord)
  -4.73299   -4.73299   -2.96894   -2.96893   -2.96826   -2.96826   -2.96761   -2.96761
  -1.68140   -1.68131   -1.68035   -1.68006   -1.67798   -1.67780   -1.67759   -1.67729
  -1.67630   -1.67624   -1.67555   -1.67524   -1.67521   -1.67517   -1.67501   -1.67499
  -1.67440   -1.67397   -1.67389   -1.67384   -1.67301   -1.67287   -1.67143   -1.67143
  -1.67052   -1.66971   -1.66969   -1.66946   -1.66569   -1.66552   -1.65309   -1.65043
  -1.65005   -1.64886   -1.64847   -1.64815   -1.64615   -1.64559   -1.64502   -1.64438
  -0.67281   -0.67215   -0.67203   -0.67177   -0.67147   -0.67140   -0.67091   -0.67076
  -0.67057   -0.67011   -0.66539   -0.66534   -0.66530   -0.66492   -0.66435   -0.66428
  -0.66420   -0.66393   -0.66386   -0.66361   -0.66350   -0.66346   -0.66311   -0.66236
  -0.66208   -0.66199   -0.66090   -0.66061   -0.66050   -0.66047   -0.38739   -0.38712
  -0.38559   -0.38388   -0.38249   -0.38229   -0.35723   -0.35305   -0.19459   -0.19419
  -0.18877   -0.18876   -0.18547   -0.18546   -0.18301   -0.18301   -0.18188   -0.18187
  -0.17979   -0.17978   -0.17155   -0.17141   -0.15345   -0.15171   -0.09811   -0.09803
  -0.03769   -0.03753    0.00671    0.00685    0.03045    0.03047    0.03088    0.03142
   0.03569    0.03711    0.04409    0.04508    0.04530    0.04673    0.05863    0.06258
   0.10324    0.10361    0.11952    0.12214    0.13707    0.13764    0.15038    0.15137
   0.16942    0.16965    0.17584    0.17623    0.18009    0.18022    0.18735
 kpt#  54, nband=135, wtk=  1.00000, kpt=  0.0000  0.5000  0.1875 (reduced coord)
  -4.73299   -4.73299   -2.96888   -2.96887   -2.96831   -2.96831   -2.96761   -2.96761
  -1.68121   -1.68107   -1.68014   -1.67980   -1.67807   -1.67791   -1.67764   -1.67735
  -1.67628   -1.67620   -1.67547   -1.67527   -1.67522   -1.67511   -1.67498   -1.67493
  -1.67422   -1.67400   -1.67386   -1.67386   -1.67298   -1.67287   -1.67146   -1.67128
  -1.67038   -1.66974   -1.66971   -1.66939   -1.66613   -1.66594   -1.65304   -1.65025
  -1.65012   -1.64894   -1.64851   -1.64837   -1.64613   -1.64548   -1.64511   -1.64450
  -0.67282   -0.67213   -0.67204   -0.67177   -0.67144   -0.67138   -0.67091   -0.67080
  -0.67055   -0.67013   -0.66537   -0.66534   -0.66532   -0.66490   -0.66432   -0.66426
  -0.66418   -0.66393   -0.66388   -0.66357   -0.66353   -0.66352   -0.66311   -0.66233
  -0.66209   -0.66199   -0.66089   -0.66062   -0.66051   -0.66047   -0.38739   -0.38712
  -0.38559   -0.38388   -0.38249   -0.38229   -0.35723   -0.35305   -0.19459   -0.19419
  -0.18880   -0.18879   -0.18555   -0.18554   -0.18301   -0.18301   -0.18183   -0.18183
  -0.17972   -0.17971   -0.17155   -0.17141   -0.15345   -0.15171   -0.09811   -0.09803
  -0.03769   -0.03753    0.00671    0.00685    0.03045    0.03047    0.03088    0.03142
   0.03568    0.03710    0.04409    0.04508    0.04530    0.04672    0.05862    0.06258
   0.10324    0.10361    0.11951    0.12214    0.13707    0.13764    0.15039    0.15138
   0.16943    0.16966    0.17582    0.17622    0.18008    0.18021    0.18733
 kpt#  55, nband=135, wtk=  1.00000, kpt=  0.0000  0.5000  0.1250 (reduced coord)
  -4.73299   -4.73299   -2.96874   -2.96873   -2.96816   -2.96816   -2.96772   -2.96772
  -1.68084   -1.68070   -1.67947   -1.67917   -1.67799   -1.67773   -1.67733   -1.67707
  -1.67632   -1.67599   -1.67514   -1.67499   -1.67491   -1.67485   -1.67461   -1.67459
  -1.67408   -1.67393   -1.67363   -1.67340   -1.67295   -1.67274   -1.67072   -1.67028
  -1.67013   -1.66976   -1.66971   -1.66943   -1.66703   -1.66679   -1.65245   -1.65024
  -1.64988   -1.64867   -1.64865   -1.64785   -1.64618   -1.64540   -1.64498   -1.64479
  -0.67278   -0.67204   -0.67200   -0.67165   -0.67139   -0.67133   -0.67089   -0.67081
  -0.67058   -0.67020   -0.66532   -0.66529   -0.66526   -0.66481   -0.66428   -0.66422
  -0.66418   -0.66396   -0.66383   -0.66368   -0.66347   -0.66343   -0.66301   -0.66235
  -0.66205   -0.66200   -0.66090   -0.66059   -0.66058   -0.66035   -0.38739   -0.38712
  -0.38559   -0.38388   -0.38249   -0.38229   -0.35723   -0.35305   -0.19459   -0.19419
  -0.18879   -0.18878   -0.18515   -0.18514   -0.18294   -0.18294   -0.18178   -0.18178
  -0.17974   -0.17973   -0.17155   -0.17141   -0.15345   -0.15171   -0.09811   -0.09802
  -0.03769   -0.03753    0.00671    0.00686    0.03045    0.03047    0.03088    0.03143
   0.03568    0.03710    0.04410    0.04507    0.04529    0.04673    0.05862    0.06258
   0.10324    0.10361    0.11952    0.12214    0.13708    0.13765    0.15040    0.15138
   0.16943    0.16967    0.17580    0.17620    0.18009    0.18021    0.18731
 kpt#  56, nband=135, wtk=  1.00000, kpt=  0.0000  0.5000  0.0625 (reduced coord)
  -4.73299   -4.73299   -2.96885   -2.96885   -2.96822   -2.96821   -2.96784   -2.96784
  -1.68141   -1.68132   -1.68015   -1.67978   -1.67872   -1.67863   -1.67856   -1.67810
  -1.67693   -1.67650   -1.67565   -1.67529   -1.67516   -1.67490   -1.67482   -1.67474
  -1.67456   -1.67415   -1.67328   -1.67302   -1.67267   -1.67243   -1.67074   -1.67064
  -1.67024   -1.66999   -1.66973   -1.66904   -1.66750   -1.66725   -1.65282   -1.65046
  -1.64995   -1.64907   -1.64844   -1.64843   -1.64626   -1.64586   -1.64550   -1.64476
  -0.67282   -0.67205   -0.67204   -0.67172   -0.67146   -0.67136   -0.67095   -0.67086
  -0.67064   -0.67029   -0.66532   -0.66530   -0.66527   -0.66489   -0.66433   -0.66427
  -0.66424   -0.66405   -0.66389   -0.66373   -0.66346   -0.66344   -0.66308   -0.66241
  -0.66208   -0.66206   -0.66095   -0.66066   -0.66060   -0.66041   -0.38739   -0.38712
  -0.38559   -0.38388   -0.38249   -0.38229   -0.35723   -0.35305   -0.19459   -0.19419
  -0.18901   -0.18899   -0.18523   -0.18523   -0.18309   -0.18309   -0.18195   -0.18195
  -0.17994   -0.17993   -0.17155   -0.17141   -0.15345   -0.15171   -0.09812   -0.09804
  -0.03769   -0.03753    0.00671    0.00686    0.03046    0.03048    0.03088    0.03142
   0.03567    0.03709    0.04409    0.04506    0.04528    0.04672    0.05862    0.06258
   0.10325    0.10362    0.11950    0.12213    0.13707    0.13764    0.15039    0.15138
   0.16943    0.16966    0.17579    0.17618    0.18009    0.18020    0.18731
 kpt#  57, nband=135, wtk=  1.00000, kpt=  0.0000  0.5000  0.0000 (reduced coord)
  -4.73299   -4.73299   -2.96893   -2.96893   -2.96839   -2.96839   -2.96799   -2.96799
  -1.68177   -1.68167   -1.68028   -1.67990   -1.67921   -1.67916   -1.67902   -1.67851
  -1.67746   -1.67741   -1.67610   -1.67541   -1.67525   -1.67518   -1.67497   -1.67492
  -1.67467   -1.67452   -1.67350   -1.67336   -1.67311   -1.67277   -1.67164   -1.67086
  -1.67084   -1.67068   -1.67063   -1.67045   -1.66767   -1.66738   -1.65310   -1.65069
  -1.65042   -1.64929   -1.64928   -1.64878   -1.64672   -1.64614   -1.64570   -1.64566
  -0.67294   -0.67215   -0.67212   -0.67177   -0.67151   -0.67141   -0.67101   -0.67091
  -0.67068   -0.67032   -0.66544   -0.66540   -0.66538   -0.66493   -0.66438   -0.66432
  -0.66432   -0.66408   -0.66394   -0.66377   -0.66359   -0.66353   -0.66312   -0.66244
  -0.66221   -0.66211   -0.66101   -0.66069   -0.66068   -0.66047   -0.38739   -0.38712
  -0.38559   -0.38388   -0.38249   -0.38229   -0.35723   -0.35305   -0.19459   -0.19419
  -0.18916   -0.18914   -0.18555   -0.18554   -0.18328   -0.18327   -0.18219   -0.18219
  -0.18008   -0.18008   -0.17155   -0.17141   -0.15345   -0.15171   -0.09815   -0.09807
  -0.03769   -0.03753    0.00671    0.00685    0.03045    0.03047    0.03084    0.03138
   0.03567    0.03709    0.04408    0.04504    0.04526    0.04672    0.05862    0.06257
   0.10323    0.10360    0.11950    0.12212    0.13706    0.13763    0.15039    0.15137
   0.16942    0.16966    0.17579    0.17618    0.18006    0.18019    0.18763
