 Fermi (or HOMO) energy (hartree) =   0.10217   Average Vxc (hartree)=  -0.29200
 Eigenvalues (hartree) for nkpt=   6  k points:
 kpt#   1, nband= 98, wtk=  0.11111, kpt=  0.0833  0.0833  0.5000 (reduced coord)
  -4.75286   -4.75285   -2.99036   -2.99004   -2.98806   -2.98793   -2.98748   -2.98733
  -1.70839   -1.70818   -1.70731   -1.70626   -1.70529   -1.70408   -1.70312   -1.70298
  -1.70272   -1.70229   -1.70146   -1.70076   -1.70029   -1.69991   -1.69863   -1.69618
  -1.69597   -1.69511   -1.69295   -1.69295   -1.68565   -1.68463   -1.68335   -1.68302
  -1.68263   -1.68175   -1.68096   -1.68038   -1.67843   -1.67765   -0.69872   -0.69856
  -0.69724   -0.69722   -0.69707   -0.69707   -0.69674   -0.69656   -0.69621   -0.69618
  -0.69604   -0.69584   -0.69581   -0.69446   -0.69441   -0.69419   -0.69312   -0.69311
  -0.69268   -0.69251   -0.44966   -0.42971   -0.42388   -0.40261   -0.39330   -0.38406
  -0.21579   -0.21410   -0.21327   -0.21313   -0.21225   -0.20116   -0.19979   -0.19896
  -0.19408   -0.19322   -0.16992   -0.15996   -0.13038   -0.11359   -0.09445   -0.08429
  -0.06583   -0.04204   -0.04046   -0.03543   -0.03126   -0.01450   -0.01075   -0.00721
   0.00499    0.00511    0.03226    0.03503    0.03862    0.04046    0.04099    0.09045
   0.13492    0.14549
 kpt#   2, nband= 98, wtk=  0.22222, kpt=  0.2500  0.0833  0.5000 (reduced coord)
  -4.75286   -4.75284   -2.98937   -2.98802   -2.98782   -2.98768   -2.98744   -2.98733
  -1.70736   -1.70642   -1.70613   -1.70355   -1.70254   -1.70227   -1.70198   -1.70171
  -1.70060   -1.70000   -1.69913   -1.69829   -1.69787   -1.69737   -1.69663   -1.69566
  -1.69438   -1.69294   -1.69200   -1.69108   -1.68464   -1.68341   -1.68262   -1.68166
  -1.68065   -1.67917   -1.67867   -1.67753   -1.67689   -1.67554   -0.69820   -0.69803
  -0.69689   -0.69677   -0.69669   -0.69653   -0.69651   -0.69639   -0.69606   -0.69591
  -0.69582   -0.69568   -0.69506   -0.69453   -0.69423   -0.69383   -0.69273   -0.69266
  -0.69249   -0.69244   -0.43908   -0.42242   -0.41682   -0.40074   -0.38951   -0.38430
  -0.21510   -0.21063   -0.21007   -0.20961   -0.20816   -0.20276   -0.19824   -0.19765
  -0.19541   -0.19496   -0.19251   -0.18575   -0.16215   -0.13650   -0.10806   -0.09060
  -0.07972   -0.06150   -0.03759   -0.02459   -0.01870   -0.01171   -0.00044    0.00803
   0.00922    0.01491    0.02785    0.03462    0.04506    0.06794    0.07412    0.10163
   0.14065    0.15591
 kpt#   3, nband= 98, wtk=  0.22222, kpt=  0.4167  0.0833  0.5000 (reduced coord)
  -4.75285   -4.75285   -2.98928   -2.98861   -2.98822   -2.98752   -2.98749   -2.98741
  -1.70613   -1.70572   -1.70491   -1.70473   -1.70367   -1.70205   -1.70182   -1.70171
  -1.70083   -1.70035   -1.70022   -1.69963   -1.69891   -1.69822   -1.69753   -1.69579
  -1.69471   -1.69319   -1.69305   -1.69254   -1.68535   -1.68279   -1.68214   -1.68143
  -1.68077   -1.68049   -1.67912   -1.67876   -1.67750   -1.67745   -0.69767   -0.69745
  -0.69714   -0.69705   -0.69682   -0.69660   -0.69655   -0.69637   -0.69618   -0.69605
  -0.69584   -0.69567   -0.69533   -0.69472   -0.69429   -0.69370   -0.69306   -0.69286
  -0.69256   -0.69243   -0.42211   -0.41349   -0.41070   -0.40070   -0.38729   -0.38618
  -0.21281   -0.21162   -0.20881   -0.20742   -0.20674   -0.20570   -0.20474   -0.20387
  -0.20138   -0.20117   -0.19951   -0.19592   -0.18582   -0.17313   -0.11767   -0.11671
  -0.06676   -0.03786   -0.03250   -0.01657   -0.01012   -0.00093    0.00479    0.00995
   0.01129    0.01760    0.02499    0.03807    0.07316    0.08169    0.08636    0.09772
   0.13029    0.13122
 kpt#   4, nband= 98, wtk=  0.11111, kpt=  0.2500  0.2500  0.5000 (reduced coord)
  -4.75287   -4.75284   -2.98922   -2.98867   -2.98859   -2.98817   -2.98801   -2.98748
  -1.70827   -1.70730   -1.70674   -1.70541   -1.70463   -1.70301   -1.70262   -1.70184
  -1.70169   -1.70127   -1.70064   -1.69994   -1.69950   -1.69936   -1.69796   -1.69539
  -1.69523   -1.69444   -1.69436   -1.69292   -1.68535   -1.68342   -1.68318   -1.68257
  -1.68178   -1.68124   -1.67932   -1.67903   -1.67871   -1.67868   -0.69801   -0.69791
  -0.69764   -0.69755   -0.69697   -0.69675   -0.69644   -0.69634   -0.69627   -0.69599
  -0.69597   -0.69572   -0.69522   -0.69473   -0.69469   -0.69387   -0.69337   -0.69286
  -0.69279   -0.69231   -0.42922   -0.41610   -0.41043   -0.39860   -0.38503   -0.38227
  -0.21833   -0.20933   -0.20792   -0.20739   -0.20535   -0.20381   -0.20009   -0.19961
  -0.19739   -0.19681   -0.19304   -0.18512   -0.16305   -0.14378   -0.10794   -0.10237
  -0.08225   -0.07814   -0.07511   -0.05327   -0.04397   -0.02370   -0.01773   -0.01393
   0.00341    0.00785    0.01182    0.03141    0.05747    0.06153    0.07571    0.10217
   0.13920    0.15468
 kpt#   5, nband= 98, wtk=  0.22222, kpt=  0.4167  0.2500  0.5000 (reduced coord)
  -4.75286   -4.75285   -2.98960   -2.98889   -2.98817   -2.98816   -2.98807   -2.98745
  -1.70787   -1.70730   -1.70604   -1.70438   -1.70353   -1.70252   -1.70238   -1.70197
  -1.70153   -1.70112   -1.70106   -1.70062   -1.70023   -1.69929   -1.69891   -1.69565
  -1.69525   -1.69489   -1.69460   -1.69364   -1.68449   -1.68346   -1.68302   -1.68289
  -1.68263   -1.68155   -1.68004   -1.67960   -1.67955   -1.67863   -0.69819   -0.69789
  -0.69776   -0.69749   -0.69693   -0.69674   -0.69642   -0.69633   -0.69625   -0.69616
  -0.69592   -0.69571   -0.69524   -0.69486   -0.69463   -0.69380   -0.69353   -0.69297
  -0.69273   -0.69234   -0.41435   -0.40874   -0.40545   -0.39731   -0.38179   -0.38027
  -0.21631   -0.20944   -0.20725   -0.20641   -0.20529   -0.20148   -0.20144   -0.20036
  -0.19852   -0.19840   -0.19639   -0.19415   -0.16975   -0.16177   -0.11217   -0.10695
  -0.09344   -0.07438   -0.05894   -0.05027   -0.04501   -0.04256   -0.03456   -0.02312
  -0.01303   -0.00848   -0.00000    0.00829    0.02061    0.03353    0.05540    0.07461
   0.15588    0.18008
 kpt#   6, nband= 98, wtk=  0.11111, kpt=  0.4167  0.4167  0.5000 (reduced coord)
  -4.75286   -4.75285   -2.98942   -2.98862   -2.98820   -2.98812   -2.98793   -2.98719
  -1.70696   -1.70648   -1.70538   -1.70422   -1.70283   -1.70268   -1.70230   -1.70200
  -1.70140   -1.70136   -1.70092   -1.70040   -1.70016   -1.69968   -1.69958   -1.69565
  -1.69521   -1.69460   -1.69399   -1.69353   -1.68408   -1.68390   -1.68206   -1.68149
  -1.68119   -1.68052   -1.68024   -1.67897   -1.67783   -1.67742   -0.69842   -0.69810
  -0.69785   -0.69753   -0.69695   -0.69685   -0.69654   -0.69631   -0.69603   -0.69588
  -0.69576   -0.69545   -0.69512   -0.69479   -0.69473   -0.69400   -0.69342   -0.69283
  -0.69265   -0.69217   -0.40472   -0.40368   -0.40053   -0.39386   -0.37576   -0.37390
  -0.21803   -0.21462   -0.20576   -0.20546   -0.20235   -0.19909   -0.19847   -0.19821
  -0.19787   -0.19777   -0.17826   -0.17632   -0.14784   -0.14035   -0.12984   -0.10912
  -0.10667   -0.10127   -0.09429   -0.08337   -0.06986   -0.06124   -0.04840   -0.04757
  -0.03790   -0.02774   -0.02483   -0.02238   -0.01359   -0.00532    0.05438    0.06647
   0.17145    0.18767
