 Fermi (or HOMO) energy (hartree) =   0.05898   Average Vxc (hartree)=  -0.25694
 Eigenvalues (hartree) for nkpt=  15  k points:
 kpt#   1, nband= 67, wtk=  0.04000, kpt=  0.0500  0.0500  0.2500 (reduced coord)
  -4.80723   -4.80722   -3.04461   -3.04436   -3.04257   -3.04194   -3.04178   -3.04158
  -1.75664   -1.75583   -1.75582   -1.75456   -1.75433   -1.75183   -1.75139   -1.74998
  -1.74798   -1.74736   -1.72706   -1.72651   -1.72613   -1.72579   -1.72475   -1.72214
  -1.72175   -1.72076   -1.71731   -1.71692   -0.73419   -0.73322   -0.73303   -0.73227
  -0.73224   -0.73048   -0.73031   -0.73025   -0.72921   -0.72918   -0.47979   -0.46399
  -0.45246   -0.42145   -0.26996   -0.26820   -0.26777   -0.26729   -0.26708   -0.25499
  -0.25489   -0.25181   -0.24827   -0.24653   -0.17673   -0.15602   -0.13987   -0.08902
  -0.08241   -0.07835   -0.07472   -0.06418   -0.03190   -0.02492   -0.01811   -0.01051
  -0.01010    0.03227    0.07063
 kpt#   2, nband= 67, wtk=  0.08000, kpt=  0.1500  0.0500  0.2500 (reduced coord)
  -4.80722   -4.80721   -3.04417   -3.04358   -3.04228   -3.04208   -3.04173   -3.04166
  -1.75660   -1.75552   -1.75515   -1.75441   -1.75344   -1.75103   -1.74961   -1.74827
  -1.74746   -1.74686   -1.72641   -1.72558   -1.72469   -1.72413   -1.72362   -1.72191
  -1.72153   -1.72044   -1.71782   -1.71659   -0.73388   -0.73306   -0.73286   -0.73216
  -0.73214   -0.73053   -0.73026   -0.73008   -0.72914   -0.72910   -0.47713   -0.46039
  -0.45185   -0.42043   -0.26959   -0.26692   -0.26631   -0.26578   -0.26505   -0.25544
  -0.25288   -0.25211   -0.25035   -0.24750   -0.19191   -0.16206   -0.15058   -0.10859
  -0.08931   -0.07663   -0.07279   -0.04707   -0.03081   -0.02586   -0.02175   -0.01123
   0.00617    0.03145    0.08522
 kpt#   3, nband= 67, wtk=  0.08000, kpt=  0.2500  0.0500  0.2500 (reduced coord)
  -4.80722   -4.80721   -3.04374   -3.04237   -3.04191   -3.04177   -3.04169   -3.04103
  -1.75495   -1.75454   -1.75330   -1.75206   -1.75092   -1.74976   -1.74821   -1.74691
  -1.74644   -1.74543   -1.72541   -1.72497   -1.72380   -1.72245   -1.72216   -1.71902
  -1.71864   -1.71783   -1.71733   -1.71613   -0.73370   -0.73249   -0.73230   -0.73220
  -0.73205   -0.73049   -0.72971   -0.72930   -0.72926   -0.72904   -0.47235   -0.45476
  -0.45001   -0.41942   -0.26836   -0.26479   -0.26391   -0.26364   -0.26266   -0.25649
  -0.25237   -0.25157   -0.24901   -0.24821   -0.21175   -0.18287   -0.15771   -0.13821
  -0.08630   -0.06743   -0.06287   -0.04026   -0.03564   -0.02305   -0.01607   -0.01294
   0.02715    0.03358    0.09100
 kpt#   4, nband= 67, wtk=  0.08000, kpt=  0.3500  0.0500  0.2500 (reduced coord)
  -4.80722   -4.80721   -3.04344   -3.04241   -3.04225   -3.04183   -3.04177   -3.04141
  -1.75430   -1.75384   -1.75290   -1.75245   -1.75147   -1.74988   -1.74937   -1.74807
  -1.74759   -1.74572   -1.72538   -1.72382   -1.72350   -1.72297   -1.72184   -1.72105
  -1.72021   -1.71892   -1.71665   -1.71608   -0.73342   -0.73263   -0.73243   -0.73229
  -0.73207   -0.73029   -0.72979   -0.72952   -0.72935   -0.72904   -0.46649   -0.45346
  -0.44252   -0.42026   -0.26640   -0.26305   -0.26178   -0.26075   -0.26017   -0.25854
  -0.25366   -0.25334   -0.25214   -0.24919   -0.22665   -0.20621   -0.16485   -0.16127
  -0.07825   -0.05443   -0.04938   -0.04403   -0.03737   -0.02046   -0.01257   -0.01079
   0.02963    0.05493    0.09518
 kpt#   5, nband= 67, wtk=  0.08000, kpt=  0.4500  0.0500  0.2500 (reduced coord)
  -4.80722   -4.80722   -3.04313   -3.04303   -3.04255   -3.04235   -3.04209   -3.04179
  -1.75620   -1.75505   -1.75411   -1.75304   -1.75244   -1.75026   -1.74916   -1.74905
  -1.74835   -1.74733   -1.72591   -1.72548   -1.72480   -1.72398   -1.72232   -1.72174
  -1.72085   -1.72017   -1.71775   -1.71684   -0.73339   -0.73295   -0.73254   -0.73244
  -0.73212   -0.73035   -0.73011   -0.72974   -0.72944   -0.72908   -0.46118   -0.45519
  -0.43281   -0.42470   -0.26441   -0.26217   -0.26095   -0.25924   -0.25879   -0.25686
  -0.25636   -0.25589   -0.25487   -0.25166   -0.23124   -0.22355   -0.17229   -0.17163
  -0.06906   -0.04930   -0.04113   -0.03990   -0.03017   -0.02574   -0.01788   -0.01322
   0.04483    0.05898    0.09628
 kpt#   6, nband= 67, wtk=  0.04000, kpt=  0.1500  0.1500  0.2500 (reduced coord)
  -4.80723   -4.80721   -3.04398   -3.04295   -3.04248   -3.04244   -3.04212   -3.04192
  -1.75715   -1.75685   -1.75583   -1.75514   -1.75241   -1.75057   -1.74908   -1.74844
  -1.74762   -1.74745   -1.72704   -1.72689   -1.72522   -1.72383   -1.72305   -1.72184
  -1.72125   -1.71966   -1.71828   -1.71724   -0.73377   -0.73286   -0.73286   -0.73236
  -0.73228   -0.73060   -0.73006   -0.73000   -0.72931   -0.72929   -0.47457   -0.45705
  -0.45095   -0.41933   -0.27080   -0.26557   -0.26551   -0.26526   -0.26410   -0.25532
  -0.25320   -0.25188   -0.25149   -0.24859   -0.19828   -0.16853   -0.15365   -0.10817
  -0.09947   -0.09259   -0.08275   -0.04660   -0.03153   -0.02697   -0.02675   -0.01111
   0.03098    0.03492    0.10538
 kpt#   7, nband= 67, wtk=  0.08000, kpt=  0.2500  0.1500  0.2500 (reduced coord)
  -4.80722   -4.80721   -3.04325   -3.04244   -3.04225   -3.04207   -3.04193   -3.04145
  -1.75572   -1.75447   -1.75363   -1.75151   -1.75079   -1.75048   -1.74971   -1.74763
  -1.74719   -1.74587   -1.72586   -1.72553   -1.72489   -1.72164   -1.72115   -1.72083
  -1.71949   -1.71857   -1.71729   -1.71668   -0.73359   -0.73267   -0.73231   -0.73227
  -0.73221   -0.73048   -0.72979   -0.72944   -0.72928   -0.72922   -0.46999   -0.45296
  -0.44752   -0.41810   -0.27043   -0.26374   -0.26330   -0.26278   -0.26094   -0.25613
  -0.25275   -0.25217   -0.25045   -0.24979   -0.21018   -0.18401   -0.15772   -0.13390
  -0.09709   -0.09185   -0.07866   -0.04917   -0.04165   -0.03183   -0.02969   -0.00199
   0.03939    0.04270    0.11149
 kpt#   8, nband= 67, wtk=  0.08000, kpt=  0.3500  0.1500  0.2500 (reduced coord)
  -4.80722   -4.80721   -3.04298   -3.04290   -3.04198   -3.04184   -3.04177   -3.04173
  -1.75431   -1.75355   -1.75343   -1.75215   -1.75156   -1.75007   -1.74899   -1.74836
  -1.74776   -1.74573   -1.72543   -1.72507   -1.72326   -1.72199   -1.72141   -1.72065
  -1.72008   -1.71867   -1.71760   -1.71663   -0.73333   -0.73298   -0.73238   -0.73219
  -0.73206   -0.73024   -0.73003   -0.72938   -0.72927   -0.72908   -0.46443   -0.45237
  -0.43928   -0.41856   -0.26892   -0.26225   -0.26139   -0.26020   -0.25891   -0.25836
  -0.25448   -0.25381   -0.25139   -0.24876   -0.22142   -0.20303   -0.16347   -0.15659
  -0.08756   -0.08011   -0.07071   -0.04700   -0.04374   -0.03844   -0.03516   -0.00779
   0.02348    0.04792    0.10651
 kpt#   9, nband= 67, wtk=  0.08000, kpt=  0.4500  0.1500  0.2500 (reduced coord)
  -4.80722   -4.80722   -3.04352   -3.04347   -3.04243   -3.04194   -3.04162   -3.04159
  -1.75566   -1.75479   -1.75413   -1.75358   -1.75181   -1.74964   -1.74932   -1.74866
  -1.74808   -1.74710   -1.72565   -1.72533   -1.72402   -1.72340   -1.72193   -1.72172
  -1.72097   -1.71930   -1.71823   -1.71696   -0.73335   -0.73308   -0.73240   -0.73238
  -0.73214   -0.73048   -0.73004   -0.72960   -0.72939   -0.72912   -0.45951   -0.45381
  -0.42996   -0.42243   -0.26612   -0.26352   -0.26112   -0.25987   -0.25798   -0.25692
  -0.25550   -0.25454   -0.25364   -0.25056   -0.22516   -0.21820   -0.16881   -0.16826
  -0.07447   -0.06612   -0.05955   -0.04957   -0.04804   -0.04456   -0.03843   -0.01966
   0.01782    0.03370    0.11096
 kpt#  10, nband= 67, wtk=  0.04000, kpt=  0.2500  0.2500  0.2500 (reduced coord)
  -4.80722   -4.80721   -3.04292   -3.04289   -3.04232   -3.04204   -3.04196   -3.04144
  -1.75453   -1.75416   -1.75297   -1.75232   -1.75126   -1.75033   -1.74884   -1.74853
  -1.74841   -1.74681   -1.72551   -1.72525   -1.72432   -1.72117   -1.72095   -1.72082
  -1.71998   -1.71934   -1.71870   -1.71630   -0.73350   -0.73308   -0.73226   -0.73220
  -0.73206   -0.73057   -0.73001   -0.72937   -0.72920   -0.72911   -0.46581   -0.45132
  -0.44162   -0.41640   -0.27163   -0.26243   -0.26175   -0.26156   -0.25891   -0.25771
  -0.25366   -0.25279   -0.25066   -0.24956   -0.20960   -0.18879   -0.15880   -0.13433
  -0.11576   -0.10935   -0.07512   -0.06706   -0.04938   -0.04259   -0.03534   -0.00322
   0.01219    0.05032    0.11002
 kpt#  11, nband= 67, wtk=  0.08000, kpt=  0.3500  0.2500  0.2500 (reduced coord)
  -4.80723   -4.80721   -3.04359   -3.04289   -3.04251   -3.04213   -3.04199   -3.04177
  -1.75534   -1.75475   -1.75406   -1.75286   -1.75249   -1.75100   -1.74981   -1.74873
  -1.74821   -1.74735   -1.72593   -1.72521   -1.72486   -1.72290   -1.72243   -1.72180
  -1.72101   -1.71916   -1.71812   -1.71781   -0.73368   -0.73331   -0.73235   -0.73223
  -0.73207   -0.73077   -0.73014   -0.72936   -0.72929   -0.72923   -0.46086   -0.45080
  -0.43338   -0.41602   -0.27163   -0.26186   -0.26158   -0.26089   -0.25953   -0.25691
  -0.25420   -0.25401   -0.25124   -0.24944   -0.21196   -0.19827   -0.16192   -0.15053
  -0.11793   -0.10143   -0.07328   -0.07079   -0.05778   -0.04910   -0.04348   -0.01731
  -0.01170    0.02751    0.11923
 kpt#  12, nband= 67, wtk=  0.08000, kpt=  0.4500  0.2500  0.2500 (reduced coord)
  -4.80722   -4.80722   -3.04372   -3.04342   -3.04242   -3.04215   -3.04193   -3.04159
  -1.75490   -1.75457   -1.75396   -1.75376   -1.75290   -1.75039   -1.74944   -1.74928
  -1.74874   -1.74813   -1.72581   -1.72510   -1.72400   -1.72352   -1.72223   -1.72174
  -1.72125   -1.72038   -1.71860   -1.71837   -0.73362   -0.73324   -0.73249   -0.73231
  -0.73217   -0.73067   -0.73005   -0.72952   -0.72938   -0.72931   -0.45670   -0.45154
  -0.42500   -0.41872   -0.26929   -0.26473   -0.26107   -0.26021   -0.25830   -0.25562
  -0.25424   -0.25354   -0.25296   -0.25047   -0.21322   -0.20800   -0.16478   -0.16213
  -0.10462   -0.08878   -0.07982   -0.06991   -0.06729   -0.05361   -0.04810   -0.03105
  -0.01518    0.00261    0.12924
 kpt#  13, nband= 67, wtk=  0.04000, kpt=  0.3500  0.3500  0.2500 (reduced coord)
  -4.80722   -4.80721   -3.04360   -3.04281   -3.04231   -3.04190   -3.04161   -3.04158
  -1.75460   -1.75408   -1.75367   -1.75248   -1.75238   -1.74954   -1.74925   -1.74877
  -1.74785   -1.74696   -1.72530   -1.72494   -1.72428   -1.72221   -1.72194   -1.72070
  -1.72050   -1.71922   -1.71822   -1.71629   -0.73373   -0.73306   -0.73230   -0.73228
  -0.73192   -0.73083   -0.72990   -0.72935   -0.72931   -0.72907   -0.45680   -0.44955
  -0.42610   -0.41428   -0.27243   -0.26377   -0.26113   -0.25904   -0.25866   -0.25424
  -0.25371   -0.25290   -0.25058   -0.25017   -0.20163   -0.19486   -0.16171   -0.15151
  -0.13492   -0.10905   -0.08478   -0.08210   -0.06889   -0.06623   -0.05406   -0.03427
  -0.02558    0.00409    0.13115
 kpt#  14, nband= 67, wtk=  0.08000, kpt=  0.4500  0.3500  0.2500 (reduced coord)
  -4.80722   -4.80722   -3.04341   -3.04303   -3.04241   -3.04237   -3.04221   -3.04180
  -1.75510   -1.75464   -1.75397   -1.75316   -1.75311   -1.75059   -1.74986   -1.74920
  -1.74881   -1.74813   -1.72585   -1.72508   -1.72465   -1.72380   -1.72223   -1.72143
  -1.72133   -1.72069   -1.71842   -1.71768   -0.73398   -0.73320   -0.73247   -0.73235
  -0.73199   -0.73103   -0.72996   -0.72946   -0.72937   -0.72919   -0.45375   -0.44924
  -0.41939   -0.41510   -0.27119   -0.26828   -0.26021   -0.25945   -0.25700   -0.25450
  -0.25348   -0.25257   -0.25164   -0.25056   -0.19648   -0.19426   -0.16195   -0.15862
  -0.13158   -0.11087   -0.09689   -0.08276   -0.08124   -0.06966   -0.06441   -0.05510
  -0.02251   -0.00865    0.13529
 kpt#  15, nband= 67, wtk=  0.04000, kpt=  0.4500  0.4500  0.2500 (reduced coord)
  -4.80722   -4.80722   -3.04324   -3.04287   -3.04250   -3.04243   -3.04230   -3.04163
  -1.75451   -1.75440   -1.75351   -1.75333   -1.75282   -1.75057   -1.75036   -1.75018
  -1.74853   -1.74741   -1.72561   -1.72489   -1.72483   -1.72407   -1.72214   -1.72140
  -1.72133   -1.72058   -1.71788   -1.71713   -0.73411   -0.73323   -0.73239   -0.73228
  -0.73187   -0.73119   -0.73003   -0.72942   -0.72929   -0.72909   -0.45183   -0.44781
  -0.41506   -0.41338   -0.27166   -0.27064   -0.25924   -0.25900   -0.25536   -0.25399
  -0.25240   -0.25185   -0.25171   -0.25119   -0.18160   -0.17912   -0.16111   -0.16006
  -0.14541   -0.13355   -0.09532   -0.09473   -0.08748   -0.08218   -0.08002   -0.07144
  -0.02063   -0.01171    0.13761
