 Eigenvalues (hartree) for nkpt=  42  k points:
 kpt#   1, nband= 34, wtk=  0.01389, kpt=  0.0417  0.0417  0.1250 (reduced coord)
  -1.76350   -1.76276   -1.76232   -1.76201   -1.76008   -1.75826   -1.75767   -1.75696
  -1.75277   -1.75217   -0.77004   -0.76879   -0.76860   -0.76833   -0.76804   -0.76792
  -0.76775   -0.76761   -0.76721   -0.76706   -0.49976   -0.45736   -0.21075   -0.17787
  -0.12162   -0.11026   -0.10236   -0.06646   -0.05719   -0.00815    0.06866    0.14433
   0.15618    0.18652
 kpt#   2, nband= 34, wtk=  0.02778, kpt=  0.1250  0.0417  0.1250 (reduced coord)
  -1.76265   -1.76203   -1.76156   -1.76137   -1.75979   -1.75925   -1.75765   -1.75639
  -1.75386   -1.75257   -0.76978   -0.76863   -0.76843   -0.76816   -0.76811   -0.76799
  -0.76789   -0.76773   -0.76729   -0.76707   -0.49708   -0.45659   -0.22264   -0.18854
  -0.12443   -0.11000   -0.08834   -0.06555   -0.03839   -0.00836    0.06859    0.14642
   0.15661    0.16618
 kpt#   3, nband= 34, wtk=  0.02778, kpt=  0.2083  0.0417  0.1250 (reduced coord)
  -1.76107   -1.76015   -1.75971   -1.75816   -1.75781   -1.75710   -1.75601   -1.75311
  -1.75184   -1.75148   -0.76941   -0.76832   -0.76798   -0.76792   -0.76774   -0.76766
  -0.76761   -0.76724   -0.76689   -0.76683   -0.49192   -0.45557   -0.23954   -0.20728
  -0.12199   -0.10328   -0.07280   -0.05963   -0.01569   -0.00988    0.07056    0.11873
   0.15220    0.16116
 kpt#   4, nband= 34, wtk=  0.02778, kpt=  0.2917  0.0417  0.1250 (reduced coord)
  -1.76151   -1.75950   -1.75832   -1.75797   -1.75716   -1.75520   -1.75403   -1.75329
  -1.75245   -1.75221   -0.76904   -0.76834   -0.76794   -0.76782   -0.76749   -0.76744
  -0.76735   -0.76721   -0.76719   -0.76682   -0.48477   -0.45526   -0.25503   -0.22828
  -0.11395   -0.09200   -0.06115   -0.05183   -0.01121    0.00659    0.07721    0.08740
   0.12628    0.13064
 kpt#   5, nband= 34, wtk=  0.02778, kpt=  0.3750  0.0417  0.1250 (reduced coord)
  -1.76186   -1.76072   -1.75866   -1.75850   -1.75836   -1.75729   -1.75659   -1.75613
  -1.75311   -1.75264   -0.76909   -0.76848   -0.76809   -0.76782   -0.76774   -0.76772
  -0.76770   -0.76748   -0.76734   -0.76701   -0.47644   -0.45686   -0.26495   -0.24703
  -0.10212   -0.07850   -0.05987   -0.04624   -0.00506    0.02408    0.06484    0.08903
   0.10105    0.10454
 kpt#   6, nband= 34, wtk=  0.02778, kpt=  0.4583  0.0417  0.1250 (reduced coord)
  -1.76220   -1.76140   -1.76107   -1.76016   -1.75859   -1.75842   -1.75788   -1.75631
  -1.75339   -1.75298   -0.76901   -0.76871   -0.76826   -0.76803   -0.76798   -0.76793
  -0.76767   -0.76752   -0.76738   -0.76724   -0.46811   -0.46120   -0.26697   -0.26062
  -0.08819   -0.07537   -0.05827   -0.04838    0.00956    0.02436    0.06176    0.07635
   0.09973    0.10544
 kpt#   7, nband= 34, wtk=  0.01389, kpt=  0.1250  0.1250  0.1250 (reduced coord)
  -1.76319   -1.76218   -1.76045   -1.76024   -1.75925   -1.75831   -1.75690   -1.75522
  -1.75346   -1.75177   -0.76967   -0.76859   -0.76840   -0.76813   -0.76796   -0.76774
  -0.76771   -0.76761   -0.76734   -0.76688   -0.49441   -0.45579   -0.22896   -0.19583
  -0.12316   -0.12293   -0.07702   -0.06769   -0.01627   -0.00669    0.06973    0.12152
   0.15279    0.16644
 kpt#   8, nband= 34, wtk=  0.02778, kpt=  0.2083  0.1250  0.1250 (reduced coord)
  -1.76196   -1.76067   -1.75995   -1.75817   -1.75797   -1.75743   -1.75640   -1.75398
  -1.75296   -1.75112   -0.76948   -0.76839   -0.76791   -0.76785   -0.76771   -0.76769
  -0.76752   -0.76732   -0.76724   -0.76713   -0.48932   -0.45468   -0.24025   -0.20992
  -0.12663   -0.11888   -0.07937   -0.05261   -0.00258    0.00218    0.07319    0.09314
   0.12962    0.15795
 kpt#   9, nband= 34, wtk=  0.02778, kpt=  0.2917  0.1250  0.1250 (reduced coord)
  -1.76170   -1.76053   -1.75922   -1.75776   -1.75704   -1.75561   -1.75460   -1.75366
  -1.75305   -1.75157   -0.76916   -0.76828   -0.76799   -0.76781   -0.76757   -0.76745
  -0.76736   -0.76726   -0.76723   -0.76706   -0.48228   -0.45420   -0.25249   -0.22751
  -0.12093   -0.11120   -0.07467   -0.04912    0.00479    0.00515    0.07894    0.08296
   0.09949    0.14774
 kpt#  10, nband= 34, wtk=  0.02778, kpt=  0.3750  0.1250  0.1250 (reduced coord)
  -1.76183   -1.76078   -1.75952   -1.75855   -1.75839   -1.75760   -1.75632   -1.75546
  -1.75378   -1.75269   -0.76905   -0.76856   -0.76821   -0.76803   -0.76782   -0.76765
  -0.76746   -0.76738   -0.76737   -0.76720   -0.47415   -0.45554   -0.26100   -0.24429
  -0.10877   -0.10029   -0.06949   -0.05620   -0.00547    0.01083    0.07213    0.08991
   0.09838    0.12843
 kpt#  11, nband= 34, wtk=  0.02778, kpt=  0.4583  0.1250  0.1250 (reduced coord)
  -1.76145   -1.76063   -1.76022   -1.75980   -1.75921   -1.75851   -1.75670   -1.75613
  -1.75345   -1.75293   -0.76899   -0.76889   -0.76835   -0.76816   -0.76791   -0.76770
  -0.76755   -0.76745   -0.76721   -0.76709   -0.46611   -0.45955   -0.26273   -0.25681
  -0.09374   -0.08898   -0.07221   -0.06796   -0.00680    0.00394    0.07348    0.08668
   0.11333    0.12326
 kpt#  12, nband= 34, wtk=  0.01389, kpt=  0.2083  0.2083  0.1250 (reduced coord)
  -1.76185   -1.76130   -1.76071   -1.75771   -1.75739   -1.75706   -1.75592   -1.75390
  -1.75136   -1.75122   -0.76929   -0.76838   -0.76810   -0.76777   -0.76771   -0.76770
  -0.76735   -0.76731   -0.76724   -0.76699   -0.48436   -0.45336   -0.24302   -0.21645
  -0.14210   -0.11324   -0.09328   -0.04513   -0.00023    0.01093    0.07631    0.09043
   0.10131    0.16132
 kpt#  13, nband= 34, wtk=  0.02778, kpt=  0.2917  0.2083  0.1250 (reduced coord)
  -1.76123   -1.76093   -1.76023   -1.75736   -1.75683   -1.75644   -1.75555   -1.75432
  -1.75420   -1.75188   -0.76916   -0.76859   -0.76823   -0.76801   -0.76758   -0.76756
  -0.76734   -0.76729   -0.76710   -0.76704   -0.47760   -0.45253   -0.24832   -0.22715
  -0.14571   -0.10637   -0.09651   -0.04832   -0.02223    0.01401    0.07247    0.10121
   0.10966    0.15390
 kpt#  14, nband= 34, wtk=  0.02778, kpt=  0.3750  0.2083  0.1250 (reduced coord)
  -1.76259   -1.76165   -1.75989   -1.75863   -1.75846   -1.75750   -1.75681   -1.75550
  -1.75332   -1.75293   -0.76914   -0.76902   -0.76826   -0.76819   -0.76791   -0.76760
  -0.76748   -0.76733   -0.76722   -0.76703   -0.46990   -0.45333   -0.25339   -0.23940
  -0.13838   -0.09841   -0.09517   -0.05790   -0.04116   -0.00330    0.08037    0.11720
   0.12912    0.13985
 kpt#  15, nband= 34, wtk=  0.02778, kpt=  0.4583  0.2083  0.1250 (reduced coord)
  -1.76209   -1.76123   -1.76001   -1.75924   -1.75901   -1.75797   -1.75739   -1.75588
  -1.75407   -1.75380   -0.76909   -0.76890   -0.76828   -0.76815   -0.76783   -0.76771
  -0.76759   -0.76748   -0.76743   -0.76731   -0.46246   -0.45664   -0.25434   -0.24940
  -0.12366   -0.10647   -0.08508   -0.07108   -0.04095   -0.02503    0.09629    0.11496
   0.13579    0.14659
 kpt#  16, nband= 34, wtk=  0.01389, kpt=  0.2917  0.2917  0.1250 (reduced coord)
  -1.76194   -1.76108   -1.75994   -1.75804   -1.75708   -1.75681   -1.75485   -1.75374
  -1.75368   -1.75178   -0.76902   -0.76895   -0.76817   -0.76811   -0.76772   -0.76757
  -0.76730   -0.76729   -0.76708   -0.76676   -0.47131   -0.45110   -0.24456   -0.22902
  -0.16050   -0.10976   -0.10170   -0.05409   -0.05138   -0.00457    0.08246    0.12269
   0.14304    0.15161
 kpt#  17, nband= 34, wtk=  0.02778, kpt=  0.3750  0.2917  0.1250 (reduced coord)
  -1.76284   -1.76142   -1.75889   -1.75878   -1.75717   -1.75669   -1.75513   -1.75446
  -1.75278   -1.75245   -0.76909   -0.76903   -0.76821   -0.76804   -0.76795   -0.76750
  -0.76733   -0.76720   -0.76704   -0.76689   -0.46434   -0.45104   -0.24301   -0.23367
  -0.16174   -0.11486   -0.10451   -0.06613   -0.06492   -0.02760    0.09741    0.14191
   0.14932    0.17261
 kpt#  18, nband= 34, wtk=  0.02778, kpt=  0.4583  0.2917  0.1250 (reduced coord)
  -1.76148   -1.76126   -1.75986   -1.75914   -1.75779   -1.75698   -1.75678   -1.75585
  -1.75497   -1.75352   -0.76927   -0.76925   -0.76811   -0.76806   -0.76782   -0.76774
  -0.76764   -0.76751   -0.76708   -0.76699   -0.45791   -0.45325   -0.24208   -0.23893
  -0.15056   -0.13177   -0.09828   -0.08279   -0.05893   -0.04562    0.11281    0.12816
   0.17290    0.18534
 kpt#  19, nband= 34, wtk=  0.01389, kpt=  0.3750  0.3750  0.1250 (reduced coord)
  -1.76306   -1.76085   -1.75986   -1.75849   -1.75831   -1.75651   -1.75627   -1.75609
  -1.75474   -1.75248   -0.76935   -0.76923   -0.76830   -0.76801   -0.76776   -0.76771
  -0.76756   -0.76743   -0.76714   -0.76690   -0.45847   -0.44974   -0.23253   -0.22902
  -0.17442   -0.12875   -0.12255   -0.08427   -0.06646   -0.04245    0.11276    0.14183
   0.18270    0.19269
 kpt#  20, nband= 34, wtk=  0.02778, kpt=  0.4583  0.3750  0.1250 (reduced coord)
  -1.76211   -1.76149   -1.76108   -1.75992   -1.75934   -1.75792   -1.75741   -1.75647
  -1.75427   -1.75389   -0.76955   -0.76935   -0.76834   -0.76821   -0.76785   -0.76773
  -0.76764   -0.76760   -0.76727   -0.76705   -0.45348   -0.45042   -0.22689   -0.22661
  -0.17121   -0.15343   -0.11923   -0.10475   -0.05975   -0.05158    0.12645    0.13660
   0.19219    0.20217
 kpt#  21, nband= 34, wtk=  0.01389, kpt=  0.4583  0.4583  0.1250 (reduced coord)
  -1.76210   -1.76018   -1.75953   -1.75893   -1.75761   -1.75686   -1.75656   -1.75472
  -1.75259   -1.75183   -0.76940   -0.76912   -0.76806   -0.76799   -0.76790   -0.76757
  -0.76747   -0.76737   -0.76695   -0.76672   -0.45028   -0.44922   -0.21521   -0.21344
  -0.18180   -0.17256   -0.12943   -0.12315   -0.05672   -0.05392    0.13726    0.14080
   0.18480    0.18891
 kpt#  22, nband= 34, wtk=  0.01389, kpt=  0.0417  0.0417  0.3750 (reduced coord)
  -1.76357   -1.76292   -1.76258   -1.76255   -1.76173   -1.75726   -1.75682   -1.75512
  -1.75130   -1.75125   -0.77045   -0.76881   -0.76838   -0.76818   -0.76788   -0.76787
  -0.76775   -0.76765   -0.76690   -0.76686   -0.49976   -0.45737   -0.21076   -0.17787
  -0.12159   -0.11026   -0.10237   -0.06646   -0.05718   -0.00820    0.06683    0.15621
   0.16111    0.18330
 kpt#  23, nband= 34, wtk=  0.02778, kpt=  0.1250  0.0417  0.3750 (reduced coord)
  -1.76282   -1.76200   -1.76112   -1.76075   -1.76042   -1.75785   -1.75714   -1.75580
  -1.75307   -1.75165   -0.76991   -0.76853   -0.76834   -0.76816   -0.76814   -0.76803
  -0.76761   -0.76744   -0.76719   -0.76696   -0.49708   -0.45660   -0.22264   -0.18854
  -0.12441   -0.11000   -0.08834   -0.06555   -0.03838   -0.00838    0.06693    0.15245
   0.16618    0.16664
 kpt#  24, nband= 34, wtk=  0.02778, kpt=  0.2083  0.0417  0.3750 (reduced coord)
  -1.76258   -1.76205   -1.76176   -1.75973   -1.75898   -1.75827   -1.75589   -1.75470
  -1.75430   -1.75279   -0.76979   -0.76836   -0.76833   -0.76799   -0.76788   -0.76779
  -0.76762   -0.76760   -0.76739   -0.76718   -0.49192   -0.45557   -0.23954   -0.20729
  -0.12198   -0.10329   -0.07281   -0.05964   -0.01568   -0.00990    0.06914    0.11876
   0.15454    0.16118
 kpt#  25, nband= 34, wtk=  0.02778, kpt=  0.2917  0.0417  0.3750 (reduced coord)
  -1.76106   -1.76101   -1.75917   -1.75873   -1.75769   -1.75521   -1.75371   -1.75267
  -1.75239   -1.75162   -0.76917   -0.76839   -0.76790   -0.76771   -0.76760   -0.76743
  -0.76734   -0.76726   -0.76725   -0.76685   -0.48477   -0.45526   -0.25503   -0.22828
  -0.11394   -0.09199   -0.06115   -0.05183   -0.01121    0.00662    0.07603    0.08737
   0.12633    0.13066
 kpt#  26, nband= 34, wtk=  0.02778, kpt=  0.3750  0.0417  0.3750 (reduced coord)
  -1.76145   -1.76012   -1.75950   -1.75857   -1.75722   -1.75581   -1.75544   -1.75310
  -1.75240   -1.75151   -0.76891   -0.76812   -0.76794   -0.76791   -0.76774   -0.76762
  -0.76734   -0.76722   -0.76719   -0.76707   -0.47644   -0.45686   -0.26495   -0.24703
  -0.10210   -0.07850   -0.05986   -0.04623   -0.00506    0.02413    0.06482    0.08812
   0.10108    0.10455
 kpt#  27, nband= 34, wtk=  0.02778, kpt=  0.4583  0.0417  0.3750 (reduced coord)
  -1.76208   -1.76075   -1.76044   -1.75978   -1.75701   -1.75668   -1.75532   -1.75476
  -1.75308   -1.75218   -0.76874   -0.76824   -0.76818   -0.76798   -0.76790   -0.76769
  -0.76762   -0.76747   -0.76722   -0.76704   -0.46811   -0.46120   -0.26696   -0.26061
  -0.08817   -0.07536   -0.05826   -0.04838    0.00957    0.02438    0.06177    0.07634
   0.09974    0.10487
 kpt#  28, nband= 34, wtk=  0.01389, kpt=  0.1250  0.1250  0.3750 (reduced coord)
  -1.76116   -1.76111   -1.76024   -1.75879   -1.75847   -1.75742   -1.75619   -1.75514
  -1.75330   -1.75223   -0.76962   -0.76812   -0.76811   -0.76796   -0.76796   -0.76787
  -0.76755   -0.76752   -0.76715   -0.76702   -0.49442   -0.45579   -0.22895   -0.19583
  -0.12315   -0.12291   -0.07701   -0.06770   -0.01625   -0.00671    0.06819    0.12153
   0.16643    0.16836
 kpt#  29, nband= 34, wtk=  0.02778, kpt=  0.2083  0.1250  0.3750 (reduced coord)
  -1.76225   -1.76088   -1.76014   -1.75744   -1.75721   -1.75631   -1.75497   -1.75410
  -1.75211   -1.75194   -0.76944   -0.76829   -0.76805   -0.76785   -0.76765   -0.76760
  -0.76756   -0.76727   -0.76704   -0.76694   -0.48932   -0.45468   -0.24025   -0.20992
  -0.12663   -0.11886   -0.07936   -0.05262   -0.00259    0.00220    0.07185    0.09311
   0.12961    0.16757
 kpt#  30, nband= 34, wtk=  0.02778, kpt=  0.2917  0.1250  0.3750 (reduced coord)
  -1.76110   -1.76078   -1.75888   -1.75703   -1.75603   -1.75479   -1.75450   -1.75306
  -1.75245   -1.75200   -0.76915   -0.76812   -0.76790   -0.76784   -0.76763   -0.76741
  -0.76729   -0.76712   -0.76706   -0.76699   -0.48228   -0.45420   -0.25249   -0.22751
  -0.12093   -0.11118   -0.07467   -0.04912    0.00481    0.00515    0.07793    0.08297
   0.09938    0.14869
 kpt#  31, nband= 34, wtk=  0.02778, kpt=  0.3750  0.1250  0.3750 (reduced coord)
  -1.76217   -1.76022   -1.75934   -1.75824   -1.75727   -1.75673   -1.75594   -1.75431
  -1.75331   -1.75201   -0.76888   -0.76842   -0.76809   -0.76800   -0.76786   -0.76760
  -0.76739   -0.76736   -0.76720   -0.76703   -0.47415   -0.45554   -0.26100   -0.24429
  -0.10876   -0.10027   -0.06949   -0.05619   -0.00546    0.01083    0.07193    0.08993
   0.09768    0.12855
 kpt#  32, nband= 34, wtk=  0.02778, kpt=  0.4583  0.1250  0.3750 (reduced coord)
  -1.76128   -1.76079   -1.75951   -1.75912   -1.75764   -1.75639   -1.75590   -1.75480
  -1.75405   -1.75311   -0.76868   -0.76858   -0.76818   -0.76806   -0.76763   -0.76762
  -0.76752   -0.76744   -0.76736   -0.76718   -0.46610   -0.45955   -0.26272   -0.25681
  -0.09374   -0.08896   -0.07220   -0.06795   -0.00679    0.00395    0.07335    0.08662
   0.11281    0.12319
 kpt#  33, nband= 34, wtk=  0.01389, kpt=  0.2083  0.2083  0.3750 (reduced coord)
  -1.76122   -1.76071   -1.76032   -1.75672   -1.75584   -1.75562   -1.75543   -1.75483
  -1.75267   -1.75193   -0.76929   -0.76834   -0.76779   -0.76776   -0.76767   -0.76752
  -0.76741   -0.76734   -0.76730   -0.76690   -0.48436   -0.45336   -0.24301   -0.21645
  -0.14210   -0.11322   -0.09328   -0.04514   -0.00022    0.01092    0.07523    0.09048
   0.10117    0.16683
 kpt#  34, nband= 34, wtk=  0.02778, kpt=  0.2917  0.2083  0.3750 (reduced coord)
  -1.76255   -1.76167   -1.76048   -1.75791   -1.75735   -1.75685   -1.75571   -1.75518
  -1.75418   -1.75278   -0.76921   -0.76867   -0.76826   -0.76808   -0.76773   -0.76769
  -0.76756   -0.76750   -0.76712   -0.76697   -0.47760   -0.45253   -0.24832   -0.22715
  -0.14571   -0.10636   -0.09651   -0.04832   -0.02223    0.01400    0.07198    0.10060
   0.10978    0.15500
 kpt#  35, nband= 34, wtk=  0.02778, kpt=  0.3750  0.2083  0.3750 (reduced coord)
  -1.76192   -1.76156   -1.75981   -1.75896   -1.75810   -1.75752   -1.75724   -1.75506
  -1.75438   -1.75320   -0.76912   -0.76895   -0.76833   -0.76814   -0.76779   -0.76761
  -0.76752   -0.76746   -0.76720   -0.76714   -0.46990   -0.45333   -0.25338   -0.23940
  -0.13839   -0.09840   -0.09518   -0.05789   -0.04115   -0.00330    0.07995    0.11673
   0.12904    0.14022
 kpt#  36, nband= 34, wtk=  0.02778, kpt=  0.4583  0.2083  0.3750 (reduced coord)
  -1.76166   -1.76053   -1.75944   -1.75826   -1.75757   -1.75664   -1.75657   -1.75562
  -1.75290   -1.75263   -0.76902   -0.76881   -0.76812   -0.76794   -0.76774   -0.76760
  -0.76751   -0.76733   -0.76714   -0.76712   -0.46246   -0.45664   -0.25434   -0.24940
  -0.12366   -0.10646   -0.08507   -0.07107   -0.04094   -0.02502    0.09590    0.11467
   0.13560    0.14674
 kpt#  37, nband= 34, wtk=  0.01389, kpt=  0.2917  0.2917  0.3750 (reduced coord)
  -1.76247   -1.76131   -1.75985   -1.75833   -1.75815   -1.75733   -1.75555   -1.75503
  -1.75432   -1.75385   -0.76918   -0.76896   -0.76810   -0.76809   -0.76789   -0.76770
  -0.76763   -0.76750   -0.76722   -0.76686   -0.47131   -0.45111   -0.24456   -0.22902
  -0.16050   -0.10977   -0.10169   -0.05409   -0.05138   -0.00456    0.08185    0.12229
   0.14351    0.15194
 kpt#  38, nband= 34, wtk=  0.02778, kpt=  0.3750  0.2917  0.3750 (reduced coord)
  -1.76172   -1.75947   -1.75902   -1.75821   -1.75729   -1.75661   -1.75588   -1.75491
  -1.75415   -1.75295   -0.76902   -0.76888   -0.76812   -0.76794   -0.76787   -0.76756
  -0.76747   -0.76733   -0.76708   -0.76695   -0.46434   -0.45104   -0.24301   -0.23367
  -0.16174   -0.11486   -0.10451   -0.06613   -0.06491   -0.02760    0.09680    0.14194
   0.14913    0.17326
 kpt#  39, nband= 34, wtk=  0.02778, kpt=  0.4583  0.2917  0.3750 (reduced coord)
  -1.76108   -1.76063   -1.75936   -1.75894   -1.75808   -1.75689   -1.75626   -1.75527
  -1.75312   -1.75236   -0.76921   -0.76905   -0.76815   -0.76810   -0.76773   -0.76760
  -0.76738   -0.76722   -0.76714   -0.76698   -0.45791   -0.45324   -0.24207   -0.23893
  -0.15055   -0.13177   -0.09828   -0.08279   -0.05892   -0.04562    0.11232    0.12789
   0.17289    0.18566
 kpt#  40, nband= 34, wtk=  0.01389, kpt=  0.3750  0.3750  0.3750 (reduced coord)
  -1.76212   -1.76200   -1.75999   -1.75876   -1.75753   -1.75736   -1.75721   -1.75530
  -1.75319   -1.75315   -0.76949   -0.76903   -0.76810   -0.76804   -0.76794   -0.76773
  -0.76746   -0.76741   -0.76717   -0.76700   -0.45847   -0.44974   -0.23253   -0.22902
  -0.17441   -0.12877   -0.12255   -0.08427   -0.06645   -0.04245    0.11217    0.14184
   0.18266    0.19332
 kpt#  41, nband= 34, wtk=  0.02778, kpt=  0.4583  0.3750  0.3750 (reduced coord)
  -1.76240   -1.76138   -1.76061   -1.75992   -1.75784   -1.75774   -1.75727   -1.75577
  -1.75429   -1.75353   -0.76948   -0.76923   -0.76828   -0.76807   -0.76801   -0.76777
  -0.76764   -0.76749   -0.76709   -0.76705   -0.45348   -0.45042   -0.22688   -0.22661
  -0.17121   -0.15343   -0.11924   -0.10475   -0.05974   -0.05158    0.12602    0.13642
   0.19274    0.20305
 kpt#  42, nband= 34, wtk=  0.01389, kpt=  0.4583  0.4583  0.3750 (reduced coord)
  -1.76236   -1.76109   -1.76013   -1.75898   -1.75818   -1.75724   -1.75644   -1.75607
  -1.75329   -1.75286   -0.76949   -0.76941   -0.76819   -0.76802   -0.76773   -0.76763
  -0.76758   -0.76751   -0.76702   -0.76691   -0.45030   -0.44922   -0.21521   -0.21344
  -0.18179   -0.17257   -0.12943   -0.12316   -0.05671   -0.05391    0.13696    0.14062
   0.18543    0.18948
