 Eigenvalues (hartree) for nkpt=  57  k points:
 kpt#   1, nband= 34, wtk=  1.00000, kpt=  0.5000  0.5000  0.0000 (reduced coord)
  -1.76343   -1.76343   -1.76162   -1.76162   -1.76139   -1.76139   -1.75705   -1.75705
  -1.75679   -1.75679   -0.77003   -0.77003   -0.76811   -0.76811   -0.76808   -0.76808
  -0.76776   -0.76776   -0.76761   -0.76761   -0.44919   -0.44919   -0.20914   -0.20914
  -0.18274   -0.18274   -0.13032   -0.13032   -0.05509   -0.05509    0.14148    0.14148
   0.18346    0.18346
 kpt#   2, nband= 34, wtk=  1.00000, kpt=  0.4500  0.4500  0.0500 (reduced coord)
  -1.76168   -1.76012   -1.75927   -1.75814   -1.75787   -1.75693   -1.75508   -1.75468
  -1.75359   -1.75125   -0.76932   -0.76925   -0.76801   -0.76781   -0.76780   -0.76764
  -0.76730   -0.76716   -0.76706   -0.76680   -0.45077   -0.44925   -0.21703   -0.21511
  -0.18139   -0.16898   -0.12905   -0.12026   -0.05740   -0.05339    0.13565    0.14067
   0.18508    0.19101
 kpt#   3, nband= 34, wtk=  1.00000, kpt=  0.4000  0.4000  0.1000 (reduced coord)
  -1.76071   -1.75948   -1.75860   -1.75834   -1.75827   -1.75607   -1.75595   -1.75540
  -1.75319   -1.75276   -0.76934   -0.76911   -0.76800   -0.76789   -0.76763   -0.76747
  -0.76741   -0.76730   -0.76711   -0.76687   -0.45532   -0.44951   -0.22687   -0.22620
  -0.17737   -0.14309   -0.12530   -0.09721   -0.06328   -0.04768    0.12141    0.14069
   0.18945    0.19974
 kpt#   4, nband= 34, wtk=  1.00000, kpt=  0.3500  0.3500  0.1500 (reduced coord)
  -1.76346   -1.76233   -1.76090   -1.75949   -1.75813   -1.75774   -1.75649   -1.75584
  -1.75461   -1.75315   -0.76931   -0.76912   -0.76841   -0.76808   -0.76800   -0.76779
  -0.76764   -0.76740   -0.76739   -0.76706   -0.46204   -0.45005   -0.23741   -0.23051
  -0.17086   -0.11926   -0.11508   -0.07239   -0.06826   -0.03456    0.10370    0.14381
   0.16411    0.18969
 kpt#   5, nband= 34, wtk=  1.00000, kpt=  0.3000  0.3000  0.2000 (reduced coord)
  -1.76335   -1.76090   -1.76084   -1.75906   -1.75774   -1.75740   -1.75600   -1.75527
  -1.75468   -1.75178   -0.76913   -0.76910   -0.76838   -0.76817   -0.76780   -0.76766
  -0.76758   -0.76748   -0.76713   -0.76683   -0.46995   -0.45093   -0.24394   -0.22963
  -0.16214   -0.11126   -0.10156   -0.05602   -0.05596   -0.00940    0.08520    0.12785
   0.14864    0.15158
 kpt#   6, nband= 34, wtk=  1.00000, kpt=  0.2500  0.2500  0.2500 (reduced coord)
  -1.76197   -1.76184   -1.75999   -1.75858   -1.75710   -1.75656   -1.75593   -1.75443
  -1.75397   -1.75345   -0.76930   -0.76869   -0.76814   -0.76801   -0.76787   -0.76776
  -0.76751   -0.76722   -0.76719   -0.76697   -0.47805   -0.45215   -0.24554   -0.22409
  -0.15167   -0.10657   -0.10178   -0.04728   -0.02406    0.01442    0.07246    0.10190
   0.11227    0.15855
 kpt#   7, nband= 34, wtk=  1.00000, kpt=  0.2000  0.2000  0.3000 (reduced coord)
  -1.76103   -1.76053   -1.76025   -1.75677   -1.75672   -1.75603   -1.75466   -1.75459
  -1.75343   -1.75123   -0.76953   -0.76818   -0.76777   -0.76772   -0.76765   -0.76751
  -0.76745   -0.76729   -0.76716   -0.76709   -0.48554   -0.45362   -0.24211   -0.21464
  -0.14014   -0.11450   -0.09156   -0.04555    0.00252    0.00837    0.07523    0.08861
   0.10542    0.16616
 kpt#   8, nband= 34, wtk=  1.00000, kpt=  0.1500  0.1500  0.3500 (reduced coord)
  -1.76171   -1.76128   -1.76049   -1.75922   -1.75747   -1.75705   -1.75669   -1.75494
  -1.75375   -1.75228   -0.76954   -0.76815   -0.76810   -0.76808   -0.76796   -0.76772
  -0.76765   -0.76748   -0.76723   -0.76705   -0.49184   -0.45511   -0.23420   -0.20242
  -0.12855   -0.12090   -0.08157   -0.05704   -0.00420   -0.00391    0.07003    0.10337
   0.14426    0.16846
 kpt#   9, nband= 34, wtk=  1.00000, kpt=  0.1000  0.1000  0.4000 (reduced coord)
  -1.76170   -1.76131   -1.76035   -1.75873   -1.75842   -1.75793   -1.75685   -1.75609
  -1.75303   -1.75146   -0.76981   -0.76827   -0.76813   -0.76807   -0.76801   -0.76787
  -0.76748   -0.76739   -0.76723   -0.76694   -0.49656   -0.45640   -0.22320   -0.18939
  -0.12385   -0.11829   -0.07940   -0.07297   -0.02982   -0.00772    0.06711    0.14150
   0.16857    0.16937
 kpt#  10, nband= 34, wtk=  1.00000, kpt=  0.0500  0.0500  0.4500 (reduced coord)
  -1.76329   -1.76239   -1.76188   -1.76094   -1.76006   -1.75700   -1.75575   -1.75519
  -1.75154   -1.74974   -0.77027   -0.76875   -0.76836   -0.76813   -0.76780   -0.76765
  -0.76752   -0.76751   -0.76692   -0.76659   -0.49946   -0.45727   -0.21220   -0.17904
  -0.12220   -0.11105   -0.09988   -0.06709   -0.05408   -0.00819    0.06653    0.15751
   0.16821    0.17667
 kpt#  11, nband= 34, wtk=  1.00000, kpt=  0.0000  0.0000  0.5000 (reduced coord)
  -1.76385   -1.76379   -1.76379   -1.76283   -1.76242   -1.75980   -1.75858   -1.75850
  -1.75215   -1.75215   -0.77042   -0.76886   -0.76865   -0.76848   -0.76829   -0.76829
  -0.76801   -0.76797   -0.76685   -0.76685   -0.50044   -0.45758   -0.20709   -0.17515
  -0.11954   -0.10842   -0.10842   -0.06500   -0.06500   -0.00824    0.06659    0.15301
   0.17207    0.17482
 kpt#  12, nband= 34, wtk=  1.00000, kpt=  0.0000  0.0000  0.4583 (reduced coord)
  -1.76339   -1.76282   -1.76191   -1.76119   -1.76091   -1.76091   -1.75979   -1.75571
  -1.75271   -1.75271   -0.77026   -0.76881   -0.76862   -0.76841   -0.76818   -0.76800
  -0.76790   -0.76790   -0.76685   -0.76685   -0.50044   -0.45757   -0.20710   -0.17515
  -0.11953   -0.10842   -0.10842   -0.06500   -0.06500   -0.00823    0.06664    0.15304
   0.16876    0.17829
 kpt#  13, nband= 34, wtk=  1.00000, kpt=  0.0000  0.0000  0.4167 (reduced coord)
  -1.76498   -1.76448   -1.76361   -1.76224   -1.76143   -1.76143   -1.76007   -1.75634
  -1.75327   -1.75327   -0.77049   -0.76924   -0.76861   -0.76855   -0.76826   -0.76826
  -0.76775   -0.76775   -0.76717   -0.76717   -0.50044   -0.45758   -0.20711   -0.17515
  -0.11953   -0.10842   -0.10842   -0.06500   -0.06500   -0.00823    0.06675    0.15306
   0.16454    0.18285
 kpt#  14, nband= 34, wtk=  1.00000, kpt=  0.0000  0.0000  0.3750 (reduced coord)
  -1.76475   -1.76417   -1.76364   -1.76116   -1.76116   -1.76100   -1.75879   -1.75669
  -1.75257   -1.75257   -0.77059   -0.76917   -0.76849   -0.76843   -0.76824   -0.76809
  -0.76769   -0.76769   -0.76707   -0.76707   -0.50044   -0.45758   -0.20711   -0.17515
  -0.11954   -0.10842   -0.10842   -0.06499   -0.06499   -0.00823    0.06694    0.15306
   0.16051    0.18740
 kpt#  15, nband= 34, wtk=  1.00000, kpt=  0.0000  0.0000  0.3333 (reduced coord)
  -1.76421   -1.76272   -1.76261   -1.76120   -1.76120   -1.75709   -1.75642   -1.75499
  -1.75108   -1.75108   -0.77028   -0.76914   -0.76824   -0.76809   -0.76781   -0.76767
  -0.76762   -0.76762   -0.76692   -0.76692   -0.50044   -0.45757   -0.20710   -0.17515
  -0.11954   -0.10842   -0.10842   -0.06499   -0.06499   -0.00821    0.06720    0.15328
   0.15674    0.19171
 kpt#  16, nband= 34, wtk=  1.00000, kpt=  0.0000  0.0000  0.2917 (reduced coord)
  -1.76487   -1.76410   -1.76358   -1.76358   -1.76292   -1.75740   -1.75710   -1.75517
  -1.75286   -1.75286   -0.77030   -0.76921   -0.76842   -0.76815   -0.76789   -0.76783
  -0.76782   -0.76782   -0.76740   -0.76740   -0.50044   -0.45757   -0.20710   -0.17515
  -0.11955   -0.10842   -0.10842   -0.06499   -0.06499   -0.00820    0.06751    0.15323
   0.15328    0.19554
 kpt#  17, nband= 34, wtk=  1.00000, kpt=  0.0000  0.0000  0.2500 (reduced coord)
  -1.76459   -1.76400   -1.76297   -1.76297   -1.76184   -1.75595   -1.75564   -1.75439
  -1.75058   -1.75058   -0.77016   -0.76919   -0.76842   -0.76800   -0.76778   -0.76778
  -0.76765   -0.76757   -0.76696   -0.76696   -0.50044   -0.45757   -0.20709   -0.17515
  -0.11955   -0.10842   -0.10842   -0.06499   -0.06499   -0.00819    0.06785    0.15018
   0.15323    0.19869
 kpt#  18, nband= 34, wtk=  1.00000, kpt=  0.0000  0.0000  0.2083 (reduced coord)
  -1.76393   -1.76354   -1.76188   -1.76173   -1.76173   -1.75601   -1.75597   -1.75535
  -1.75180   -1.75180   -0.77027   -0.76914   -0.76838   -0.76804   -0.76773   -0.76773
  -0.76764   -0.76758   -0.76702   -0.76702   -0.50044   -0.45757   -0.20709   -0.17515
  -0.11956   -0.10842   -0.10842   -0.06499   -0.06499   -0.00819    0.06819    0.14748
   0.15323    0.20105
 kpt#  19, nband= 34, wtk=  1.00000, kpt=  0.0000  0.0000  0.1667 (reduced coord)
  -1.76373   -1.76373   -1.76354   -1.76141   -1.76141   -1.75584   -1.75566   -1.75559
  -1.75019   -1.75019   -0.77029   -0.76913   -0.76842   -0.76836   -0.76768   -0.76768
  -0.76759   -0.76751   -0.76675   -0.76675   -0.50044   -0.45758   -0.20710   -0.17515
  -0.11956   -0.10842   -0.10842   -0.06499   -0.06499   -0.00818    0.06852    0.14521
   0.15322    0.20393
 kpt#  20, nband= 34, wtk=  1.00000, kpt=  0.0000  0.0000  0.1250 (reduced coord)
  -1.76553   -1.76386   -1.76381   -1.76224   -1.76224   -1.75867   -1.75700   -1.75591
  -1.75185   -1.75185   -0.77055   -0.76916   -0.76876   -0.76863   -0.76792   -0.76792
  -0.76777   -0.76753   -0.76691   -0.76691   -0.50044   -0.45758   -0.20711   -0.17515
  -0.11957   -0.10842   -0.10842   -0.06499   -0.06499   -0.00817    0.06880    0.14340
   0.15320    0.20462
 kpt#  21, nband= 34, wtk=  1.00000, kpt=  0.0000  0.0000  0.0833 (reduced coord)
  -1.76553   -1.76387   -1.76285   -1.76219   -1.76219   -1.75765   -1.75700   -1.75594
  -1.75152   -1.75152   -0.77042   -0.76916   -0.76876   -0.76847   -0.76790   -0.76790
  -0.76777   -0.76753   -0.76688   -0.76688   -0.50044   -0.45758   -0.20711   -0.17515
  -0.11957   -0.10842   -0.10842   -0.06499   -0.06499   -0.00816    0.06902    0.14209
   0.15320    0.20486
 kpt#  22, nband= 34, wtk=  1.00000, kpt=  0.0000  0.0000  0.0417 (reduced coord)
  -1.76528   -1.76482   -1.76118   -1.76118   -1.75944   -1.75698   -1.75696   -1.75608
  -1.75127   -1.75127   -0.76987   -0.76933   -0.76873   -0.76839   -0.76776   -0.76776
  -0.76776   -0.76754   -0.76682   -0.76682   -0.50044   -0.45757   -0.20709   -0.17515
  -0.11956   -0.10842   -0.10842   -0.06499   -0.06499   -0.00815    0.06919    0.14130
   0.15309    0.20488
 kpt#  23, nband= 34, wtk=  1.00000, kpt=  0.0000  0.0000  0.0000 (reduced coord)
  -1.76677   -1.76509   -1.76243   -1.76243   -1.76082   -1.75825   -1.75756   -1.75618
  -1.75172   -1.75172   -0.77027   -0.76936   -0.76888   -0.76840   -0.76792   -0.76791
  -0.76791   -0.76756   -0.76694   -0.76694   -0.50044   -0.45758   -0.20709   -0.17515
  -0.11957   -0.10842   -0.10842   -0.06499   -0.06499   -0.00817    0.06922    0.14103
   0.15309    0.20493
 kpt#  24, nband= 34, wtk=  1.00000, kpt=  0.0278  0.0278  0.0278 (reduced coord)
  -1.76453   -1.76236   -1.76142   -1.76096   -1.75946   -1.75817   -1.75732   -1.75717
  -1.75144   -1.75144   -0.76994   -0.76887   -0.76854   -0.76852   -0.76794   -0.76778
  -0.76767   -0.76766   -0.76689   -0.76689   -0.50014   -0.45747   -0.20878   -0.17637
  -0.12061   -0.10924   -0.10565   -0.06565   -0.06137   -0.00815    0.06913    0.14158
   0.15450    0.19438
 kpt#  25, nband= 34, wtk=  1.00000, kpt=  0.0556  0.0556  0.0556 (reduced coord)
  -1.76351   -1.76241   -1.76128   -1.75993   -1.75953   -1.75787   -1.75722   -1.75716
  -1.75404   -1.75199   -0.76998   -0.76849   -0.76838   -0.76829   -0.76797   -0.76791
  -0.76784   -0.76757   -0.76737   -0.76697   -0.49923   -0.45719   -0.21327   -0.17992
  -0.12261   -0.11166   -0.09801   -0.06758   -0.05182   -0.00812    0.06890    0.14318
   0.15856    0.17750
 kpt#  26, nband= 34, wtk=  1.00000, kpt=  0.0833  0.0833  0.0833 (reduced coord)
  -1.76316   -1.76276   -1.76252   -1.76114   -1.76030   -1.75804   -1.75757   -1.75583
  -1.75221   -1.75163   -0.76980   -0.76861   -0.76852   -0.76826   -0.76808   -0.76798
  -0.76780   -0.76765   -0.76714   -0.76696   -0.49773   -0.45674   -0.21932   -0.18543
  -0.12383   -0.11546   -0.08697   -0.07065   -0.03866   -0.00796    0.06882    0.14519
   0.15712    0.16470
 kpt#  27, nband= 34, wtk=  1.00000, kpt=  0.1111  0.1111  0.1111 (reduced coord)
  -1.76381   -1.76303   -1.76178   -1.76088   -1.76046   -1.75940   -1.75782   -1.75650
  -1.75359   -1.75291   -0.76982   -0.76864   -0.76855   -0.76825   -0.76816   -0.76799
  -0.76796   -0.76779   -0.76732   -0.76705   -0.49566   -0.45614   -0.22580   -0.19220
  -0.12360   -0.12038   -0.07470   -0.07418   -0.02379   -0.00738    0.06923    0.13242
   0.15088    0.17270
 kpt#  28, nband= 34, wtk=  1.00000, kpt=  0.1389  0.1389  0.1389 (reduced coord)
  -1.76278   -1.76152   -1.76074   -1.75988   -1.75927   -1.75734   -1.75700   -1.75560
  -1.75296   -1.75250   -0.76964   -0.76856   -0.76835   -0.76801   -0.76798   -0.76785
  -0.76770   -0.76757   -0.76717   -0.76695   -0.49304   -0.45542   -0.23196   -0.19950
  -0.12610   -0.12193   -0.07949   -0.06152   -0.00910   -0.00556    0.07047    0.11104
   0.15409    0.15502
 kpt#  29, nband= 34, wtk=  1.00000, kpt=  0.1667  0.1667  0.1667 (reduced coord)
  -1.76212   -1.76151   -1.76042   -1.75971   -1.75801   -1.75691   -1.75604   -1.75406
  -1.75231   -1.75185   -0.76949   -0.76841   -0.76813   -0.76795   -0.76783   -0.76772
  -0.76757   -0.76741   -0.76714   -0.76695   -0.48990   -0.45462   -0.23728   -0.20671
  -0.13234   -0.11907   -0.08481   -0.05144   -0.00112    0.00205    0.07270    0.09409
   0.12997    0.15965
 kpt#  30, nband= 34, wtk=  1.00000, kpt=  0.1944  0.1944  0.1944 (reduced coord)
  -1.76213   -1.76192   -1.76130   -1.75859   -1.75734   -1.75721   -1.75705   -1.75567
  -1.75255   -1.75193   -0.76948   -0.76848   -0.76809   -0.76799   -0.76786   -0.76772
  -0.76754   -0.76751   -0.76733   -0.76702   -0.48631   -0.45378   -0.24144   -0.21340
  -0.13884   -0.11534   -0.09042   -0.04604    0.00374    0.00661    0.07538    0.08804
   0.10881    0.16288
 kpt#  31, nband= 34, wtk=  1.00000, kpt=  0.2222  0.2222  0.2222 (reduced coord)
  -1.76160   -1.76094   -1.76049   -1.75777   -1.75696   -1.75651   -1.75626   -1.75438
  -1.75330   -1.75327   -0.76953   -0.76822   -0.76812   -0.76787   -0.76785   -0.76765
  -0.76750   -0.76734   -0.76719   -0.76706   -0.48233   -0.45295   -0.24424   -0.21926
  -0.14534   -0.11103   -0.09614   -0.04517   -0.00676    0.01443    0.07497    0.09582
   0.09762    0.16228
 kpt#  32, nband= 34, wtk=  1.00000, kpt=  0.2500  0.2500  0.2500 (reduced coord)
  -1.76197   -1.76184   -1.75999   -1.75858   -1.75710   -1.75656   -1.75593   -1.75443
  -1.75397   -1.75345   -0.76930   -0.76869   -0.76814   -0.76801   -0.76787   -0.76776
  -0.76751   -0.76722   -0.76719   -0.76697   -0.47805   -0.45215   -0.24554   -0.22409
  -0.15167   -0.10657   -0.10178   -0.04728   -0.02406    0.01442    0.07246    0.10190
   0.11227    0.15855
 kpt#  33, nband= 34, wtk=  1.00000, kpt=  0.2778  0.2778  0.2778 (reduced coord)
  -1.76332   -1.76184   -1.76070   -1.75946   -1.75869   -1.75820   -1.75645   -1.75457
  -1.75420   -1.75289   -0.76927   -0.76909   -0.76833   -0.76825   -0.76789   -0.76776
  -0.76765   -0.76735   -0.76735   -0.76679   -0.47358   -0.45143   -0.24529   -0.22771
  -0.15767   -0.10719   -0.10279   -0.05138   -0.04273    0.00320    0.07758    0.11430
   0.13260    0.15398
 kpt#  34, nband= 34, wtk=  1.00000, kpt=  0.3056  0.3056  0.3056 (reduced coord)
  -1.76286   -1.76199   -1.76101   -1.75962   -1.75822   -1.75783   -1.75697   -1.75543
  -1.75502   -1.75303   -0.76932   -0.76920   -0.76846   -0.76830   -0.76789   -0.76775
  -0.76762   -0.76753   -0.76718   -0.76683   -0.46904   -0.45081   -0.24346   -0.22998
  -0.16321   -0.11223   -0.10176   -0.05880   -0.05732   -0.01261    0.08692    0.13140
   0.14920    0.15498
 kpt#  35, nband= 34, wtk=  1.00000, kpt=  0.3333  0.3333  0.3333 (reduced coord)
  -1.76208   -1.76108   -1.75960   -1.75848   -1.75688   -1.75638   -1.75524   -1.75502
  -1.75365   -1.75335   -0.76907   -0.76888   -0.76836   -0.76807   -0.76800   -0.76745
  -0.76740   -0.76733   -0.76706   -0.76688   -0.46459   -0.45030   -0.24010   -0.23077
  -0.16818   -0.11679   -0.10769   -0.06734   -0.06575   -0.02741    0.09707    0.14572
   0.15141    0.17721
 kpt#  36, nband= 34, wtk=  1.00000, kpt=  0.3611  0.3611  0.3611 (reduced coord)
  -1.76236   -1.76091   -1.75856   -1.75823   -1.75772   -1.75649   -1.75621   -1.75506
  -1.75353   -1.75330   -0.76918   -0.76898   -0.76809   -0.76804   -0.76799   -0.76747
  -0.76742   -0.76736   -0.76717   -0.76696   -0.46041   -0.44990   -0.23535   -0.23000
  -0.17251   -0.12094   -0.12079   -0.07743   -0.06775   -0.03846    0.10720    0.14288
   0.17241    0.19556
 kpt#  37, nband= 34, wtk=  1.00000, kpt=  0.3889  0.3889  0.3889 (reduced coord)
  -1.76239   -1.76220   -1.76092   -1.75942   -1.75883   -1.75830   -1.75797   -1.75565
  -1.75471   -1.75327   -0.76972   -0.76910   -0.76825   -0.76809   -0.76799   -0.76783
  -0.76772   -0.76738   -0.76726   -0.76721   -0.45667   -0.44960   -0.22946   -0.22762
  -0.17613   -0.13677   -0.12415   -0.09144   -0.06475   -0.04561    0.11702    0.14106
   0.19145    0.19238
 kpt#  38, nband= 34, wtk=  1.00000, kpt=  0.4167  0.4167  0.4167 (reduced coord)
  -1.76204   -1.76137   -1.76087   -1.75949   -1.75941   -1.75898   -1.75637   -1.75566
  -1.75551   -1.75280   -0.76944   -0.76910   -0.76817   -0.76813   -0.76796   -0.76784
  -0.76782   -0.76736   -0.76733   -0.76725   -0.45352   -0.44939   -0.22361   -0.22284
  -0.17900   -0.15234   -0.12682   -0.10565   -0.06109   -0.05014    0.12614    0.14027
   0.18837    0.20299
 kpt#  39, nband= 34, wtk=  1.00000, kpt=  0.4444  0.4444  0.4444 (reduced coord)
  -1.76290   -1.76283   -1.76160   -1.75973   -1.75918   -1.75917   -1.75765   -1.75623
  -1.75586   -1.75357   -0.76968   -0.76919   -0.76837   -0.76810   -0.76806   -0.76799
  -0.76791   -0.76754   -0.76732   -0.76727   -0.45116   -0.44926   -0.21822   -0.21630
  -0.18107   -0.16645   -0.12875   -0.11814   -0.05792   -0.05298    0.13386    0.14033
   0.18617    0.19333
 kpt#  40, nband= 34, wtk=  1.00000, kpt=  0.4722  0.4722  0.4722 (reduced coord)
  -1.76249   -1.76230   -1.76195   -1.75916   -1.75794   -1.75758   -1.75714   -1.75598
  -1.75594   -1.75543   -0.76958   -0.76931   -0.76844   -0.76808   -0.76803   -0.76798
  -0.76784   -0.76782   -0.76703   -0.76689   -0.44968   -0.44919   -0.21231   -0.21114
  -0.18232   -0.17772   -0.12992   -0.12702   -0.05582   -0.05457    0.13920    0.14085
   0.18486    0.18678
 kpt#  41, nband= 34, wtk=  1.00000, kpt=  0.5000  0.5000  0.5000 (reduced coord)
  -1.76030   -1.76030   -1.75799   -1.75799   -1.75660   -1.75660   -1.75488   -1.75488
  -1.75417   -1.75417   -0.76938   -0.76938   -0.76789   -0.76789   -0.76781   -0.76781
  -0.76754   -0.76754   -0.76641   -0.76641   -0.44917   -0.44917   -0.20910   -0.20910
  -0.18274   -0.18274   -0.13031   -0.13031   -0.05508   -0.05508    0.14115    0.14115
   0.18448    0.18448
 kpt#  42, nband= 34, wtk=  1.00000, kpt=  0.4375  0.5000  0.5000 (reduced coord)
  -1.76239   -1.76239   -1.76133   -1.76133   -1.75786   -1.75786   -1.75636   -1.75636
  -1.75475   -1.75475   -0.76945   -0.76945   -0.76833   -0.76833   -0.76808   -0.76808
  -0.76768   -0.76768   -0.76694   -0.76694   -0.44983   -0.44983   -0.21518   -0.21518
  -0.17644   -0.17644   -0.12565   -0.12565   -0.05534   -0.05534    0.13840    0.13840
   0.18790    0.18790
 kpt#  43, nband= 34, wtk=  1.00000, kpt=  0.3750  0.5000  0.5000 (reduced coord)
  -1.76116   -1.76116   -1.76052   -1.76052   -1.75747   -1.75747   -1.75524   -1.75524
  -1.75227   -1.75227   -0.76924   -0.76924   -0.76811   -0.76811   -0.76785   -0.76785
  -0.76728   -0.76728   -0.76699   -0.76699   -0.45165   -0.45165   -0.22630   -0.22630
  -0.16368   -0.16368   -0.11309   -0.11309   -0.05571   -0.05571    0.13172    0.13172
   0.19685    0.19685
 kpt#  44, nband= 34, wtk=  1.00000, kpt=  0.3125  0.5000  0.5000 (reduced coord)
  -1.76170   -1.76170   -1.75951   -1.75951   -1.75887   -1.75887   -1.75617   -1.75617
  -1.75259   -1.75259   -0.76927   -0.76927   -0.76810   -0.76810   -0.76796   -0.76796
  -0.76737   -0.76737   -0.76707   -0.76707   -0.45431   -0.45431   -0.23742   -0.23742
  -0.14773   -0.14773   -0.09647   -0.09647   -0.05441   -0.05441    0.12319    0.12319
   0.19084    0.19084
 kpt#  45, nband= 34, wtk=  1.00000, kpt=  0.2500  0.5000  0.5000 (reduced coord)
  -1.75975   -1.75975   -1.75923   -1.75923   -1.75767   -1.75767   -1.75590   -1.75590
  -1.75191   -1.75191   -0.76911   -0.76911   -0.76791   -0.76791   -0.76761   -0.76761
  -0.76730   -0.76730   -0.76705   -0.76705   -0.45731   -0.45731   -0.24716   -0.24716
  -0.12885   -0.12885   -0.08265   -0.08265   -0.04620   -0.04620    0.11333    0.11333
   0.16176    0.16176
 kpt#  46, nband= 34, wtk=  1.00000, kpt=  0.1875  0.5000  0.5000 (reduced coord)
  -1.75858   -1.75858   -1.75797   -1.75797   -1.75484   -1.75484   -1.75385   -1.75385
  -1.75217   -1.75217   -0.76840   -0.76840   -0.76766   -0.76766   -0.76743   -0.76743
  -0.76722   -0.76722   -0.76708   -0.76708   -0.46019   -0.46019   -0.25499   -0.25499
  -0.10773   -0.10773   -0.07691   -0.07691   -0.02668   -0.02668    0.09979    0.09979
   0.13541    0.13541
 kpt#  47, nband= 34, wtk=  1.00000, kpt=  0.1250  0.5000  0.5000 (reduced coord)
  -1.76210   -1.76210   -1.76029   -1.76029   -1.75723   -1.75723   -1.75600   -1.75600
  -1.75333   -1.75333   -0.76872   -0.76872   -0.76822   -0.76822   -0.76775   -0.76775
  -0.76754   -0.76754   -0.76732   -0.76732   -0.46256   -0.46256   -0.26069   -0.26069
  -0.08822   -0.08822   -0.07256   -0.07256   -0.00210   -0.00210    0.07958    0.07958
   0.11986    0.11986
 kpt#  48, nband= 34, wtk=  1.00000, kpt=  0.0625  0.5000  0.5000 (reduced coord)
  -1.76225   -1.76225   -1.76010   -1.76010   -1.75656   -1.75656   -1.75572   -1.75572
  -1.75391   -1.75391   -0.76875   -0.76875   -0.76811   -0.76811   -0.76770   -0.76770
  -0.76750   -0.76750   -0.76739   -0.76739   -0.46410   -0.46410   -0.26415   -0.26415
  -0.08162   -0.08162   -0.05785   -0.05785    0.01606    0.01606    0.06623    0.06623
   0.11036    0.11036
 kpt#  49, nband= 34, wtk=  1.00000, kpt=  0.0000  0.5000  0.5000 (reduced coord)
  -1.76136   -1.76136   -1.76027   -1.76027   -1.75674   -1.75674   -1.75428   -1.75428
  -1.75174   -1.75174   -0.76842   -0.76842   -0.76828   -0.76828   -0.76777   -0.76777
  -0.76739   -0.76739   -0.76691   -0.76691   -0.46463   -0.46463   -0.26531   -0.26531
  -0.08100   -0.08100   -0.04809   -0.04809    0.01732    0.01732    0.07359    0.07359
   0.09476    0.09476
 kpt#  50, nband= 34, wtk=  1.00000, kpt=  0.0000  0.5000  0.4375 (reduced coord)
  -1.76004   -1.76004   -1.76000   -1.76000   -1.75688   -1.75688   -1.75542   -1.75542
  -1.75279   -1.75279   -0.76851   -0.76851   -0.76807   -0.76807   -0.76773   -0.76773
  -0.76749   -0.76749   -0.76707   -0.76707   -0.46463   -0.46463   -0.26531   -0.26531
  -0.08101   -0.08101   -0.04809   -0.04809    0.01732    0.01732    0.07359    0.07359
   0.09476    0.09476
 kpt#  51, nband= 34, wtk=  1.00000, kpt=  0.0000  0.5000  0.3750 (reduced coord)
  -1.75949   -1.75949   -1.75933   -1.75933   -1.75510   -1.75510   -1.75423   -1.75423
  -1.75270   -1.75270   -0.76820   -0.76820   -0.76790   -0.76790   -0.76764   -0.76764
  -0.76734   -0.76734   -0.76711   -0.76711   -0.46463   -0.46463   -0.26530   -0.26530
  -0.08100   -0.08100   -0.04808   -0.04808    0.01735    0.01735    0.07359    0.07359
   0.09479    0.09479
 kpt#  52, nband= 34, wtk=  1.00000, kpt=  0.0000  0.5000  0.3125 (reduced coord)
  -1.76016   -1.76016   -1.76004   -1.76004   -1.75528   -1.75528   -1.75420   -1.75420
  -1.75241   -1.75241   -0.76820   -0.76820   -0.76804   -0.76804   -0.76766   -0.76766
  -0.76744   -0.76744   -0.76706   -0.76706   -0.46463   -0.46463   -0.26530   -0.26530
  -0.08100   -0.08100   -0.04809   -0.04809    0.01735    0.01735    0.07358    0.07358
   0.09478    0.09478
 kpt#  53, nband= 34, wtk=  1.00000, kpt=  0.0000  0.5000  0.2500 (reduced coord)
  -1.76254   -1.76254   -1.76143   -1.76143   -1.75871   -1.75871   -1.75676   -1.75676
  -1.75395   -1.75395   -0.76863   -0.76863   -0.76826   -0.76826   -0.76809   -0.76809
  -0.76775   -0.76775   -0.76747   -0.76747   -0.46463   -0.46463   -0.26531   -0.26531
  -0.08101   -0.08101   -0.04810   -0.04810    0.01732    0.01732    0.07355    0.07355
   0.09476    0.09476
 kpt#  54, nband= 34, wtk=  1.00000, kpt=  0.0000  0.5000  0.1875 (reduced coord)
  -1.76214   -1.76214   -1.76179   -1.76179   -1.75890   -1.75890   -1.75744   -1.75744
  -1.75323   -1.75323   -0.76874   -0.76874   -0.76817   -0.76817   -0.76813   -0.76813
  -0.76780   -0.76780   -0.76738   -0.76738   -0.46463   -0.46463   -0.26531   -0.26531
  -0.08102   -0.08102   -0.04809   -0.04809    0.01732    0.01732    0.07354    0.07354
   0.09478    0.09478
 kpt#  55, nband= 34, wtk=  1.00000, kpt=  0.0000  0.5000  0.1250 (reduced coord)
  -1.76215   -1.76215   -1.76130   -1.76130   -1.75914   -1.75914   -1.75763   -1.75763
  -1.75323   -1.75323   -0.76892   -0.76892   -0.76817   -0.76817   -0.76805   -0.76805
  -0.76769   -0.76769   -0.76738   -0.76738   -0.46463   -0.46463   -0.26531   -0.26531
  -0.08102   -0.08102   -0.04809   -0.04809    0.01732    0.01732    0.07353    0.07353
   0.09478    0.09478
 kpt#  56, nband= 34, wtk=  1.00000, kpt=  0.0000  0.5000  0.0625 (reduced coord)
  -1.76136   -1.76136   -1.76051   -1.76051   -1.75892   -1.75892   -1.75602   -1.75602
  -1.75223   -1.75223   -0.76876   -0.76876   -0.76807   -0.76807   -0.76791   -0.76791
  -0.76756   -0.76756   -0.76720   -0.76720   -0.46463   -0.46463   -0.26531   -0.26531
  -0.08102   -0.08102   -0.04809   -0.04809    0.01733    0.01733    0.07352    0.07352
   0.09479    0.09479
 kpt#  57, nband= 34, wtk=  1.00000, kpt=  0.0000  0.5000  0.0000 (reduced coord)
  -1.76061   -1.76061   -1.76000   -1.76000   -1.75824   -1.75824   -1.75442   -1.75442
  -1.75222   -1.75222   -0.76884   -0.76884   -0.76804   -0.76804   -0.76762   -0.76762
  -0.76733   -0.76733   -0.76709   -0.76709   -0.46463   -0.46463   -0.26531   -0.26531
  -0.08102   -0.08102   -0.04810   -0.04810    0.01733    0.01733    0.07353    0.07353
   0.09479    0.09479
