 Eigenvalues (hartree) for nkpt=  57  k points:
 kpt#   1, nband= 90, wtk=  1.00000, kpt=  0.5000  0.5000  0.0000 (reduced coord)
  -4.78655   -4.78655   -3.02258   -3.02238   -3.02206   -3.02185   -3.02167   -3.02167
  -1.73645   -1.73534   -1.73534   -1.73475   -1.73408   -1.73058   -1.72969   -1.72969
  -1.72928   -1.72927   -1.72146   -1.72056   -1.72056   -1.71796   -1.71775   -1.69807
  -1.69791   -1.69746   -1.69743   -1.69743   -1.69460   -1.69457   -1.69331   -1.69126
  -1.69126   -0.71307   -0.71218   -0.71181   -0.71181   -0.71159   -0.71082   -0.71020
  -0.71020   -0.71007   -0.70872   -0.70562   -0.70359   -0.70341   -0.70285   -0.70285
  -0.43210   -0.42686   -0.41500   -0.38812   -0.38466   -0.25095   -0.25095   -0.23869
  -0.23869   -0.23350   -0.23331   -0.23331   -0.23247   -0.23091   -0.23070   -0.17986
  -0.15659   -0.14116   -0.14116   -0.13810   -0.13810   -0.13565   -0.09959   -0.09959
  -0.07291   -0.06795   -0.06795   -0.06091   -0.05945   -0.05945   -0.03283   -0.00754
   0.06407    0.13967    0.16473    0.16473    0.17120    0.18535    0.22690    0.22690
   0.25941    0.26288
 kpt#   2, nband= 90, wtk=  1.00000, kpt=  0.4500  0.4500  0.0500 (reduced coord)
  -4.78655   -4.78655   -3.02254   -3.02219   -3.02189   -3.02182   -3.02161   -3.02150
  -1.73575   -1.73559   -1.73521   -1.73377   -1.73341   -1.73041   -1.73008   -1.72932
  -1.72912   -1.72832   -1.72158   -1.72047   -1.72004   -1.71762   -1.71749   -1.69838
  -1.69780   -1.69741   -1.69698   -1.69645   -1.69420   -1.69402   -1.69283   -1.69087
  -1.69086   -0.71302   -0.71208   -0.71180   -0.71173   -0.71148   -0.71068   -0.71020
  -0.71013   -0.71001   -0.70870   -0.70563   -0.70364   -0.70339   -0.70283   -0.70277
  -0.43256   -0.42727   -0.41583   -0.38896   -0.38549   -0.25122   -0.24996   -0.23899
  -0.23846   -0.23520   -0.23253   -0.23234   -0.23160   -0.23126   -0.23087   -0.18391
  -0.16496   -0.14631   -0.14081   -0.13991   -0.13679   -0.11999   -0.09825   -0.09155
  -0.07578   -0.06664   -0.06559   -0.05806   -0.05637   -0.04940   -0.03359   -0.00657
   0.06366    0.13903    0.16501    0.16510    0.17304    0.18567    0.22820    0.22947
   0.25422    0.26501
 kpt#   3, nband= 90, wtk=  1.00000, kpt=  0.4000  0.4000  0.1000 (reduced coord)
  -4.78655   -4.78655   -3.02282   -3.02243   -3.02170   -3.02161   -3.02149   -3.02096
  -1.73624   -1.73463   -1.73453   -1.73388   -1.73344   -1.73000   -1.72967   -1.72957
  -1.72850   -1.72762   -1.72114   -1.71977   -1.71966   -1.71855   -1.71710   -1.69898
  -1.69747   -1.69691   -1.69659   -1.69600   -1.69366   -1.69363   -1.69243   -1.69070
  -1.69015   -0.71294   -0.71209   -0.71168   -0.71167   -0.71138   -0.71062   -0.71015
  -0.71008   -0.71001   -0.70870   -0.70560   -0.70360   -0.70341   -0.70274   -0.70268
  -0.43419   -0.42824   -0.41857   -0.39114   -0.38780   -0.25139   -0.24747   -0.23988
  -0.23797   -0.23677   -0.23315   -0.23227   -0.23225   -0.23064   -0.23005   -0.19172
  -0.17527   -0.15712   -0.14125   -0.13670   -0.13300   -0.09431   -0.09400   -0.08405
  -0.07088   -0.06280   -0.05979   -0.05394   -0.04360   -0.03591   -0.02756   -0.00184
   0.06242    0.13816    0.16606    0.16630    0.17736    0.18680    0.23173    0.23346
   0.24161    0.24511
 kpt#   4, nband= 90, wtk=  1.00000, kpt=  0.3500  0.3500  0.1500 (reduced coord)
  -4.78655   -4.78654   -3.02313   -3.02250   -3.02189   -3.02132   -3.02125   -3.02077
  -1.73595   -1.73524   -1.73452   -1.73401   -1.73346   -1.72962   -1.72931   -1.72868
  -1.72844   -1.72807   -1.72060   -1.72041   -1.71947   -1.71834   -1.71702   -1.69842
  -1.69753   -1.69697   -1.69669   -1.69555   -1.69377   -1.69366   -1.69144   -1.69072
  -1.69068   -0.71295   -0.71184   -0.71176   -0.71161   -0.71134   -0.71043   -0.71022
  -0.71006   -0.71005   -0.70881   -0.70533   -0.70358   -0.70351   -0.70277   -0.70266
  -0.43721   -0.42922   -0.42341   -0.39411   -0.39086   -0.25186   -0.24337   -0.24050
  -0.23896   -0.23829   -0.23409   -0.23296   -0.23245   -0.23052   -0.23015   -0.19782
  -0.18313   -0.16408   -0.14104   -0.13123   -0.12663   -0.08897   -0.08793   -0.06354
  -0.06060   -0.05668   -0.04729   -0.04445   -0.03601   -0.03294    0.00227    0.01032
   0.06112    0.13867    0.16686    0.17067    0.18185    0.18635    0.20753    0.21909
   0.23722    0.24198
 kpt#   5, nband= 90, wtk=  1.00000, kpt=  0.3000  0.3000  0.2000 (reduced coord)
  -4.78655   -4.78654   -3.02284   -3.02221   -3.02185   -3.02164   -3.02150   -3.02127
  -1.73646   -1.73578   -1.73559   -1.73447   -1.73185   -1.73148   -1.72989   -1.72879
  -1.72843   -1.72734   -1.72066   -1.72049   -1.72038   -1.71937   -1.71533   -1.70015
  -1.69731   -1.69683   -1.69676   -1.69587   -1.69541   -1.69201   -1.69197   -1.69111
  -1.69070   -0.71310   -0.71192   -0.71169   -0.71167   -0.71145   -0.71050   -0.71017
  -0.71011   -0.70998   -0.70868   -0.70535   -0.70375   -0.70339   -0.70275   -0.70273
  -0.44133   -0.43030   -0.42975   -0.39822   -0.39329   -0.25206   -0.24136   -0.24116
  -0.24059   -0.23888   -0.23633   -0.23318   -0.23253   -0.23036   -0.23009   -0.19996
  -0.18856   -0.16459   -0.13970   -0.12382   -0.11802   -0.09114   -0.07940   -0.06489
  -0.04866   -0.03853   -0.03552   -0.03077   -0.02422   -0.01989    0.02883    0.03335
   0.06489    0.14121    0.16554    0.16611    0.17012    0.18075    0.19083    0.20250
   0.21419    0.23898
 kpt#   6, nband= 90, wtk=  1.00000, kpt=  0.2500  0.2500  0.2500 (reduced coord)
  -4.78655   -4.78653   -3.02252   -3.02221   -3.02185   -3.02136   -3.02103   -3.02093
  -1.73544   -1.73515   -1.73401   -1.73342   -1.73180   -1.73101   -1.72873   -1.72833
  -1.72803   -1.72691   -1.72000   -1.71956   -1.71910   -1.71871   -1.71532   -1.69912
  -1.69623   -1.69606   -1.69544   -1.69504   -1.69453   -1.69155   -1.69131   -1.69062
  -1.69046   -0.71303   -0.71156   -0.71152   -0.71150   -0.71143   -0.71028   -0.71013
  -0.70992   -0.70989   -0.70882   -0.70501   -0.70368   -0.70354   -0.70254   -0.70253
  -0.44598   -0.43735   -0.43081   -0.40327   -0.39475   -0.25126   -0.24190   -0.24104
  -0.24060   -0.23862   -0.23733   -0.23300   -0.23210   -0.22991   -0.22971   -0.19775
  -0.19041   -0.15954   -0.13738   -0.11387   -0.10758   -0.09068   -0.07133   -0.06919
  -0.03928   -0.02824   -0.02735   -0.01893   -0.00830   -0.00175    0.04614    0.06095
   0.07547    0.13995    0.14397    0.14999    0.16146    0.17409    0.17755    0.19757
   0.20769    0.23382
 kpt#   7, nband= 90, wtk=  1.00000, kpt=  0.2000  0.2000  0.3000 (reduced coord)
  -4.78655   -4.78653   -3.02245   -3.02178   -3.02167   -3.02141   -3.02098   -3.02007
  -1.73568   -1.73501   -1.73445   -1.73142   -1.73090   -1.72994   -1.72821   -1.72799
  -1.72710   -1.72447   -1.72090   -1.71941   -1.71933   -1.71479   -1.71468   -1.69799
  -1.69597   -1.69550   -1.69479   -1.69449   -1.69290   -1.69139   -1.69103   -1.69076
  -1.68805   -0.71319   -0.71168   -0.71148   -0.71145   -0.71067   -0.71034   -0.70997
  -0.70992   -0.70925   -0.70893   -0.70460   -0.70366   -0.70341   -0.70255   -0.70251
  -0.45060   -0.44441   -0.43157   -0.40836   -0.39576   -0.25040   -0.24342   -0.24273
  -0.24140   -0.24023   -0.23417   -0.23218   -0.23065   -0.23062   -0.22844   -0.19163
  -0.18786   -0.15084   -0.13405   -0.10162   -0.09600   -0.08933   -0.07520   -0.05800
  -0.02928   -0.02051   -0.01711   -0.01237   -0.00172    0.00589    0.05426    0.06715
   0.07585    0.13764    0.14225    0.14975    0.15248    0.16010    0.17524    0.19777
   0.21165    0.22222
 kpt#   8, nband= 90, wtk=  1.00000, kpt=  0.1500  0.1500  0.3500 (reduced coord)
  -4.78655   -4.78654   -3.02332   -3.02195   -3.02171   -3.02163   -3.02146   -3.02097
  -1.73625   -1.73607   -1.73562   -1.73491   -1.73327   -1.73089   -1.72928   -1.72820
  -1.72784   -1.72751   -1.72121   -1.72045   -1.71896   -1.71812   -1.71744   -1.69874
  -1.69782   -1.69622   -1.69561   -1.69507   -1.69438   -1.69414   -1.69162   -1.69144
  -1.69061   -0.71348   -0.71199   -0.71149   -0.71137   -0.71094   -0.71091   -0.71003
  -0.70993   -0.70957   -0.70949   -0.70459   -0.70429   -0.70389   -0.70254   -0.70249
  -0.45474   -0.45043   -0.43234   -0.41285   -0.39658   -0.25003   -0.24498   -0.24455
  -0.24381   -0.24339   -0.23433   -0.23252   -0.23125   -0.23089   -0.22766   -0.18271
  -0.18105   -0.14222   -0.12749   -0.09016   -0.08794   -0.08418   -0.07250   -0.04685
  -0.02057   -0.01959   -0.00773   -0.00604   -0.00190    0.00347    0.03399    0.05406
   0.06596    0.13069    0.13494    0.15380    0.16999    0.17231    0.18420    0.19786
   0.21279    0.22481
 kpt#   9, nband= 90, wtk=  1.00000, kpt=  0.1000  0.1000  0.4000 (reduced coord)
  -4.78655   -4.78654   -3.02374   -3.02315   -3.02162   -3.02136   -3.02130   -3.02103
  -1.73705   -1.73683   -1.73593   -1.73593   -1.73552   -1.73098   -1.73062   -1.72801
  -1.72768   -1.72725   -1.72187   -1.72082   -1.71974   -1.71885   -1.71852   -1.69896
  -1.69889   -1.69753   -1.69563   -1.69557   -1.69501   -1.69411   -1.69279   -1.69157
  -1.69107   -0.71376   -0.71222   -0.71152   -0.71141   -0.71118   -0.71092   -0.71005
  -0.70995   -0.70980   -0.70956   -0.70452   -0.70448   -0.70424   -0.70254   -0.70247
  -0.45803   -0.45492   -0.43297   -0.41630   -0.39723   -0.24926   -0.24700   -0.24580
  -0.24554   -0.24500   -0.23434   -0.23332   -0.23235   -0.22896   -0.22655   -0.17279
  -0.17119   -0.13782   -0.11495   -0.09075   -0.07531   -0.07231   -0.06594   -0.03703
  -0.03624   -0.01135   -0.00819   -0.00578    0.00301    0.00354    0.01809    0.03679
   0.04855    0.10900    0.12373    0.15631    0.16904    0.19613    0.20438    0.21411
   0.21780    0.22531
 kpt#  10, nband= 90, wtk=  1.00000, kpt=  0.0500  0.0500  0.4500 (reduced coord)
  -4.78655   -4.78654   -3.02396   -3.02350   -3.02152   -3.02135   -3.02112   -3.02100
  -1.73694   -1.73670   -1.73534   -1.73527   -1.73511   -1.73160   -1.73155   -1.72992
  -1.72771   -1.72675   -1.72220   -1.72048   -1.71949   -1.71934   -1.71904   -1.69927
  -1.69902   -1.69877   -1.69587   -1.69545   -1.69523   -1.69400   -1.69307   -1.69127
  -1.69026   -0.71394   -0.71236   -0.71148   -0.71129   -0.71128   -0.71095   -0.71000
  -0.70991   -0.70983   -0.70960   -0.70457   -0.70446   -0.70441   -0.70253   -0.70234
  -0.46017   -0.45763   -0.43339   -0.41845   -0.39767   -0.24921   -0.24826   -0.24721
  -0.24625   -0.24581   -0.23383   -0.23380   -0.23271   -0.22746   -0.22512   -0.16479
  -0.16132   -0.13569   -0.10119   -0.08910   -0.06754   -0.06109   -0.06019   -0.05494
  -0.03015   -0.02054   -0.00999   -0.00575    0.00382    0.00902    0.01033    0.02754
   0.04048    0.09151    0.11384    0.14383    0.17164    0.20156    0.20535    0.22412
   0.23165    0.23658
 kpt#  11, nband= 90, wtk=  1.00000, kpt=  0.0000  0.0000  0.5000 (reduced coord)
  -4.78655   -4.78655   -3.02446   -3.02446   -3.02202   -3.02147   -3.02147   -3.02130
  -1.73781   -1.73778   -1.73729   -1.73655   -1.73655   -1.73277   -1.73276   -1.73207
  -1.72881   -1.72881   -1.72328   -1.72122   -1.72118   -1.72069   -1.72069   -1.70130
  -1.70115   -1.70087   -1.69685   -1.69662   -1.69635   -1.69635   -1.69393   -1.69147
  -1.69147   -0.71417   -0.71254   -0.71160   -0.71155   -0.71155   -0.71128   -0.71024
  -0.71005   -0.71005   -0.70988   -0.70483   -0.70471   -0.70465   -0.70260   -0.70260
  -0.46093   -0.45853   -0.43356   -0.41918   -0.39783   -0.24985   -0.24929   -0.24810
  -0.24810   -0.24740   -0.23365   -0.23365   -0.23318   -0.22804   -0.22599   -0.16169
  -0.15690   -0.13471   -0.09459   -0.08742   -0.06483   -0.06483   -0.05639   -0.05639
  -0.02765   -0.02765   -0.01161   -0.00377   -0.00377    0.01246    0.01246    0.02457
   0.03896    0.08452    0.11002    0.13898    0.17260    0.19686    0.20766    0.22482
   0.22832    0.24283
 kpt#  12, nband= 90, wtk=  1.00000, kpt=  0.0000  0.0000  0.4583 (reduced coord)
  -4.78655   -4.78655   -3.02446   -3.02446   -3.02202   -3.02147   -3.02147   -3.02129
  -1.73780   -1.73778   -1.73729   -1.73654   -1.73654   -1.73277   -1.73275   -1.73207
  -1.72880   -1.72880   -1.72327   -1.72121   -1.72118   -1.72069   -1.72069   -1.70130
  -1.70114   -1.70087   -1.69685   -1.69662   -1.69635   -1.69635   -1.69393   -1.69147
  -1.69147   -0.71417   -0.71254   -0.71160   -0.71155   -0.71155   -0.71128   -0.71024
  -0.71005   -0.71005   -0.70988   -0.70483   -0.70471   -0.70465   -0.70260   -0.70260
  -0.46093   -0.45853   -0.43356   -0.41918   -0.39783   -0.24985   -0.24928   -0.24810
  -0.24810   -0.24740   -0.23365   -0.23365   -0.23317   -0.22804   -0.22599   -0.16169
  -0.15690   -0.13471   -0.09459   -0.08742   -0.06483   -0.06483   -0.05639   -0.05639
  -0.02765   -0.02765   -0.01161   -0.00377   -0.00377    0.01246    0.01246    0.02457
   0.03896    0.08452    0.11003    0.13898    0.17259    0.19686    0.20760    0.22494
   0.22832    0.24252
 kpt#  13, nband= 90, wtk=  1.00000, kpt=  0.0000  0.0000  0.4167 (reduced coord)
  -4.78655   -4.78655   -3.02448   -3.02448   -3.02230   -3.02147   -3.02147   -3.02129
  -1.73819   -1.73778   -1.73729   -1.73674   -1.73674   -1.73334   -1.73278   -1.73206
  -1.72884   -1.72884   -1.72388   -1.72121   -1.72119   -1.72087   -1.72087   -1.70146
  -1.70129   -1.70115   -1.69684   -1.69662   -1.69648   -1.69648   -1.69437   -1.69155
  -1.69155   -0.71427   -0.71262   -0.71160   -0.71157   -0.71157   -0.71128   -0.71024
  -0.71007   -0.71007   -0.70988   -0.70483   -0.70471   -0.70471   -0.70262   -0.70262
  -0.46093   -0.45853   -0.43356   -0.41918   -0.39783   -0.24985   -0.24929   -0.24824
  -0.24824   -0.24739   -0.23376   -0.23364   -0.23364   -0.22803   -0.22598   -0.16169
  -0.15691   -0.13471   -0.09459   -0.08742   -0.06483   -0.06483   -0.05639   -0.05639
  -0.02765   -0.02765   -0.01161   -0.00377   -0.00377    0.01244    0.01244    0.02456
   0.03896    0.08451    0.11003    0.13898    0.17257    0.19685    0.20741    0.22530
   0.22830    0.24340
 kpt#  14, nband= 90, wtk=  1.00000, kpt=  0.0000  0.0000  0.3750 (reduced coord)
  -4.78655   -4.78655   -3.02448   -3.02448   -3.02229   -3.02137   -3.02137   -3.02082
  -1.73792   -1.73775   -1.73719   -1.73577   -1.73577   -1.73294   -1.73272   -1.73202
  -1.72858   -1.72858   -1.72300   -1.72112   -1.72109   -1.72027   -1.72027   -1.70123
  -1.70111   -1.70109   -1.69678   -1.69657   -1.69609   -1.69609   -1.69362   -1.69107
  -1.69107   -0.71421   -0.71250   -0.71159   -0.71150   -0.71150   -0.71127   -0.71023
  -0.70996   -0.70996   -0.70987   -0.70483   -0.70470   -0.70464   -0.70254   -0.70254
  -0.46093   -0.45853   -0.43356   -0.41918   -0.39782   -0.24978   -0.24923   -0.24823
  -0.24823   -0.24700   -0.23375   -0.23304   -0.23304   -0.22798   -0.22598   -0.16169
  -0.15691   -0.13464   -0.09459   -0.08741   -0.06483   -0.06483   -0.05639   -0.05639
  -0.02765   -0.02765   -0.01160   -0.00377   -0.00377    0.01244    0.01244    0.02457
   0.03896    0.08451    0.11006    0.13901    0.17254    0.19686    0.20714    0.22587
   0.22830    0.24258
 kpt#  15, nband= 90, wtk=  1.00000, kpt=  0.0000  0.0000  0.3333 (reduced coord)
  -4.78655   -4.78655   -3.02436   -3.02436   -3.02220   -3.02149   -3.02149   -3.02122
  -1.73823   -1.73757   -1.73722   -1.73644   -1.73644   -1.73339   -1.73268   -1.73203
  -1.72874   -1.72874   -1.72311   -1.72110   -1.72076   -1.72049   -1.72049   -1.70138
  -1.70124   -1.70111   -1.69678   -1.69656   -1.69656   -1.69628   -1.69384   -1.69113
  -1.69113   -0.71425   -0.71255   -0.71157   -0.71156   -0.71156   -0.71127   -0.71019
  -0.71000   -0.71000   -0.70987   -0.70481   -0.70470   -0.70468   -0.70258   -0.70258
  -0.46093   -0.45853   -0.43355   -0.41918   -0.39783   -0.24981   -0.24901   -0.24800
  -0.24800   -0.24720   -0.23374   -0.23361   -0.23361   -0.22814   -0.22597   -0.16169
  -0.15692   -0.13467   -0.09459   -0.08742   -0.06483   -0.06483   -0.05641   -0.05641
  -0.02765   -0.02765   -0.01156   -0.00377   -0.00377    0.01248    0.01248    0.02456
   0.03895    0.08451    0.11008    0.13901    0.17250    0.19694    0.20680    0.22660
   0.22829    0.24282
 kpt#  16, nband= 90, wtk=  1.00000, kpt=  0.0000  0.0000  0.2917 (reduced coord)
  -4.78655   -4.78655   -3.02427   -3.02427   -3.02169   -3.02144   -3.02144   -3.02130
  -1.73730   -1.73714   -1.73712   -1.73712   -1.73708   -1.73293   -1.73221   -1.73142
  -1.72793   -1.72793   -1.72185   -1.72121   -1.72121   -1.72104   -1.72060   -1.70091
  -1.70064   -1.69973   -1.69626   -1.69622   -1.69622   -1.69608   -1.69304   -1.69094
  -1.69094   -0.71403   -0.71236   -0.71156   -0.71156   -0.71154   -0.71124   -0.71018
  -0.71004   -0.71004   -0.70983   -0.70475   -0.70465   -0.70451   -0.70256   -0.70256
  -0.46093   -0.45853   -0.43355   -0.41918   -0.39782   -0.24956   -0.24888   -0.24749
  -0.24749   -0.24682   -0.23404   -0.23404   -0.23298   -0.22795   -0.22594   -0.16169
  -0.15690   -0.13463   -0.09459   -0.08739   -0.06483   -0.06483   -0.05645   -0.05645
  -0.02765   -0.02765   -0.01155   -0.00377   -0.00377    0.01253    0.01253    0.02456
   0.03896    0.08454    0.11012    0.13901    0.17245    0.19694    0.20644    0.22745
   0.22832    0.24269
 kpt#  17, nband= 90, wtk=  1.00000, kpt=  0.0000  0.0000  0.2500 (reduced coord)
  -4.78655   -4.78654   -3.02389   -3.02389   -3.02142   -3.02142   -3.02109   -3.02018
  -1.73712   -1.73645   -1.73601   -1.73601   -1.73493   -1.73263   -1.73112   -1.72972
  -1.72580   -1.72580   -1.72090   -1.72036   -1.71995   -1.71989   -1.71989   -1.70059
  -1.70008   -1.69622   -1.69611   -1.69568   -1.69351   -1.69351   -1.69193   -1.68957
  -1.68957   -0.71363   -0.71210   -0.71148   -0.71126   -0.71126   -0.71119   -0.71012
  -0.70981   -0.70981   -0.70980   -0.70467   -0.70461   -0.70408   -0.70227   -0.70227
  -0.46093   -0.45853   -0.43354   -0.41918   -0.39782   -0.24955   -0.24852   -0.24648
  -0.24597   -0.24597   -0.23391   -0.23391   -0.23091   -0.22794   -0.22570   -0.16167
  -0.15689   -0.13458   -0.09459   -0.08738   -0.06482   -0.06482   -0.05643   -0.05643
  -0.02764   -0.02764   -0.01151   -0.00376   -0.00376    0.01275    0.01275    0.02457
   0.03896    0.08464    0.11016    0.13911    0.17241    0.19696    0.20612    0.22835
   0.22845    0.24276
 kpt#  18, nband= 90, wtk=  1.00000, kpt=  0.0000  0.0000  0.2083 (reduced coord)
  -4.78655   -4.78654   -3.02389   -3.02389   -3.02174   -3.02174   -3.02109   -3.02019
  -1.73798   -1.73719   -1.73602   -1.73602   -1.73536   -1.73281   -1.73155   -1.73005
  -1.72583   -1.72583   -1.72191   -1.72129   -1.72039   -1.71992   -1.71992   -1.70103
  -1.70083   -1.69662   -1.69625   -1.69624   -1.69355   -1.69355   -1.69227   -1.68956
  -1.68956   -0.71373   -0.71215   -0.71169   -0.71127   -0.71127   -0.71123   -0.71028
  -0.70984   -0.70981   -0.70981   -0.70477   -0.70464   -0.70411   -0.70227   -0.70227
  -0.46093   -0.45853   -0.43354   -0.41918   -0.39783   -0.24980   -0.24857   -0.24677
  -0.24598   -0.24598   -0.23393   -0.23393   -0.23091   -0.22902   -0.22568   -0.16167
  -0.15690   -0.13463   -0.09459   -0.08738   -0.06482   -0.06482   -0.05643   -0.05643
  -0.02764   -0.02764   -0.01151   -0.00376   -0.00376    0.01275    0.01275    0.02456
   0.03896    0.08460    0.11018    0.13910    0.17236    0.19695    0.20577    0.22844
   0.22923    0.24270
 kpt#  19, nband= 90, wtk=  1.00000, kpt=  0.0000  0.0000  0.1667 (reduced coord)
  -4.78655   -4.78654   -3.02330   -3.02330   -3.02181   -3.02181   -3.02124   -3.02004
  -1.73844   -1.73552   -1.73489   -1.73489   -1.73469   -1.73126   -1.73081   -1.72960
  -1.72646   -1.72646   -1.72109   -1.72017   -1.72009   -1.71945   -1.71945   -1.70009
  -1.69958   -1.69577   -1.69541   -1.69540   -1.69383   -1.69383   -1.69191   -1.68972
  -1.68972   -0.71367   -0.71205   -0.71163   -0.71127   -0.71127   -0.71107   -0.71005
  -0.70976   -0.70976   -0.70963   -0.70468   -0.70446   -0.70402   -0.70228   -0.70228
  -0.46093   -0.45853   -0.43352   -0.41917   -0.39783   -0.24980   -0.24794   -0.24650
  -0.24557   -0.24557   -0.23422   -0.23422   -0.23033   -0.22919   -0.22446   -0.16167
  -0.15689   -0.13463   -0.09459   -0.08737   -0.06482   -0.06482   -0.05642   -0.05642
  -0.02764   -0.02764   -0.01141   -0.00377   -0.00377    0.01279    0.01279    0.02457
   0.03897    0.08462    0.11021    0.13916    0.17232    0.19702    0.20547    0.22845
   0.23008    0.24358
 kpt#  20, nband= 90, wtk=  1.00000, kpt=  0.0000  0.0000  0.1250 (reduced coord)
  -4.78655   -4.78654   -3.02354   -3.02354   -3.02157   -3.02157   -3.02108   -3.02022
  -1.73849   -1.73519   -1.73517   -1.73451   -1.73451   -1.73191   -1.73084   -1.72986
  -1.72673   -1.72673   -1.72116   -1.72053   -1.72028   -1.71961   -1.71961   -1.70011
  -1.69903   -1.69611   -1.69563   -1.69536   -1.69364   -1.69364   -1.69220   -1.68888
  -1.68888   -0.71373   -0.71212   -0.71165   -0.71126   -0.71126   -0.71107   -0.71005
  -0.70973   -0.70973   -0.70971   -0.70468   -0.70445   -0.70405   -0.70223   -0.70223
  -0.46093   -0.45853   -0.43352   -0.41917   -0.39783   -0.24924   -0.24800   -0.24654
  -0.24579   -0.24579   -0.23368   -0.23368   -0.23075   -0.22906   -0.22521   -0.16167
  -0.15690   -0.13462   -0.09459   -0.08737   -0.06482   -0.06482   -0.05644   -0.05644
  -0.02764   -0.02764   -0.01141   -0.00377   -0.00377    0.01276    0.01276    0.02456
   0.03897    0.08461    0.11023    0.13916    0.17227    0.19699    0.20521    0.22837
   0.23079    0.24361
 kpt#  21, nband= 90, wtk=  1.00000, kpt=  0.0000  0.0000  0.0833 (reduced coord)
  -4.78655   -4.78654   -3.02354   -3.02354   -3.02153   -3.02153   -3.02143   -3.02022
  -1.73852   -1.73679   -1.73506   -1.73455   -1.73455   -1.73181   -1.73084   -1.73067
  -1.72702   -1.72702   -1.72117   -1.72079   -1.72023   -1.71954   -1.71954   -1.70016
  -1.69889   -1.69769   -1.69546   -1.69535   -1.69378   -1.69378   -1.69252   -1.68850
  -1.68850   -0.71389   -0.71217   -0.71165   -0.71127   -0.71127   -0.71105   -0.71005
  -0.70972   -0.70972   -0.70970   -0.70468   -0.70443   -0.70424   -0.70222   -0.70222
  -0.46093   -0.45853   -0.43352   -0.41918   -0.39783   -0.24911   -0.24844   -0.24693
  -0.24580   -0.24580   -0.23367   -0.23367   -0.23074   -0.22907   -0.22522   -0.16168
  -0.15692   -0.13471   -0.09459   -0.08739   -0.06482   -0.06482   -0.05643   -0.05643
  -0.02764   -0.02764   -0.01141   -0.00377   -0.00377    0.01276    0.01276    0.02455
   0.03896    0.08460    0.11024    0.13906    0.17224    0.19699    0.20502    0.22837
   0.23135    0.24319
 kpt#  22, nband= 90, wtk=  1.00000, kpt=  0.0000  0.0000  0.0417 (reduced coord)
  -4.78656   -4.78654   -3.02361   -3.02361   -3.02219   -3.02219   -3.02204   -3.02074
  -1.73993   -1.73742   -1.73676   -1.73676   -1.73568   -1.73262   -1.73242   -1.73215
  -1.72859   -1.72859   -1.72235   -1.72194   -1.72072   -1.72072   -1.72054   -1.70115
  -1.69950   -1.69847   -1.69656   -1.69633   -1.69471   -1.69471   -1.69373   -1.69151
  -1.69151   -0.71410   -0.71236   -0.71185   -0.71151   -0.71151   -0.71114   -0.71025
  -0.71004   -0.71004   -0.70979   -0.70488   -0.70454   -0.70435   -0.70254   -0.70254
  -0.46093   -0.45853   -0.43353   -0.41918   -0.39784   -0.24972   -0.24860   -0.24701
  -0.24617   -0.24617   -0.23517   -0.23517   -0.23167   -0.23038   -0.22527   -0.16168
  -0.15693   -0.13474   -0.09459   -0.08739   -0.06482   -0.06482   -0.05649   -0.05649
  -0.02764   -0.02764   -0.01142   -0.00377   -0.00377    0.01270    0.01270    0.02455
   0.03896    0.08454    0.11025    0.13903    0.17221    0.19698    0.20490    0.22825
   0.23170    0.24318
 kpt#  23, nband= 90, wtk=  1.00000, kpt=  0.0000  0.0000  0.0000 (reduced coord)
  -4.78656   -4.78654   -3.02361   -3.02361   -3.02259   -3.02224   -3.02224   -3.02042
  -1.73998   -1.73710   -1.73710   -1.73692   -1.73569   -1.73332   -1.73262   -1.73219
  -1.72876   -1.72876   -1.72251   -1.72238   -1.72094   -1.72094   -1.72054   -1.70117
  -1.69950   -1.69785   -1.69662   -1.69633   -1.69516   -1.69516   -1.69469   -1.69170
  -1.69170   -0.71406   -0.71253   -0.71185   -0.71155   -0.71155   -0.71114   -0.71026
  -0.71009   -0.71009   -0.70979   -0.70489   -0.70454   -0.70429   -0.70259   -0.70259
  -0.46093   -0.45853   -0.43353   -0.41918   -0.39784   -0.24972   -0.24940   -0.24719
  -0.24615   -0.24615   -0.23550   -0.23550   -0.23082   -0.23040   -0.22527   -0.16168
  -0.15695   -0.13485   -0.09460   -0.08740   -0.06482   -0.06482   -0.05650   -0.05650
  -0.02764   -0.02764   -0.01144   -0.00377   -0.00377    0.01270    0.01270    0.02454
   0.03894    0.08457    0.11024    0.13904    0.17219    0.19698    0.20485    0.22828
   0.23181    0.24312
 kpt#  24, nband= 90, wtk=  1.00000, kpt=  0.0278  0.0278  0.0278 (reduced coord)
  -4.78655   -4.78654   -3.02391   -3.02372   -3.02182   -3.02147   -3.02143   -3.02050
  -1.73731   -1.73647   -1.73585   -1.73563   -1.73527   -1.73223   -1.73195   -1.73085
  -1.72743   -1.72739   -1.72183   -1.72069   -1.72045   -1.72013   -1.72007   -1.69986
  -1.69983   -1.69701   -1.69656   -1.69635   -1.69455   -1.69346   -1.69343   -1.69098
  -1.68995   -0.71383   -0.71231   -0.71148   -0.71143   -0.71133   -0.71110   -0.71012
  -0.70998   -0.70988   -0.70975   -0.70469   -0.70456   -0.70420   -0.70246   -0.70234
  -0.46069   -0.45826   -0.43350   -0.41895   -0.39778   -0.24951   -0.24858   -0.24711
  -0.24630   -0.24603   -0.23456   -0.23419   -0.23123   -0.22814   -0.22539   -0.16266
  -0.15835   -0.13505   -0.09680   -0.08804   -0.06567   -0.06220   -0.05795   -0.05702
  -0.02842   -0.02528   -0.01102   -0.00439   -0.00117    0.01143    0.01193    0.02556
   0.03935    0.08681    0.11146    0.14050    0.17196    0.19839    0.20417    0.22943
   0.23189    0.24180
 kpt#  25, nband= 90, wtk=  1.00000, kpt=  0.0556  0.0556  0.0556 (reduced coord)
  -4.78655   -4.78654   -3.02396   -3.02380   -3.02124   -3.02081   -3.02069   -3.02052
  -1.73596   -1.73574   -1.73566   -1.73399   -1.73384   -1.73066   -1.73032   -1.72931
  -1.72763   -1.72710   -1.72068   -1.72052   -1.72005   -1.71972   -1.71829   -1.69950
  -1.69761   -1.69610   -1.69530   -1.69449   -1.69432   -1.69338   -1.69172   -1.69082
  -1.68932   -0.71353   -0.71203   -0.71139   -0.71133   -0.71110   -0.71109   -0.70994
  -0.70990   -0.70974   -0.70970   -0.70454   -0.70431   -0.70395   -0.70243   -0.70230
  -0.46000   -0.45742   -0.43335   -0.41828   -0.39763   -0.24882   -0.24796   -0.24666
  -0.24628   -0.24540   -0.23386   -0.23339   -0.23075   -0.22641   -0.22633   -0.16547
  -0.16225   -0.13580   -0.10254   -0.08934   -0.06816   -0.06213   -0.06050   -0.05333
  -0.03071   -0.01909   -0.00963   -0.00621    0.00525    0.00855    0.00963    0.02820
   0.04091    0.09309    0.11492    0.14495    0.17125    0.20213    0.20253    0.23105
   0.23252    0.23341
 kpt#  26, nband= 90, wtk=  1.00000, kpt=  0.0833  0.0833  0.0833 (reduced coord)
  -4.78655   -4.78654   -3.02411   -3.02365   -3.02120   -3.02111   -3.02110   -3.02092
  -1.73621   -1.73614   -1.73565   -1.73546   -1.73508   -1.73129   -1.73128   -1.72917
  -1.72807   -1.72753   -1.72109   -1.72065   -1.71976   -1.71877   -1.71865   -1.69959
  -1.69908   -1.69618   -1.69585   -1.69582   -1.69530   -1.69457   -1.69247   -1.69161
  -1.69002   -0.71362   -0.71212   -0.71147   -0.71143   -0.71121   -0.71102   -0.71000
  -0.70999   -0.70982   -0.70964   -0.70455   -0.70455   -0.70411   -0.70253   -0.70242
  -0.45888   -0.45603   -0.43314   -0.41717   -0.39741   -0.24925   -0.24772   -0.24677
  -0.24634   -0.24531   -0.23341   -0.23302   -0.23150   -0.22815   -0.22661   -0.16974
  -0.16767   -0.13697   -0.11014   -0.09042   -0.07216   -0.06822   -0.06365   -0.04304
  -0.03433   -0.01162   -0.00914   -0.00746    0.00459    0.00606    0.01355    0.03276
   0.04465    0.10239    0.12014    0.15167    0.17001    0.19847    0.20923    0.21480
   0.22833    0.23323
 kpt#  27, nband= 90, wtk=  1.00000, kpt=  0.1111  0.1111  0.1111 (reduced coord)
  -4.78655   -4.78654   -3.02367   -3.02278   -3.02136   -3.02113   -3.02111   -3.02091
  -1.73639   -1.73563   -1.73541   -1.73494   -1.73451   -1.73048   -1.72997   -1.72789
  -1.72771   -1.72725   -1.72064   -1.72006   -1.71885   -1.71851   -1.71811   -1.69850
  -1.69835   -1.69568   -1.69538   -1.69520   -1.69465   -1.69362   -1.69192   -1.69066
  -1.69046   -0.71350   -0.71200   -0.71141   -0.71127   -0.71111   -0.71089   -0.70996
  -0.70983   -0.70975   -0.70953   -0.70447   -0.70445   -0.70404   -0.70245   -0.70236
  -0.45738   -0.45407   -0.43284   -0.41563   -0.39710   -0.24950   -0.24655   -0.24565
  -0.24488   -0.24410   -0.23359   -0.23275   -0.23172   -0.22926   -0.22648   -0.17494
  -0.17353   -0.13842   -0.11807   -0.09079   -0.07772   -0.07501   -0.06747   -0.03902
  -0.03184   -0.01300   -0.00667   -0.00499    0.00163    0.00253    0.02116    0.04000
   0.05193    0.11373    0.12648    0.15859    0.16938    0.19024    0.19835    0.20943
   0.21772    0.23129
 kpt#  28, nband= 90, wtk=  1.00000, kpt=  0.1389  0.1389  0.1389 (reduced coord)
  -4.78655   -4.78654   -3.02325   -3.02240   -3.02150   -3.02129   -3.02117   -3.02110
  -1.73618   -1.73605   -1.73590   -1.73553   -1.73338   -1.73025   -1.72898   -1.72781
  -1.72732   -1.72657   -1.72088   -1.71992   -1.71970   -1.71831   -1.71692   -1.69826
  -1.69782   -1.69594   -1.69492   -1.69491   -1.69461   -1.69396   -1.69151   -1.69097
  -1.69075   -0.71343   -0.71195   -0.71142   -0.71142   -0.71097   -0.71080   -0.71000
  -0.70994   -0.70961   -0.70941   -0.70447   -0.70433   -0.70388   -0.70254   -0.70246
  -0.45555   -0.45157   -0.43250   -0.41372   -0.39674   -0.24965   -0.24544   -0.24472
  -0.24465   -0.24308   -0.23386   -0.23262   -0.23142   -0.23034   -0.22722   -0.18050
  -0.17905   -0.14082   -0.12514   -0.09043   -0.08486   -0.08159   -0.07119   -0.04449
  -0.02281   -0.01760   -0.00664   -0.00378   -0.00304    0.00317    0.02990    0.04966
   0.06202    0.12587    0.13284    0.15677    0.17220    0.17991    0.18218    0.19876
   0.22072    0.22710
 kpt#  29, nband= 90, wtk=  1.00000, kpt=  0.1667  0.1667  0.1667 (reduced coord)
  -4.78655   -4.78653   -3.02313   -3.02171   -3.02147   -3.02108   -3.02105   -3.02079
  -1.73629   -1.73588   -1.73438   -1.73405   -1.73099   -1.73041   -1.72851   -1.72744
  -1.72731   -1.72531   -1.72070   -1.72005   -1.71899   -1.71665   -1.71506   -1.69831
  -1.69694   -1.69564   -1.69488   -1.69378   -1.69305   -1.69278   -1.69115   -1.69114
  -1.68883   -0.71329   -0.71180   -0.71145   -0.71134   -0.71071   -0.71061   -0.70999
  -0.70992   -0.70931   -0.70923   -0.70455   -0.70405   -0.70347   -0.70251   -0.70247
  -0.45343   -0.44857   -0.43209   -0.41145   -0.39632   -0.25023   -0.24438   -0.24377
  -0.24364   -0.24227   -0.23398   -0.23162   -0.23099   -0.23048   -0.22668   -0.18590
  -0.18375   -0.14471   -0.13032   -0.09255   -0.08970   -0.08809   -0.07408   -0.05049
  -0.02272   -0.01897   -0.00966   -0.00929   -0.00064    0.00415    0.04077    0.06073
   0.07066    0.13702    0.13769    0.15072    0.15907    0.16743    0.18859    0.19509
   0.20274    0.22732
 kpt#  30, nband= 90, wtk=  1.00000, kpt=  0.1944  0.1944  0.1944 (reduced coord)
  -4.78655   -4.78653   -3.02258   -3.02185   -3.02182   -3.02126   -3.02120   -3.02036
  -1.73629   -1.73560   -1.73421   -1.73186   -1.73137   -1.73041   -1.72827   -1.72824
  -1.72704   -1.72554   -1.72066   -1.72004   -1.71917   -1.71594   -1.71549   -1.69828
  -1.69608   -1.69581   -1.69525   -1.69395   -1.69333   -1.69211   -1.69130   -1.69117
  -1.68872   -0.71324   -0.71174   -0.71149   -0.71141   -0.71078   -0.71044   -0.71000
  -0.70996   -0.70937   -0.70906   -0.70460   -0.70377   -0.70351   -0.70255   -0.70254
  -0.45109   -0.44514   -0.43167   -0.40890   -0.39586   -0.25047   -0.24361   -0.24275
  -0.24212   -0.24112   -0.23441   -0.23203   -0.23096   -0.23043   -0.22854   -0.19075
  -0.18731   -0.14978   -0.13357   -0.10017   -0.09468   -0.08933   -0.07525   -0.05674
  -0.02816   -0.01998   -0.01583   -0.01184   -0.00130    0.00577    0.05244    0.06711
   0.07515    0.13849    0.14277    0.14794    0.15189    0.16166    0.17703    0.19743
   0.20861    0.22417
 kpt#  31, nband= 90, wtk=  1.00000, kpt=  0.2222  0.2222  0.2222 (reduced coord)
  -4.78655   -4.78654   -3.02245   -3.02190   -3.02174   -3.02158   -3.02152   -3.02112
  -1.73636   -1.73622   -1.73519   -1.73210   -1.73156   -1.73070   -1.72999   -1.72848
  -1.72698   -1.72696   -1.72128   -1.72045   -1.72026   -1.71669   -1.71568   -1.69870
  -1.69706   -1.69627   -1.69544   -1.69515   -1.69412   -1.69242   -1.69214   -1.69125
  -1.68981   -0.71325   -0.71174   -0.71170   -0.71156   -0.71102   -0.71039   -0.71019
  -0.71003   -0.70957   -0.70899   -0.70475   -0.70370   -0.70364   -0.70279   -0.70260
  -0.44858   -0.44136   -0.43126   -0.40614   -0.39535   -0.25062   -0.24283   -0.24225
  -0.24197   -0.23903   -0.23550   -0.23262   -0.23200   -0.23111   -0.23039   -0.19478
  -0.18955   -0.15501   -0.13574   -0.10736   -0.10124   -0.08984   -0.07417   -0.06305
  -0.03375   -0.02318   -0.02213   -0.01501   -0.00406    0.00478    0.05446    0.06868
   0.07571    0.13537    0.14222    0.15288    0.15594    0.15971    0.17339    0.19676
   0.21771    0.22444
 kpt#  32, nband= 90, wtk=  1.00000, kpt=  0.2500  0.2500  0.2500 (reduced coord)
  -4.78655   -4.78653   -3.02252   -3.02221   -3.02185   -3.02136   -3.02103   -3.02093
  -1.73544   -1.73515   -1.73401   -1.73342   -1.73180   -1.73101   -1.72873   -1.72833
  -1.72803   -1.72691   -1.72000   -1.71956   -1.71910   -1.71871   -1.71532   -1.69912
  -1.69623   -1.69606   -1.69544   -1.69504   -1.69453   -1.69155   -1.69131   -1.69062
  -1.69046   -0.71303   -0.71156   -0.71152   -0.71150   -0.71143   -0.71028   -0.71013
  -0.70992   -0.70989   -0.70882   -0.70501   -0.70368   -0.70354   -0.70254   -0.70253
  -0.44598   -0.43735   -0.43081   -0.40327   -0.39475   -0.25126   -0.24190   -0.24104
  -0.24060   -0.23862   -0.23733   -0.23300   -0.23210   -0.22991   -0.22971   -0.19775
  -0.19041   -0.15954   -0.13738   -0.11387   -0.10758   -0.09068   -0.07133   -0.06919
  -0.03928   -0.02824   -0.02735   -0.01893   -0.00830   -0.00175    0.04614    0.06095
   0.07547    0.13995    0.14397    0.14999    0.16146    0.17409    0.17755    0.19757
   0.20769    0.23382
 kpt#  33, nband= 90, wtk=  1.00000, kpt=  0.2778  0.2778  0.2778 (reduced coord)
  -4.78655   -4.78654   -3.02280   -3.02225   -3.02173   -3.02133   -3.02132   -3.02109
  -1.73574   -1.73543   -1.73523   -1.73397   -1.73143   -1.73110   -1.72922   -1.72850
  -1.72836   -1.72707   -1.72026   -1.72015   -1.71997   -1.71904   -1.71535   -1.69936
  -1.69685   -1.69632   -1.69601   -1.69515   -1.69503   -1.69151   -1.69143   -1.69127
  -1.69043   -0.71301   -0.71174   -0.71166   -0.71162   -0.71141   -0.71031   -0.71018
  -0.71000   -0.71000   -0.70871   -0.70516   -0.70369   -0.70339   -0.70268   -0.70265
  -0.44337   -0.43326   -0.43037   -0.40040   -0.39402   -0.25174   -0.24139   -0.24100
  -0.23955   -0.23914   -0.23719   -0.23285   -0.23240   -0.23016   -0.23000   -0.19950
  -0.18989   -0.16293   -0.13881   -0.11968   -0.11356   -0.09124   -0.07503   -0.06773
  -0.04461   -0.03408   -0.03178   -0.02377   -0.01493   -0.01337    0.03773    0.04526
   0.07029    0.14221    0.15324    0.15944    0.16473    0.17897    0.19426    0.19698
   0.20211    0.23608
 kpt#  34, nband= 90, wtk=  1.00000, kpt=  0.3056  0.3056  0.3056 (reduced coord)
  -4.78655   -4.78654   -3.02280   -3.02235   -3.02173   -3.02133   -3.02124   -3.02106
  -1.73613   -1.73577   -1.73480   -1.73390   -1.73144   -1.73093   -1.72932   -1.72841
  -1.72804   -1.72708   -1.72036   -1.72013   -1.71965   -1.71937   -1.71507   -1.69989
  -1.69673   -1.69660   -1.69580   -1.69521   -1.69512   -1.69167   -1.69161   -1.69074
  -1.69043   -0.71295   -0.71190   -0.71165   -0.71157   -0.71135   -0.71050   -0.71015
  -0.71006   -0.70992   -0.70861   -0.70536   -0.70361   -0.70332   -0.70269   -0.70265
  -0.44084   -0.43005   -0.42912   -0.39770   -0.39308   -0.25207   -0.24159   -0.24081
  -0.24024   -0.23841   -0.23556   -0.23292   -0.23244   -0.23028   -0.22981   -0.19994
  -0.18811   -0.16483   -0.13991   -0.12477   -0.11908   -0.09105   -0.08044   -0.06424
  -0.04962   -0.03956   -0.03666   -0.03339   -0.02581   -0.02152    0.02618    0.03056
   0.06390    0.14087    0.16634    0.16876    0.17226    0.18146    0.18980    0.20395
   0.21818    0.24048
 kpt#  35, nband= 90, wtk=  1.00000, kpt=  0.3333  0.3333  0.3333 (reduced coord)
  -4.78655   -4.78654   -3.02292   -3.02230   -3.02189   -3.02148   -3.02128   -3.02121
  -1.73549   -1.73547   -1.73459   -1.73438   -1.73296   -1.73036   -1.72940   -1.72908
  -1.72873   -1.72817   -1.72071   -1.71992   -1.71955   -1.71908   -1.71627   -1.69884
  -1.69700   -1.69687   -1.69627   -1.69590   -1.69523   -1.69304   -1.69201   -1.69115
  -1.69088   -0.71299   -0.71184   -0.71168   -0.71168   -0.71143   -0.71046   -0.71023
  -0.71009   -0.70998   -0.70875   -0.70538   -0.70367   -0.70345   -0.70273   -0.70272
  -0.43849   -0.42951   -0.42544   -0.39533   -0.39180   -0.25200   -0.24279   -0.24073
  -0.23934   -0.23831   -0.23460   -0.23341   -0.23276   -0.23063   -0.22986   -0.19901
  -0.18526   -0.16496   -0.14071   -0.12903   -0.12401   -0.09000   -0.08530   -0.06205
  -0.05419   -0.05151   -0.04459   -0.04024   -0.03261   -0.02938    0.01189    0.01694
   0.06132    0.13932    0.16685    0.17246    0.18120    0.18636    0.19478    0.21280
   0.23668    0.23932
 kpt#  36, nband= 90, wtk=  1.00000, kpt=  0.3611  0.3611  0.3611 (reduced coord)
  -4.78655   -4.78654   -3.02285   -3.02220   -3.02178   -3.02117   -3.02110   -3.02080
  -1.73522   -1.73445   -1.73428   -1.73396   -1.73254   -1.72958   -1.72878   -1.72866
  -1.72775   -1.72751   -1.72033   -1.71923   -1.71899   -1.71815   -1.71621   -1.69835
  -1.69655   -1.69644   -1.69550   -1.69544   -1.69324   -1.69289   -1.69151   -1.69049
  -1.69045   -0.71291   -0.71189   -0.71156   -0.71153   -0.71134   -0.71044   -0.71007
  -0.71002   -0.70993   -0.70866   -0.70535   -0.70353   -0.70336   -0.70262   -0.70260
  -0.43642   -0.42901   -0.42216   -0.39337   -0.39018   -0.25181   -0.24410   -0.24011
  -0.23804   -0.23780   -0.23317   -0.23263   -0.23229   -0.23035   -0.23003   -0.19676
  -0.18157   -0.16307   -0.14114   -0.13260   -0.12826   -0.08954   -0.08813   -0.06986
  -0.06199   -0.05821   -0.04894   -0.04823   -0.03725   -0.03493   -0.00447    0.00674
   0.06127    0.13839    0.16676    0.16941    0.18107    0.18693    0.21625    0.22345
   0.23589    0.24245
 kpt#  37, nband= 90, wtk=  1.00000, kpt=  0.3889  0.3889  0.3889 (reduced coord)
  -4.78655   -4.78654   -3.02320   -3.02241   -3.02205   -3.02155   -3.02152   -3.02121
  -1.73613   -1.73597   -1.73527   -1.73438   -1.73399   -1.73052   -1.72997   -1.72959
  -1.72910   -1.72835   -1.72104   -1.72087   -1.71999   -1.71882   -1.71760   -1.69926
  -1.69842   -1.69766   -1.69650   -1.69648   -1.69443   -1.69411   -1.69229   -1.69103
  -1.69099   -0.71294   -0.71210   -0.71180   -0.71176   -0.71139   -0.71065   -0.71027
  -0.71023   -0.71011   -0.70883   -0.70559   -0.70357   -0.70356   -0.70285   -0.70278
  -0.43474   -0.42847   -0.41947   -0.39174   -0.38845   -0.25206   -0.24645   -0.23992
  -0.23897   -0.23724   -0.23298   -0.23263   -0.23258   -0.23102   -0.23095   -0.19334
  -0.17721   -0.15917   -0.14134   -0.13563   -0.13180   -0.09309   -0.08813   -0.08441
  -0.06729   -0.06162   -0.05738   -0.05265   -0.04132   -0.03635   -0.02121    0.00008
   0.06206    0.13810    0.16624    0.16690    0.17843    0.18702    0.23198    0.23288
   0.23758    0.24097
 kpt#  38, nband= 90, wtk=  1.00000, kpt=  0.4167  0.4167  0.4167 (reduced coord)
  -4.78655   -4.78654   -3.02312   -3.02250   -3.02229   -3.02168   -3.02140   -3.02095
  -1.73630   -1.73575   -1.73493   -1.73447   -1.73380   -1.73070   -1.73059   -1.72923
  -1.72897   -1.72878   -1.72082   -1.72003   -1.71978   -1.71889   -1.71826   -1.70005
  -1.69860   -1.69758   -1.69738   -1.69593   -1.69488   -1.69401   -1.69153   -1.69105
  -1.69069   -0.71283   -0.71227   -0.71184   -0.71175   -0.71126   -0.71075   -0.71029
  -0.71016   -0.71012   -0.70886   -0.70576   -0.70356   -0.70346   -0.70287   -0.70276
  -0.43349   -0.42790   -0.41743   -0.39032   -0.38689   -0.25188   -0.24843   -0.23962
  -0.23910   -0.23588   -0.23282   -0.23199   -0.23174   -0.23132   -0.23112   -0.18912
  -0.17212   -0.15369   -0.14125   -0.13803   -0.13456   -0.10327   -0.09591   -0.08347
  -0.07604   -0.06435   -0.06243   -0.05558   -0.04734   -0.03636   -0.03502   -0.00404
   0.06292    0.13834    0.16561    0.16567    0.17571    0.18637    0.23039    0.23266
   0.24587    0.25493
 kpt#  39, nband= 90, wtk=  1.00000, kpt=  0.4444  0.4444  0.4444 (reduced coord)
  -4.78655   -4.78654   -3.02268   -3.02220   -3.02202   -3.02151   -3.02110   -3.02063
  -1.73556   -1.73430   -1.73392   -1.73342   -1.73314   -1.73001   -1.72969   -1.72872
  -1.72800   -1.72770   -1.72018   -1.71909   -1.71865   -1.71818   -1.71709   -1.69913
  -1.69758   -1.69676   -1.69585   -1.69500   -1.69406   -1.69376   -1.69046   -1.68998
  -1.68976   -0.71267   -0.71218   -0.71174   -0.71155   -0.71111   -0.71075   -0.71021
  -0.70992   -0.70991   -0.70864   -0.70571   -0.70333   -0.70327   -0.70277   -0.70257
  -0.43268   -0.42736   -0.41604   -0.38915   -0.38568   -0.25133   -0.24958   -0.23885
  -0.23828   -0.23450   -0.23196   -0.23192   -0.23120   -0.23090   -0.23003   -0.18473
  -0.16621   -0.14753   -0.14096   -0.13967   -0.13650   -0.11743   -0.09794   -0.08991
  -0.07631   -0.06632   -0.06521   -0.05769   -0.05477   -0.04771   -0.03378   -0.00629
   0.06357    0.13891    0.16508    0.16519    0.17345    0.18576    0.22871    0.22990
   0.25327    0.26570
 kpt#  40, nband= 90, wtk=  1.00000, kpt=  0.4722  0.4722  0.4722 (reduced coord)
  -4.78655   -4.78655   -3.02231   -3.02218   -3.02209   -3.02194   -3.02129   -3.02125
  -1.73627   -1.73507   -1.73445   -1.73395   -1.73355   -1.72998   -1.72995   -1.72924
  -1.72888   -1.72792   -1.72101   -1.72027   -1.71995   -1.71802   -1.71732   -1.69822
  -1.69805   -1.69688   -1.69598   -1.69555   -1.69454   -1.69392   -1.69138   -1.69132
  -1.69024   -0.71281   -0.71215   -0.71184   -0.71163   -0.71128   -0.71077   -0.71036
  -0.71009   -0.70991   -0.70864   -0.70571   -0.70344   -0.70334   -0.70289   -0.70270
  -0.43222   -0.42698   -0.41524   -0.38839   -0.38491   -0.25086   -0.25063   -0.23855
  -0.23841   -0.23380   -0.23253   -0.23222   -0.23148   -0.23140   -0.23100   -0.18122
  -0.16001   -0.14201   -0.14077   -0.14074   -0.13768   -0.12906   -0.09917   -0.09693
  -0.07383   -0.06754   -0.06658   -0.06131   -0.05901   -0.05496   -0.03305   -0.00728
   0.06395    0.13949    0.16482    0.16482    0.17189    0.18544    0.22761    0.22802
   0.25835    0.26334
 kpt#  41, nband= 90, wtk=  1.00000, kpt=  0.5000  0.5000  0.5000 (reduced coord)
  -4.78655   -4.78655   -3.02253   -3.02252   -3.02232   -3.02232   -3.02190   -3.02190
  -1.73761   -1.73691   -1.73691   -1.73645   -1.73399   -1.73051   -1.73010   -1.72998
  -1.72998   -1.72978   -1.72180   -1.72180   -1.72140   -1.71898   -1.71794   -1.69900
  -1.69802   -1.69786   -1.69786   -1.69756   -1.69550   -1.69472   -1.69307   -1.69242
  -1.69242   -0.71311   -0.71236   -0.71194   -0.71194   -0.71162   -0.71098   -0.71040
  -0.71040   -0.71008   -0.70874   -0.70579   -0.70364   -0.70342   -0.70302   -0.70302
  -0.43209   -0.42685   -0.41500   -0.38813   -0.38466   -0.25139   -0.25139   -0.23871
  -0.23871   -0.23356   -0.23356   -0.23322   -0.23226   -0.23220   -0.23205   -0.17987
  -0.15659   -0.14123   -0.14123   -0.13812   -0.13812   -0.13565   -0.09958   -0.09958
  -0.07292   -0.06795   -0.06795   -0.06093   -0.05946   -0.05946   -0.03283   -0.00755
   0.06405    0.13968    0.16466    0.16466    0.17124    0.18533    0.22727    0.22727
   0.25952    0.26316
 kpt#  42, nband= 90, wtk=  1.00000, kpt=  0.4375  0.5000  0.5000 (reduced coord)
  -4.78655   -4.78655   -3.02226   -3.02212   -3.02206   -3.02191   -3.02094   -3.02094
  -1.73516   -1.73491   -1.73412   -1.73323   -1.73285   -1.73049   -1.72917   -1.72847
  -1.72822   -1.72768   -1.72037   -1.71981   -1.71921   -1.71765   -1.71758   -1.69801
  -1.69751   -1.69636   -1.69588   -1.69466   -1.69449   -1.69414   -1.69125   -1.69012
  -1.68983   -0.71262   -0.71204   -0.71168   -0.71167   -0.71108   -0.71067   -0.71018
  -0.71008   -0.71000   -0.70874   -0.70561   -0.70348   -0.70320   -0.70277   -0.70267
  -0.43242   -0.42718   -0.41562   -0.38879   -0.38530   -0.25041   -0.25040   -0.23881
  -0.23880   -0.23327   -0.23274   -0.23157   -0.23128   -0.23096   -0.23056   -0.18321
  -0.16389   -0.14734   -0.14042   -0.14026   -0.13048   -0.12733   -0.09681   -0.09474
  -0.07425   -0.06765   -0.06401   -0.06163   -0.05447   -0.05287   -0.03335   -0.00690
   0.06379    0.13914    0.16501    0.16506    0.17269    0.18557    0.22841    0.22867
   0.25811    0.26220
 kpt#  43, nband= 90, wtk=  1.00000, kpt=  0.3750  0.5000  0.5000 (reduced coord)
  -4.78655   -4.78655   -3.02287   -3.02266   -3.02190   -3.02169   -3.02101   -3.02101
  -1.73540   -1.73525   -1.73423   -1.73420   -1.73325   -1.73048   -1.73034   -1.72898
  -1.72893   -1.72802   -1.72029   -1.71986   -1.71908   -1.71874   -1.71784   -1.69901
  -1.69827   -1.69646   -1.69626   -1.69535   -1.69494   -1.69407   -1.69169   -1.69138
  -1.69016   -0.71270   -0.71214   -0.71173   -0.71166   -0.71116   -0.71076   -0.71024
  -0.71021   -0.71005   -0.70880   -0.70567   -0.70351   -0.70333   -0.70281   -0.70272
  -0.43342   -0.42820   -0.41740   -0.39069   -0.38714   -0.24997   -0.24996   -0.23935
  -0.23931   -0.23483   -0.23415   -0.23140   -0.23106   -0.23095   -0.23077   -0.19121
  -0.17532   -0.15825   -0.14041   -0.14036   -0.11632   -0.11591   -0.08866   -0.08381
  -0.07292   -0.06832   -0.05698   -0.05142   -0.04477   -0.04083   -0.03465   -0.00458
   0.06317    0.13732    0.16557    0.16635    0.17582    0.18614    0.22928    0.23216
   0.25618    0.25767
 kpt#  44, nband= 90, wtk=  1.00000, kpt=  0.3125  0.5000  0.5000 (reduced coord)
  -4.78655   -4.78655   -3.02275   -3.02254   -3.02162   -3.02141   -3.02095   -3.02095
  -1.73546   -1.73501   -1.73437   -1.73379   -1.73267   -1.73043   -1.72955   -1.72839
  -1.72766   -1.72709   -1.72029   -1.71940   -1.71835   -1.71821   -1.71695   -1.69870
  -1.69835   -1.69661   -1.69602   -1.69518   -1.69380   -1.69302   -1.69149   -1.69094
  -1.68880   -0.71289   -0.71195   -0.71154   -0.71152   -0.71134   -0.71046   -0.71024
  -0.70999   -0.70982   -0.70883   -0.70542   -0.70362   -0.70344   -0.70263   -0.70250
  -0.43483   -0.42963   -0.42000   -0.39344   -0.38978   -0.24829   -0.24828   -0.23958
  -0.23953   -0.23532   -0.23476   -0.23184   -0.23172   -0.23078   -0.23020   -0.20049
  -0.18615   -0.16893   -0.14150   -0.14145   -0.10207   -0.09845   -0.07559   -0.07505
  -0.06424   -0.06241   -0.05058   -0.04038   -0.03681   -0.03206   -0.02026    0.00081
   0.06294    0.13426    0.16671    0.16775    0.18075    0.18686    0.22288    0.23233
   0.23758    0.24323
 kpt#  45, nband= 90, wtk=  1.00000, kpt=  0.2500  0.5000  0.5000 (reduced coord)
  -4.78655   -4.78655   -3.02336   -3.02316   -3.02131   -3.02126   -3.02125   -3.02111
  -1.73611   -1.73514   -1.73501   -1.73435   -1.73398   -1.73001   -1.72926   -1.72924
  -1.72903   -1.72841   -1.72060   -1.71990   -1.71927   -1.71813   -1.71801   -1.69883
  -1.69840   -1.69691   -1.69626   -1.69563   -1.69482   -1.69380   -1.69195   -1.69156
  -1.69055   -0.71307   -0.71175   -0.71162   -0.71160   -0.71149   -0.71041   -0.71032
  -0.71008   -0.71006   -0.70905   -0.70516   -0.70376   -0.70365   -0.70270   -0.70266
  -0.43651   -0.43133   -0.42294   -0.39655   -0.39277   -0.24675   -0.24667   -0.24015
  -0.24014   -0.23676   -0.23607   -0.23263   -0.23256   -0.23166   -0.23115   -0.20918
  -0.19552   -0.17839   -0.14404   -0.14400   -0.08428   -0.07834   -0.06690   -0.05841
  -0.05474   -0.05137   -0.04194   -0.04108   -0.03081   -0.01471    0.00438    0.01168
   0.06446    0.12953    0.16508    0.16676    0.18784    0.18867    0.20229    0.20460
   0.21274    0.23779
 kpt#  46, nband= 90, wtk=  1.00000, kpt=  0.1875  0.5000  0.5000 (reduced coord)
  -4.78655   -4.78655   -3.02301   -3.02280   -3.02160   -3.02139   -3.02125   -3.02124
  -1.73659   -1.73607   -1.73480   -1.73434   -1.73406   -1.72981   -1.72932   -1.72875
  -1.72818   -1.72796   -1.72026   -1.72018   -1.71929   -1.71819   -1.71757   -1.69909
  -1.69719   -1.69693   -1.69651   -1.69596   -1.69451   -1.69368   -1.69194   -1.69142
  -1.69045   -0.71302   -0.71178   -0.71157   -0.71136   -0.71135   -0.71060   -0.71028
  -0.70999   -0.70990   -0.70920   -0.70487   -0.70400   -0.70361   -0.70288   -0.70252
  -0.43813   -0.43297   -0.42577   -0.39953   -0.39564   -0.24490   -0.24477   -0.24022
  -0.24013   -0.23714   -0.23645   -0.23416   -0.23399   -0.23189   -0.23149   -0.21635
  -0.20304   -0.18605   -0.14720   -0.14717   -0.06436   -0.05954   -0.05603   -0.04418
  -0.04167   -0.04059   -0.03784   -0.03253   -0.02569    0.00272    0.02883    0.03245
   0.07023    0.12301    0.15509    0.15896    0.17288    0.17567    0.17986    0.19139
   0.20324    0.22989
 kpt#  47, nband= 90, wtk=  1.00000, kpt=  0.1250  0.5000  0.5000 (reduced coord)
  -4.78654   -4.78654   -3.02298   -3.02277   -3.02134   -3.02113   -3.02096   -3.02096
  -1.73552   -1.73549   -1.73429   -1.73405   -1.73328   -1.72940   -1.72851   -1.72837
  -1.72837   -1.72708   -1.72016   -1.71924   -1.71849   -1.71831   -1.71736   -1.69809
  -1.69743   -1.69623   -1.69536   -1.69418   -1.69391   -1.69346   -1.69176   -1.69149
  -1.68928   -0.71303   -0.71164   -0.71151   -0.71131   -0.71115   -0.71045   -0.71018
  -0.70990   -0.70966   -0.70909   -0.70480   -0.70405   -0.70351   -0.70277   -0.70224
  -0.43948   -0.43434   -0.42809   -0.40197   -0.39799   -0.24368   -0.24350   -0.23976
  -0.23942   -0.23725   -0.23663   -0.23407   -0.23393   -0.23239   -0.23202   -0.22160
  -0.20851   -0.19165   -0.15021   -0.15014   -0.05867   -0.04591   -0.04052   -0.03294
  -0.02877   -0.02653   -0.02652   -0.02273   -0.01374    0.01419    0.05363    0.05821
   0.08303    0.11428    0.13624    0.13888    0.14696    0.15324    0.15726    0.18460
   0.20835    0.21279
 kpt#  48, nband= 90, wtk=  1.00000, kpt=  0.0625  0.5000  0.5000 (reduced coord)
  -4.78654   -4.78654   -3.02267   -3.02246   -3.02192   -3.02172   -3.02093   -3.02093
  -1.73667   -1.73619   -1.73432   -1.73418   -1.73286   -1.72983   -1.72898   -1.72848
  -1.72826   -1.72739   -1.72031   -1.71917   -1.71904   -1.71900   -1.71779   -1.69871
  -1.69753   -1.69627   -1.69548   -1.69494   -1.69378   -1.69367   -1.69205   -1.69118
  -1.68988   -0.71296   -0.71168   -0.71149   -0.71124   -0.71119   -0.71073   -0.71021
  -0.70983   -0.70971   -0.70928   -0.70464   -0.70409   -0.70362   -0.70280   -0.70232
  -0.44036   -0.43523   -0.42960   -0.40356   -0.39952   -0.24293   -0.24270   -0.23952
  -0.23890   -0.23726   -0.23695   -0.23512   -0.23486   -0.23311   -0.23280   -0.22478
  -0.21183   -0.19507   -0.15230   -0.15220   -0.05799   -0.04712   -0.02510   -0.02383
  -0.01865   -0.01676   -0.01323   -0.00728    0.00652    0.01698    0.07075    0.08055
   0.09766    0.11010    0.11337    0.12721    0.12762    0.13848    0.14855    0.16184
   0.17711    0.18240
 kpt#  49, nband= 90, wtk=  1.00000, kpt=  0.0000  0.5000  0.5000 (reduced coord)
  -4.78654   -4.78654   -3.02229   -3.02209   -3.02186   -3.02165   -3.02092   -3.02092
  -1.73569   -1.73519   -1.73375   -1.73305   -1.73242   -1.73024   -1.72845   -1.72799
  -1.72792   -1.72789   -1.71982   -1.71888   -1.71856   -1.71792   -1.71741   -1.69823
  -1.69632   -1.69567   -1.69524   -1.69406   -1.69402   -1.69248   -1.69148   -1.69108
  -1.69065   -0.71293   -0.71162   -0.71144   -0.71122   -0.71090   -0.71064   -0.71014
  -0.70977   -0.70954   -0.70930   -0.70441   -0.70417   -0.70356   -0.70274   -0.70230
  -0.44067   -0.43554   -0.43012   -0.40410   -0.40005   -0.24232   -0.24204   -0.23973
  -0.23885   -0.23634   -0.23626   -0.23522   -0.23498   -0.23330   -0.23297   -0.22582
  -0.21294   -0.19621   -0.15303   -0.15292   -0.05792   -0.04757   -0.02370   -0.02287
  -0.01213   -0.00894   -0.00787    0.00912    0.00984    0.01704    0.06779    0.09674
   0.09824    0.10220    0.11090    0.12626    0.13352    0.14190    0.14569    0.15105
   0.15156    0.16070
 kpt#  50, nband= 90, wtk=  1.00000, kpt=  0.0000  0.5000  0.4375 (reduced coord)
  -4.78654   -4.78654   -3.02253   -3.02233   -3.02207   -3.02186   -3.02103   -3.02102
  -1.73666   -1.73600   -1.73442   -1.73310   -1.73297   -1.73064   -1.72895   -1.72879
  -1.72869   -1.72810   -1.72032   -1.71958   -1.71905   -1.71821   -1.71820   -1.69902
  -1.69688   -1.69601   -1.69545   -1.69498   -1.69469   -1.69330   -1.69193   -1.69155
  -1.69107   -0.71295   -0.71167   -0.71145   -0.71137   -0.71102   -0.71077   -0.71019
  -0.70992   -0.70966   -0.70941   -0.70452   -0.70423   -0.70363   -0.70279   -0.70245
  -0.44067   -0.43555   -0.43012   -0.40410   -0.40005   -0.24273   -0.24246   -0.23989
  -0.23904   -0.23677   -0.23670   -0.23548   -0.23523   -0.23354   -0.23320   -0.22584
  -0.21294   -0.19621   -0.15302   -0.15291   -0.05792   -0.04757   -0.02371   -0.02288
  -0.01217   -0.00895   -0.00793    0.00911    0.00983    0.01703    0.06779    0.09674
   0.09824    0.10219    0.11089    0.12626    0.13352    0.14188    0.14569    0.15104
   0.15155    0.16069
 kpt#  51, nband= 90, wtk=  1.00000, kpt=  0.0000  0.5000  0.3750 (reduced coord)
  -4.78654   -4.78654   -3.02250   -3.02229   -3.02201   -3.02180   -3.02087   -3.02086
  -1.73654   -1.73584   -1.73400   -1.73285   -1.73282   -1.73055   -1.72858   -1.72852
  -1.72837   -1.72760   -1.72009   -1.71935   -1.71882   -1.71813   -1.71805   -1.69895
  -1.69674   -1.69590   -1.69526   -1.69460   -1.69432   -1.69298   -1.69157   -1.69096
  -1.69072   -0.71289   -0.71163   -0.71138   -0.71130   -0.71100   -0.71076   -0.71015
  -0.70986   -0.70963   -0.70941   -0.70449   -0.70422   -0.70357   -0.70275   -0.70238
  -0.44067   -0.43555   -0.43012   -0.40410   -0.40005   -0.24255   -0.24228   -0.23984
  -0.23899   -0.23662   -0.23655   -0.23530   -0.23502   -0.23340   -0.23308   -0.22583
  -0.21294   -0.19621   -0.15301   -0.15290   -0.05791   -0.04756   -0.02370   -0.02287
  -0.01216   -0.00895   -0.00792    0.00912    0.00983    0.01704    0.06779    0.09674
   0.09824    0.10220    0.11090    0.12627    0.13352    0.14189    0.14569    0.15105
   0.15155    0.16069
 kpt#  52, nband= 90, wtk=  1.00000, kpt=  0.0000  0.5000  0.3125 (reduced coord)
  -4.78654   -4.78654   -3.02241   -3.02221   -3.02193   -3.02173   -3.02092   -3.02092
  -1.73658   -1.73561   -1.73354   -1.73346   -1.73264   -1.73032   -1.72842   -1.72840
  -1.72801   -1.72788   -1.72061   -1.71873   -1.71824   -1.71820   -1.71798   -1.69883
  -1.69656   -1.69632   -1.69532   -1.69496   -1.69390   -1.69278   -1.69092   -1.69087
  -1.69047   -0.71306   -0.71156   -0.71149   -0.71121   -0.71098   -0.71074   -0.71006
  -0.70977   -0.70961   -0.70937   -0.70446   -0.70422   -0.70368   -0.70267   -0.70229
  -0.44067   -0.43554   -0.43012   -0.40410   -0.40005   -0.24236   -0.24210   -0.23988
  -0.23899   -0.23644   -0.23636   -0.23545   -0.23536   -0.23337   -0.23291   -0.22583
  -0.21294   -0.19621   -0.15299   -0.15288   -0.05790   -0.04756   -0.02372   -0.02289
  -0.01214   -0.00895   -0.00789    0.00911    0.00983    0.01704    0.06778    0.09674
   0.09824    0.10219    0.11090    0.12628    0.13352    0.14190    0.14568    0.15105
   0.15154    0.16070
 kpt#  53, nband= 90, wtk=  1.00000, kpt=  0.0000  0.5000  0.2500 (reduced coord)
  -4.78654   -4.78654   -3.02243   -3.02222   -3.02170   -3.02150   -3.02113   -3.02113
  -1.73739   -1.73586   -1.73348   -1.73336   -1.73217   -1.73027   -1.72874   -1.72795
  -1.72788   -1.72776   -1.72152   -1.71874   -1.71810   -1.71785   -1.71774   -1.69980
  -1.69701   -1.69573   -1.69526   -1.69442   -1.69365   -1.69234   -1.69125   -1.69094
  -1.69009   -0.71321   -0.71161   -0.71152   -0.71120   -0.71089   -0.71077   -0.71007
  -0.70972   -0.70953   -0.70931   -0.70437   -0.70415   -0.70385   -0.70265   -0.70225
  -0.44067   -0.43554   -0.43012   -0.40411   -0.40005   -0.24216   -0.24189   -0.23969
  -0.23879   -0.23623   -0.23616   -0.23590   -0.23589   -0.23349   -0.23293   -0.22583
  -0.21294   -0.19621   -0.15299   -0.15288   -0.05789   -0.04756   -0.02373   -0.02289
  -0.01212   -0.00894   -0.00787    0.00911    0.00984    0.01704    0.06777    0.09674
   0.09824    0.10218    0.11093    0.12629    0.13352    0.14192    0.14569    0.15107
   0.15152    0.16072
 kpt#  54, nband= 90, wtk=  1.00000, kpt=  0.0000  0.5000  0.1875 (reduced coord)
  -4.78655   -4.78655   -3.02258   -3.02237   -3.02185   -3.02165   -3.02147   -3.02147
  -1.73802   -1.73674   -1.73439   -1.73389   -1.73269   -1.73073   -1.72934   -1.72884
  -1.72835   -1.72792   -1.72219   -1.71990   -1.71908   -1.71829   -1.71809   -1.70025
  -1.69748   -1.69596   -1.69570   -1.69543   -1.69455   -1.69245   -1.69216   -1.69170
  -1.69115   -0.71330   -0.71172   -0.71169   -0.71138   -0.71091   -0.71083   -0.71022
  -0.70989   -0.70956   -0.70938   -0.70440   -0.70422   -0.70395   -0.70281   -0.70242
  -0.44067   -0.43555   -0.43012   -0.40411   -0.40005   -0.24250   -0.24222   -0.23991
  -0.23902   -0.23651   -0.23644   -0.23624   -0.23623   -0.23393   -0.23339   -0.22585
  -0.21294   -0.19622   -0.15301   -0.15290   -0.05791   -0.04756   -0.02376   -0.02293
  -0.01217   -0.00895   -0.00792    0.00910    0.00983    0.01704    0.06776    0.09673
   0.09823    0.10217    0.11093    0.12627    0.13350    0.14191    0.14568    0.15107
   0.15149    0.16071
 kpt#  55, nband= 90, wtk=  1.00000, kpt=  0.0000  0.5000  0.1250 (reduced coord)
  -4.78655   -4.78655   -3.02269   -3.02248   -3.02194   -3.02175   -3.02175   -3.02173
  -1.73821   -1.73761   -1.73512   -1.73427   -1.73296   -1.73088   -1.73003   -1.72983
  -1.72889   -1.72828   -1.72232   -1.72052   -1.71996   -1.71846   -1.71826   -1.70011
  -1.69762   -1.69732   -1.69635   -1.69543   -1.69511   -1.69283   -1.69276   -1.69248
  -1.69165   -0.71334   -0.71195   -0.71177   -0.71144   -0.71097   -0.71084   -0.71040
  -0.70997   -0.70960   -0.70937   -0.70445   -0.70428   -0.70393   -0.70303   -0.70250
  -0.44068   -0.43555   -0.43012   -0.40411   -0.40005   -0.24267   -0.24239   -0.24009
  -0.23919   -0.23670   -0.23663   -0.23639   -0.23632   -0.23442   -0.23398   -0.22588
  -0.21294   -0.19622   -0.15303   -0.15292   -0.05792   -0.04757   -0.02379   -0.02297
  -0.01220   -0.00895   -0.00796    0.00910    0.00983    0.01703    0.06776    0.09672
   0.09822    0.10216    0.11093    0.12626    0.13348    0.14190    0.14567    0.15106
   0.15147    0.16071
 kpt#  56, nband= 90, wtk=  1.00000, kpt=  0.0000  0.5000  0.0625 (reduced coord)
  -4.78655   -4.78655   -3.02278   -3.02257   -3.02195   -3.02175   -3.02162   -3.02162
  -1.73812   -1.73775   -1.73523   -1.73385   -1.73356   -1.73071   -1.72992   -1.72914
  -1.72896   -1.72864   -1.72172   -1.72060   -1.72051   -1.71884   -1.71821   -1.70012
  -1.69747   -1.69693   -1.69671   -1.69542   -1.69541   -1.69309   -1.69287   -1.69164
  -1.69153   -0.71323   -0.71197   -0.71164   -0.71146   -0.71104   -0.71082   -0.71041
  -0.71001   -0.70968   -0.70937   -0.70451   -0.70421   -0.70387   -0.70304   -0.70252
  -0.44068   -0.43555   -0.43012   -0.40411   -0.40005   -0.24279   -0.24251   -0.23989
  -0.23903   -0.23687   -0.23681   -0.23627   -0.23610   -0.23437   -0.23400   -0.22588
  -0.21294   -0.19622   -0.15302   -0.15292   -0.05792   -0.04757   -0.02377   -0.02295
  -0.01223   -0.00895   -0.00799    0.00910    0.00983    0.01704    0.06776    0.09672
   0.09824    0.10216    0.11095    0.12627    0.13349    0.14189    0.14567    0.15105
   0.15146    0.16069
 kpt#  57, nband= 90, wtk=  1.00000, kpt=  0.0000  0.5000  0.0000 (reduced coord)
  -4.78654   -4.78654   -3.02261   -3.02240   -3.02173   -3.02152   -3.02131   -3.02130
  -1.73729   -1.73729   -1.73515   -1.73244   -1.73210   -1.72992   -1.72917   -1.72876
  -1.72818   -1.72696   -1.72056   -1.72032   -1.71994   -1.71774   -1.71707   -1.69962
  -1.69714   -1.69597   -1.69556   -1.69526   -1.69392   -1.69266   -1.69265   -1.69200
  -1.69018   -0.71287   -0.71188   -0.71147   -0.71137   -0.71091   -0.71074   -0.71035
  -0.71002   -0.70954   -0.70923   -0.70440   -0.70405   -0.70362   -0.70297   -0.70254
  -0.44067   -0.43554   -0.43012   -0.40410   -0.40005   -0.24263   -0.24235   -0.23930
  -0.23850   -0.23665   -0.23658   -0.23575   -0.23533   -0.23393   -0.23373   -0.22585
  -0.21294   -0.19622   -0.15302   -0.15292   -0.05790   -0.04757   -0.02373   -0.02292
  -0.01222   -0.00895   -0.00798    0.00911    0.00984    0.01704    0.06779    0.09672
   0.09826    0.10218    0.11098    0.12631    0.13351    0.14189    0.14568    0.15106
   0.15152    0.16073
