 Eigenvalues (hartree) for nkpt=  10  k points:
 kpt#   1, nband= 90, wtk=  0.06250, kpt=  0.0625  0.0625  0.5000 (reduced coord)
  -4.78655   -4.78654   -3.02385   -3.02308   -3.02191   -3.02125   -3.02116   -3.02108
  -1.73779   -1.73670   -1.73531   -1.73508   -1.73454   -1.73156   -1.73091   -1.72993
  -1.72800   -1.72648   -1.72221   -1.72154   -1.71962   -1.71944   -1.71884   -1.69949
  -1.69873   -1.69838   -1.69605   -1.69551   -1.69486   -1.69355   -1.69289   -1.69182
  -1.68901   -0.71395   -0.71237   -0.71160   -0.71125   -0.71118   -0.71097   -0.71013
  -0.70983   -0.70978   -0.70961   -0.70446   -0.70443   -0.70436   -0.70263   -0.70226
  -0.45976   -0.45713   -0.43331   -0.41804   -0.39759   -0.24918   -0.24785   -0.24695
  -0.24601   -0.24473   -0.23479   -0.23429   -0.23262   -0.22756   -0.22528   -0.16643
  -0.16351   -0.13616   -0.10434   -0.08968   -0.06902   -0.06352   -0.06119   -0.05101
  -0.03150   -0.01721   -0.00914   -0.00684    0.00646    0.00833    0.00913    0.02911
   0.04160    0.09510    0.11586    0.14645    0.17109    0.20404    0.20417    0.22291
   0.23050    0.23334
 kpt#   2, nband= 90, wtk=  0.12500, kpt=  0.1875  0.0625  0.5000 (reduced coord)
  -4.78655   -4.78654   -3.02361   -3.02228   -3.02140   -3.02126   -3.02100   -3.02093
  -1.73626   -1.73575   -1.73534   -1.73452   -1.73312   -1.73139   -1.72898   -1.72820
  -1.72699   -1.72659   -1.72150   -1.71946   -1.71920   -1.71815   -1.71714   -1.69876
  -1.69762   -1.69630   -1.69523   -1.69498   -1.69468   -1.69346   -1.69098   -1.69059
  -1.68946   -0.71355   -0.71201   -0.71142   -0.71128   -0.71099   -0.71078   -0.70994
  -0.70979   -0.70963   -0.70942   -0.70454   -0.70435   -0.70387   -0.70249   -0.70230
  -0.45554   -0.45155   -0.43264   -0.41378   -0.39704   -0.24856   -0.24562   -0.24513
  -0.24438   -0.24323   -0.23431   -0.23185   -0.23109   -0.23046   -0.22753   -0.18313
  -0.18256   -0.14238   -0.12794   -0.09997   -0.08833   -0.06705   -0.05382   -0.03165
  -0.02891   -0.01220   -0.00735   -0.00489   -0.00111    0.00696    0.02512    0.04307
   0.05802    0.11328    0.12887    0.15769    0.18105    0.18685    0.19007    0.20303
   0.22126    0.22305
 kpt#   3, nband= 90, wtk=  0.12500, kpt=  0.3125  0.0625  0.5000 (reduced coord)
  -4.78654   -4.78654   -3.02254   -3.02139   -3.02136   -3.02109   -3.02101   -3.02094
  -1.73487   -1.73459   -1.73380   -1.73180   -1.73173   -1.73008   -1.72911   -1.72760
  -1.72615   -1.72505   -1.71972   -1.71924   -1.71900   -1.71676   -1.71518   -1.69790
  -1.69542   -1.69517   -1.69439   -1.69372   -1.69294   -1.69164   -1.69076   -1.69025
  -1.68965   -0.71303   -0.71157   -0.71151   -0.71129   -0.71072   -0.71036   -0.71007
  -0.70982   -0.70933   -0.70900   -0.70438   -0.70397   -0.70323   -0.70265   -0.70236
  -0.44870   -0.44154   -0.43256   -0.40704   -0.39790   -0.24650   -0.24284   -0.24221
  -0.24105   -0.24002   -0.23719   -0.23230   -0.23188   -0.23012   -0.22829   -0.20645
  -0.20299   -0.16810   -0.14087   -0.13309   -0.08095   -0.05151   -0.03963   -0.03082
  -0.02183   -0.01447   -0.00626    0.00045    0.00124    0.00530    0.04741    0.06296
   0.08256    0.12058    0.12209    0.14009    0.14652    0.15767    0.17894    0.18932
   0.20124    0.20202
 kpt#   4, nband= 90, wtk=  0.12500, kpt=  0.4375  0.0625  0.5000 (reduced coord)
  -4.78654   -4.78654   -3.02300   -3.02220   -3.02195   -3.02126   -3.02101   -3.02090
  -1.73647   -1.73552   -1.73453   -1.73341   -1.73260   -1.73073   -1.72901   -1.72835
  -1.72748   -1.72713   -1.71987   -1.71971   -1.71888   -1.71847   -1.71697   -1.69928
  -1.69690   -1.69579   -1.69567   -1.69448   -1.69401   -1.69247   -1.69221   -1.69093
  -1.69058   -0.71286   -0.71171   -0.71141   -0.71132   -0.71108   -0.71066   -0.71024
  -0.70985   -0.70972   -0.70923   -0.70456   -0.70408   -0.70349   -0.70282   -0.70244
  -0.44190   -0.43441   -0.43145   -0.40311   -0.39985   -0.24423   -0.24132   -0.24093
  -0.23849   -0.23804   -0.23644   -0.23517   -0.23497   -0.23371   -0.23061   -0.22249
  -0.21150   -0.19116   -0.15075   -0.15005   -0.06451   -0.04024   -0.03108   -0.02501
  -0.02326   -0.01814   -0.00813   -0.00193    0.00373    0.01477    0.06748    0.07919
   0.09440    0.11162    0.11521    0.12670    0.13458    0.13891    0.15219    0.16741
   0.17076    0.19625
 kpt#   5, nband= 90, wtk=  0.06250, kpt=  0.1875  0.1875  0.5000 (reduced coord)
  -4.78655   -4.78653   -3.02276   -3.02172   -3.02145   -3.02131   -3.02129   -3.02039
  -1.73624   -1.73540   -1.73422   -1.73215   -1.73148   -1.73008   -1.72848   -1.72763
  -1.72742   -1.72504   -1.72089   -1.72030   -1.71864   -1.71557   -1.71517   -1.69783
  -1.69617   -1.69552   -1.69547   -1.69424   -1.69344   -1.69227   -1.69141   -1.69072
  -1.68879   -0.71325   -0.71174   -0.71155   -0.71139   -0.71069   -0.71051   -0.71002
  -0.70985   -0.70925   -0.70910   -0.70455   -0.70381   -0.70353   -0.70260   -0.70247
  -0.45170   -0.44603   -0.43178   -0.40956   -0.39598   -0.25044   -0.24407   -0.24258
  -0.24238   -0.24112   -0.23401   -0.23170   -0.23116   -0.23073   -0.22805   -0.18961
  -0.18653   -0.14846   -0.13291   -0.09830   -0.09304   -0.08933   -0.07516   -0.05517
  -0.02678   -0.01945   -0.01425   -0.01118   -0.00089    0.00545    0.04972    0.06659
   0.07416    0.13849    0.14526    0.14557    0.15140    0.16302    0.17999    0.19934
   0.20453    0.22231
 kpt#   6, nband= 90, wtk=  0.12500, kpt=  0.3125  0.1875  0.5000 (reduced coord)
  -4.78655   -4.78653   -3.02259   -3.02218   -3.02166   -3.02154   -3.02113   -3.02093
  -1.73607   -1.73519   -1.73437   -1.73418   -1.73196   -1.73046   -1.72905   -1.72828
  -1.72753   -1.72618   -1.72037   -1.71993   -1.71920   -1.71908   -1.71511   -1.69909
  -1.69721   -1.69583   -1.69523   -1.69478   -1.69446   -1.69194   -1.69118   -1.69108
  -1.69017   -0.71313   -0.71173   -0.71156   -0.71144   -0.71131   -0.71024   -0.71007
  -0.70995   -0.70989   -0.70881   -0.70488   -0.70388   -0.70344   -0.70263   -0.70250
  -0.44543   -0.43650   -0.43128   -0.40302   -0.39568   -0.25019   -0.24163   -0.24129
  -0.23990   -0.23877   -0.23791   -0.23341   -0.23277   -0.23057   -0.22894   -0.20297
  -0.19617   -0.16580   -0.13975   -0.12648   -0.09429   -0.07958   -0.06649   -0.05704
  -0.03292   -0.02766   -0.02281   -0.01990   -0.00939    0.00045    0.04877    0.06232
   0.07661    0.13512    0.13924    0.14631    0.15405    0.16997    0.17298    0.20048
   0.20963    0.23434
 kpt#   7, nband= 90, wtk=  0.12500, kpt=  0.4375  0.1875  0.5000 (reduced coord)
  -4.78655   -4.78654   -3.02312   -3.02290   -3.02159   -3.02105   -3.02105   -3.02101
  -1.73588   -1.73504   -1.73453   -1.73376   -1.73365   -1.73027   -1.72957   -1.72849
  -1.72823   -1.72779   -1.72026   -1.71959   -1.71863   -1.71833   -1.71747   -1.69888
  -1.69780   -1.69648   -1.69590   -1.69505   -1.69435   -1.69329   -1.69141   -1.69130
  -1.69022   -0.71301   -0.71163   -0.71154   -0.71151   -0.71133   -0.71048   -0.71013
  -0.71007   -0.70985   -0.70910   -0.70498   -0.70393   -0.70355   -0.70271   -0.70246
  -0.43939   -0.43241   -0.42737   -0.39934   -0.39604   -0.24692   -0.24307   -0.24093
  -0.23963   -0.23794   -0.23555   -0.23441   -0.23361   -0.23222   -0.22971   -0.21458
  -0.20254   -0.18309   -0.14628   -0.14475   -0.07472   -0.06498   -0.05000   -0.04566
  -0.04264   -0.03890   -0.03359   -0.02893   -0.02380   -0.00081    0.03365    0.03702
   0.07097    0.12550    0.15303    0.15539    0.16804    0.16947    0.18601    0.19673
   0.20328    0.22849
 kpt#   8, nband= 90, wtk=  0.06250, kpt=  0.3125  0.3125  0.5000 (reduced coord)
  -4.78655   -4.78654   -3.02302   -3.02215   -3.02170   -3.02151   -3.02122   -3.02098
  -1.73593   -1.73491   -1.73470   -1.73421   -1.73267   -1.73058   -1.72943   -1.72872
  -1.72832   -1.72678   -1.72030   -1.72017   -1.71941   -1.71929   -1.71581   -1.69892
  -1.69645   -1.69573   -1.69570   -1.69520   -1.69501   -1.69234   -1.69171   -1.69152
  -1.69135   -0.71295   -0.71176   -0.71169   -0.71151   -0.71143   -0.71039   -0.71014
  -0.71011   -0.71001   -0.70872   -0.70529   -0.70364   -0.70341   -0.70275   -0.70261
  -0.44023   -0.42990   -0.42820   -0.39707   -0.39279   -0.25174   -0.24166   -0.24083
  -0.23997   -0.23843   -0.23541   -0.23321   -0.23227   -0.23037   -0.23005   -0.19983
  -0.18749   -0.16504   -0.14010   -0.12591   -0.12037   -0.09087   -0.08171   -0.06350
  -0.05081   -0.04088   -0.03907   -0.03609   -0.02756   -0.02360    0.02276    0.02706
   0.06290    0.14045    0.16658    0.17175    0.17487    0.18304    0.18873    0.20587
   0.22318    0.24222
 kpt#   9, nband= 90, wtk=  0.12500, kpt=  0.4375  0.3125  0.5000 (reduced coord)
  -4.78655   -4.78655   -3.02308   -3.02272   -3.02200   -3.02162   -3.02144   -3.02126
  -1.73656   -1.73608   -1.73552   -1.73493   -1.73336   -1.73032   -1.72985   -1.72955
  -1.72939   -1.72870   -1.72115   -1.72037   -1.72020   -1.71884   -1.71734   -1.69927
  -1.69828   -1.69745   -1.69679   -1.69599   -1.69490   -1.69362   -1.69254   -1.69205
  -1.69141   -0.71294   -0.71199   -0.71185   -0.71172   -0.71140   -0.71063   -0.71033
  -0.71030   -0.71009   -0.70887   -0.70546   -0.70359   -0.70355   -0.70292   -0.70281
  -0.43567   -0.42955   -0.42113   -0.39368   -0.39031   -0.25079   -0.24606   -0.24039
  -0.23938   -0.23707   -0.23425   -0.23328   -0.23251   -0.23157   -0.23042   -0.20020
  -0.18588   -0.16809   -0.14231   -0.13808   -0.11413   -0.08317   -0.08067   -0.07812
  -0.06232   -0.05498   -0.05033   -0.04051   -0.03754   -0.03537   -0.01002    0.00397
   0.06234    0.13534    0.16643    0.16873    0.18134    0.18688    0.22081    0.22118
   0.23813    0.24726
 kpt#  10, nband= 90, wtk=  0.06250, kpt=  0.4375  0.4375  0.5000 (reduced coord)
  -4.78655   -4.78654   -3.02268   -3.02209   -3.02209   -3.02147   -3.02144   -3.02046
  -1.73579   -1.73417   -1.73367   -1.73352   -1.73290   -1.73000   -1.72976   -1.72888
  -1.72828   -1.72784   -1.72013   -1.71911   -1.71889   -1.71783   -1.71730   -1.69865
  -1.69759   -1.69686   -1.69572   -1.69497   -1.69396   -1.69376   -1.69091   -1.69035
  -1.68994   -0.71266   -0.71210   -0.71175   -0.71157   -0.71112   -0.71068   -0.71020
  -0.71000   -0.70998   -0.70869   -0.70562   -0.70337   -0.70328   -0.70280   -0.70261
  -0.43284   -0.42749   -0.41632   -0.38941   -0.38594   -0.25135   -0.24898   -0.23915
  -0.23825   -0.23481   -0.23212   -0.23204   -0.23115   -0.23093   -0.23008   -0.18578
  -0.16775   -0.14907   -0.14099   -0.13926   -0.13607   -0.11408   -0.09750   -0.08780
  -0.07694   -0.06589   -0.06467   -0.05722   -0.05277   -0.04533   -0.03405   -0.00587
   0.06344    0.13877    0.16518    0.16531    0.17397    0.18589    0.22907    0.23055
   0.25155    0.26380
