 Eigenvalues (hartree) for nkpt=  57  k points:
 kpt#   1, nband=120, wtk=  1.00000, kpt=  0.5000  0.5000  0.0000 (reduced coord)
  -4.74614   -4.74614   -2.98165   -2.98165   -2.98140   -2.98140   -2.98118   -2.98118
  -1.69397   -1.69397   -1.69365   -1.69319   -1.69268   -1.69268   -1.69115   -1.69037
  -1.68972   -1.68971   -1.68971   -1.68879   -1.68835   -1.68813   -1.68808   -1.68755
  -1.68755   -1.68646   -1.68642   -1.68592   -1.68554   -1.68451   -1.68418   -1.68171
  -1.68171   -1.66651   -1.66593   -1.66570   -1.66375   -1.66375   -1.65769   -1.65716
  -1.65654   -1.65547   -1.65547   -0.68963   -0.68933   -0.68798   -0.68798   -0.68722
  -0.68179   -0.68141   -0.68027   -0.68027   -0.68003   -0.67910   -0.67865   -0.67823
  -0.67810   -0.67810   -0.67716   -0.67570   -0.67458   -0.67454   -0.67454   -0.67305
  -0.67228   -0.67188   -0.67188   -0.67032   -0.38698   -0.38683   -0.38665   -0.38515
  -0.38287   -0.35709   -0.34677   -0.21019   -0.21019   -0.19756   -0.19756   -0.19242
  -0.19242   -0.19140   -0.19139   -0.19091   -0.19090   -0.16100   -0.15117   -0.12962
  -0.12148   -0.12148   -0.11416   -0.10076   -0.10076   -0.09860   -0.09853   -0.09853
  -0.07468   -0.07468   -0.04674   -0.04674   -0.03179   -0.03179   -0.02515   -0.02093
  -0.02087   -0.02082   -0.02082   -0.01452    0.04354    0.05201    0.10151    0.18517
   0.20856    0.20856    0.21019    0.21020    0.23395    0.23395    0.24521    0.24966
 kpt#   2, nband=120, wtk=  1.00000, kpt=  0.4500  0.4500  0.0500 (reduced coord)
  -4.74615   -4.74614   -2.98253   -2.98174   -2.98163   -2.98157   -2.98111   -2.98090
  -1.69431   -1.69390   -1.69372   -1.69331   -1.69299   -1.69232   -1.69149   -1.69128
  -1.69091   -1.69067   -1.69064   -1.68996   -1.68989   -1.68939   -1.68907   -1.68836
  -1.68765   -1.68713   -1.68709   -1.68653   -1.68511   -1.68413   -1.68385   -1.68289
  -1.68172   -1.66770   -1.66694   -1.66534   -1.66493   -1.66381   -1.65919   -1.65839
  -1.65654   -1.65571   -1.65532   -0.68978   -0.68923   -0.68808   -0.68799   -0.68741
  -0.68158   -0.68146   -0.68047   -0.68037   -0.68027   -0.67929   -0.67879   -0.67842
  -0.67819   -0.67810   -0.67725   -0.67558   -0.67477   -0.67464   -0.67452   -0.67314
  -0.67253   -0.67199   -0.67188   -0.67051   -0.38788   -0.38768   -0.38688   -0.38590
  -0.38355   -0.35793   -0.34762   -0.21093   -0.20946   -0.19834   -0.19824   -0.19418
  -0.19203   -0.19174   -0.19121   -0.19107   -0.19063   -0.16540   -0.15625   -0.13483
  -0.12938   -0.12012   -0.11244   -0.09942   -0.09924   -0.09750   -0.09341   -0.09021
  -0.07337   -0.06512   -0.04547   -0.04072   -0.03124   -0.03058   -0.02508   -0.02105
  -0.01938   -0.01856   -0.01149   -0.00952    0.04281    0.05225    0.10107    0.18293
   0.20603    0.20887    0.21189    0.21448    0.23518    0.23759    0.24127    0.24710
 kpt#   3, nband=120, wtk=  1.00000, kpt=  0.4000  0.4000  0.1000 (reduced coord)
  -4.74615   -4.74614   -2.98232   -2.98207   -2.98162   -2.98113   -2.98098   -2.98069
  -1.69391   -1.69350   -1.69324   -1.69309   -1.69230   -1.69165   -1.69151   -1.69118
  -1.69101   -1.69028   -1.68999   -1.68936   -1.68900   -1.68883   -1.68841   -1.68809
  -1.68754   -1.68727   -1.68683   -1.68612   -1.68494   -1.68473   -1.68329   -1.68195
  -1.68178   -1.66728   -1.66669   -1.66490   -1.66407   -1.66394   -1.65869   -1.65809
  -1.65581   -1.65575   -1.65508   -0.68960   -0.68925   -0.68799   -0.68790   -0.68744
  -0.68151   -0.68130   -0.68034   -0.68029   -0.68017   -0.67932   -0.67884   -0.67846
  -0.67808   -0.67806   -0.67700   -0.67561   -0.67481   -0.67452   -0.67447   -0.67316
  -0.67239   -0.67188   -0.67180   -0.67054   -0.39217   -0.39002   -0.38807   -0.38713
  -0.38452   -0.36016   -0.34992   -0.21094   -0.20681   -0.19916   -0.19786   -0.19614
  -0.19256   -0.19175   -0.19157   -0.19038   -0.18989   -0.17351   -0.16519   -0.14342
  -0.13780   -0.12283   -0.11608   -0.09978   -0.09545   -0.09449   -0.07035   -0.06946
  -0.06766   -0.04340   -0.04172   -0.03938   -0.03777   -0.02701   -0.01901   -0.01502
  -0.01211   -0.00048    0.00213    0.00617    0.03961    0.05580    0.09961    0.17851
   0.20638    0.20958    0.21692    0.21906    0.22972    0.23876    0.24366    0.24795
 kpt#   4, nband=120, wtk=  1.00000, kpt=  0.3500  0.3500  0.1500 (reduced coord)
  -4.74615   -4.74614   -2.98241   -2.98201   -2.98138   -2.98128   -2.98073   -2.98053
  -1.69455   -1.69408   -1.69344   -1.69255   -1.69222   -1.69203   -1.69156   -1.69109
  -1.68988   -1.68964   -1.68953   -1.68910   -1.68886   -1.68805   -1.68759   -1.68735
  -1.68728   -1.68702   -1.68604   -1.68558   -1.68461   -1.68371   -1.68326   -1.68223
  -1.68147   -1.66694   -1.66580   -1.66467   -1.66414   -1.66399   -1.65834   -1.65727
  -1.65588   -1.65558   -1.65555   -0.68944   -0.68918   -0.68792   -0.68789   -0.68744
  -0.68150   -0.68106   -0.68022   -0.68020   -0.68009   -0.67932   -0.67891   -0.67845
  -0.67801   -0.67801   -0.67676   -0.67567   -0.67480   -0.67449   -0.67447   -0.67324
  -0.67211   -0.67182   -0.67181   -0.67053   -0.39920   -0.39362   -0.39215   -0.38751
  -0.38523   -0.36314   -0.35311   -0.21111   -0.20285   -0.19991   -0.19815   -0.19765
  -0.19326   -0.19286   -0.19250   -0.19013   -0.18906   -0.17988   -0.17247   -0.14942
  -0.14435   -0.13031   -0.10952   -0.09973   -0.08918   -0.08894   -0.06314   -0.04671
  -0.04434   -0.04227   -0.04018   -0.03566   -0.02129   -0.01780   -0.00809   -0.00641
  -0.00337    0.01317    0.02398    0.03153    0.04385    0.06493    0.09721    0.17586
   0.20794    0.20999    0.21486    0.22284    0.22472    0.22597    0.23547    0.24443
 kpt#   5, nband=120, wtk=  1.00000, kpt=  0.3000  0.3000  0.2000 (reduced coord)
  -4.74615   -4.74614   -2.98220   -2.98196   -2.98115   -2.98110   -2.98086   -2.98070
  -1.69450   -1.69407   -1.69358   -1.69281   -1.69186   -1.69153   -1.69146   -1.69082
  -1.69003   -1.68923   -1.68899   -1.68887   -1.68858   -1.68816   -1.68763   -1.68721
  -1.68687   -1.68636   -1.68604   -1.68588   -1.68437   -1.68375   -1.68212   -1.68184
  -1.68150   -1.66866   -1.66433   -1.66416   -1.66390   -1.66376   -1.65995   -1.65561
  -1.65553   -1.65537   -1.65512   -0.68939   -0.68926   -0.68784   -0.68783   -0.68733
  -0.68146   -0.68111   -0.68023   -0.68014   -0.68005   -0.67920   -0.67895   -0.67831
  -0.67794   -0.67793   -0.67676   -0.67570   -0.67468   -0.67441   -0.67440   -0.67325
  -0.67217   -0.67175   -0.67174   -0.67039   -0.40762   -0.39807   -0.39772   -0.38801
  -0.38643   -0.36617   -0.35652   -0.21122   -0.20072   -0.20031   -0.19986   -0.19803
  -0.19559   -0.19234   -0.19189   -0.18974   -0.18877   -0.18257   -0.17654   -0.15136
  -0.14885   -0.13013   -0.10074   -0.09865   -0.08182   -0.08034   -0.05663   -0.05471
  -0.04634   -0.02763   -0.02209   -0.01373   -0.00858   -0.00418    0.00108    0.00603
   0.01304    0.02296    0.03888    0.06032    0.06749    0.08322    0.09727    0.17606
   0.18720    0.19166    0.19985    0.20872    0.21637    0.22564    0.23003    0.23256
 kpt#   6, nband=120, wtk=  1.00000, kpt=  0.2500  0.2500  0.2500 (reduced coord)
  -4.74615   -4.74613   -2.98236   -2.98171   -2.98146   -2.98110   -2.98093   -2.98063
  -1.69459   -1.69386   -1.69365   -1.69257   -1.69248   -1.69201   -1.69110   -1.69040
  -1.68987   -1.68974   -1.68931   -1.68893   -1.68861   -1.68830   -1.68750   -1.68720
  -1.68676   -1.68660   -1.68594   -1.68501   -1.68404   -1.68401   -1.68323   -1.68264
  -1.68140   -1.66779   -1.66511   -1.66461   -1.66409   -1.66401   -1.65920   -1.65638
  -1.65599   -1.65542   -1.65530   -0.68952   -0.68889   -0.68789   -0.68780   -0.68757
  -0.68158   -0.68072   -0.68023   -0.68013   -0.67982   -0.67943   -0.67901   -0.67855
  -0.67800   -0.67786   -0.67643   -0.67581   -0.67492   -0.67448   -0.67439   -0.67337
  -0.67182   -0.67180   -0.67171   -0.67061   -0.41625   -0.40404   -0.40286   -0.38862
  -0.38854   -0.36877   -0.35964   -0.21080   -0.20142   -0.20066   -0.20018   -0.19840
  -0.19655   -0.19269   -0.19192   -0.18962   -0.18945   -0.18133   -0.17671   -0.15213
  -0.14607   -0.12383   -0.09675   -0.09018   -0.07182   -0.06999   -0.06663   -0.04472
  -0.04463   -0.01811   -0.01007   -0.00689   -0.00486    0.01168    0.01526    0.02083
   0.02994    0.03195    0.06304    0.08193    0.08470    0.10377    0.10750    0.16158
   0.16655    0.17525    0.18738    0.19470    0.20341    0.20749    0.20894    0.21270
 kpt#   7, nband=120, wtk=  1.00000, kpt=  0.2000  0.2000  0.3000 (reduced coord)
  -4.74615   -4.74613   -2.98208   -2.98141   -2.98132   -2.98107   -2.98067   -2.97977
  -1.69450   -1.69359   -1.69322   -1.69252   -1.69215   -1.69082   -1.69002   -1.68980
  -1.68970   -1.68893   -1.68876   -1.68792   -1.68774   -1.68709   -1.68646   -1.68633
  -1.68575   -1.68566   -1.68508   -1.68362   -1.68346   -1.68257   -1.68232   -1.68090
  -1.67878   -1.66688   -1.66450   -1.66396   -1.66372   -1.66122   -1.65834   -1.65591
  -1.65560   -1.65517   -1.65271   -0.68963   -0.68808   -0.68780   -0.68776   -0.68767
  -0.68170   -0.68012   -0.68011   -0.67992   -0.67960   -0.67955   -0.67866   -0.67857
  -0.67786   -0.67781   -0.67632   -0.67522   -0.67505   -0.67438   -0.67436   -0.67337
  -0.67169   -0.67168   -0.67112   -0.67073   -0.42420   -0.41025   -0.40753   -0.39153
  -0.38917   -0.37086   -0.36217   -0.20996   -0.20296   -0.20189   -0.20095   -0.20022
  -0.19389   -0.19171   -0.19013   -0.18966   -0.18828   -0.17664   -0.17275   -0.14898
  -0.13833   -0.11310   -0.09452   -0.07854   -0.07482   -0.05948   -0.05860   -0.03981
  -0.03363   -0.01652   -0.00782    0.00336    0.00462    0.02320    0.02434    0.03011
   0.03651    0.03851    0.06325    0.08631    0.09599    0.10514    0.11461    0.15735
   0.16219    0.18058    0.18349    0.19026    0.19113    0.19785    0.19975    0.20747
 kpt#   8, nband=120, wtk=  1.00000, kpt=  0.1500  0.1500  0.3500 (reduced coord)
  -4.74615   -4.74613   -2.98303   -2.98138   -2.98135   -2.98123   -2.98098   -2.98076
  -1.69511   -1.69479   -1.69422   -1.69408   -1.69294   -1.69291   -1.69176   -1.69098
  -1.69060   -1.69013   -1.69004   -1.68950   -1.68859   -1.68792   -1.68783   -1.68694
  -1.68658   -1.68655   -1.68590   -1.68567   -1.68524   -1.68484   -1.68246   -1.68179
  -1.68163   -1.66743   -1.66719   -1.66445   -1.66372   -1.66336   -1.65895   -1.65853
  -1.65596   -1.65534   -1.65490   -0.68985   -0.68829   -0.68828   -0.68783   -0.68771
  -0.68194   -0.68022   -0.68014   -0.68011   -0.68004   -0.67961   -0.67924   -0.67898
  -0.67785   -0.67778   -0.67642   -0.67565   -0.67554   -0.67444   -0.67432   -0.67357
  -0.67173   -0.67163   -0.67133   -0.67128   -0.43086   -0.41568   -0.41164   -0.39468
  -0.38980   -0.37261   -0.36396   -0.20968   -0.20445   -0.20407   -0.20313   -0.20241
  -0.19381   -0.19217   -0.19109   -0.19033   -0.18704   -0.16935   -0.16520   -0.14120
  -0.12799   -0.09916   -0.09234   -0.07958   -0.06683   -0.04722   -0.04548   -0.03264
  -0.02339   -0.02271    0.00225    0.01275    0.01381    0.01856    0.03026    0.03400
   0.03457    0.03676    0.03932    0.07316    0.08426    0.09671    0.10278    0.17177
   0.17340    0.17815    0.18137    0.19022    0.20004    0.20844    0.22298    0.22927
 kpt#   9, nband=120, wtk=  1.00000, kpt=  0.1000  0.1000  0.4000 (reduced coord)
  -4.74615   -4.74614   -2.98331   -2.98293   -2.98110   -2.98088   -2.98081   -2.98070
  -1.69534   -1.69484   -1.69411   -1.69381   -1.69337   -1.69302   -1.69161   -1.69122
  -1.69085   -1.69085   -1.69060   -1.68967   -1.68959   -1.68909   -1.68849   -1.68799
  -1.68751   -1.68729   -1.68647   -1.68642   -1.68570   -1.68568   -1.68424   -1.68191
  -1.68150   -1.66812   -1.66797   -1.66501   -1.66422   -1.66382   -1.65958   -1.65944
  -1.65624   -1.65590   -1.65532   -0.68996   -0.68855   -0.68842   -0.68781   -0.68766
  -0.68207   -0.68041   -0.68022   -0.68020   -0.68001   -0.67950   -0.67948   -0.67937
  -0.67782   -0.67774   -0.67647   -0.67591   -0.67580   -0.67443   -0.67429   -0.67369
  -0.67170   -0.67160   -0.67158   -0.67142   -0.43582   -0.41984   -0.41482   -0.39738
  -0.39030   -0.37405   -0.36508   -0.20894   -0.20601   -0.20556   -0.20527   -0.20403
  -0.19390   -0.19246   -0.19158   -0.18850   -0.18620   -0.16100   -0.15553   -0.13003
  -0.11742   -0.09058   -0.08419   -0.07847   -0.05644   -0.03716   -0.03115   -0.02930
  -0.02419   -0.01315   -0.00053    0.00060    0.01092    0.01967    0.02165    0.02294
   0.03829    0.04311    0.04440    0.05317    0.06209    0.07597    0.09595    0.14996
   0.16201    0.18338    0.19995    0.20133    0.22041    0.23223    0.23444    0.24026
 kpt#  10, nband=120, wtk=  1.00000, kpt=  0.0500  0.0500  0.4500 (reduced coord)
  -4.74615   -4.74614   -2.98369   -2.98342   -2.98088   -2.98087   -2.98080   -2.98032
  -1.69595   -1.69500   -1.69498   -1.69414   -1.69363   -1.69291   -1.69277   -1.69236
  -1.69230   -1.69146   -1.69096   -1.69056   -1.68971   -1.68970   -1.68921   -1.68888
  -1.68851   -1.68793   -1.68652   -1.68571   -1.68475   -1.68411   -1.68392   -1.68094
  -1.68043   -1.66835   -1.66782   -1.66532   -1.66414   -1.66309   -1.65962   -1.65927
  -1.65676   -1.65572   -1.65462   -0.69015   -0.68864   -0.68847   -0.68778   -0.68765
  -0.68234   -0.68068   -0.68031   -0.68019   -0.68007   -0.67945   -0.67935   -0.67928
  -0.67777   -0.67763   -0.67666   -0.67599   -0.67585   -0.67440   -0.67427   -0.67372
  -0.67166   -0.67156   -0.67151   -0.67145   -0.43887   -0.42243   -0.41683   -0.39918
  -0.39062   -0.37503   -0.36570   -0.20839   -0.20705   -0.20643   -0.20627   -0.20526
  -0.19404   -0.19251   -0.19182   -0.18673   -0.18557   -0.15416   -0.14664   -0.11844
  -0.10931   -0.08946   -0.07535   -0.06739   -0.04909   -0.03825   -0.03009   -0.01929
  -0.01907   -0.01737   -0.01477   -0.00651    0.00459    0.01685    0.02211    0.02700
   0.03656    0.03722    0.04201    0.05062    0.05122    0.06370    0.09414    0.13235
   0.15035    0.18249    0.18736    0.21209    0.21891    0.23970    0.25156    0.25883
 kpt#  11, nband=120, wtk=  1.00000, kpt=  0.0000  0.0000  0.5000 (reduced coord)
  -4.74615   -4.74613   -2.98294   -2.98294   -2.98173   -2.98130   -2.98130   -2.98029
  -1.69781   -1.69431   -1.69380   -1.69355   -1.69355   -1.69290   -1.69278   -1.69239
  -1.69235   -1.69214   -1.69203   -1.69203   -1.69086   -1.68917   -1.68917   -1.68905
  -1.68901   -1.68742   -1.68705   -1.68530   -1.68530   -1.68485   -1.68421   -1.68105
  -1.68105   -1.66883   -1.66795   -1.66618   -1.66364   -1.66364   -1.66024   -1.65937
  -1.65804   -1.65514   -1.65514   -0.69040   -0.68868   -0.68852   -0.68764   -0.68764
  -0.68268   -0.68073   -0.68041   -0.67999   -0.67999   -0.67948   -0.67947   -0.67939
  -0.67769   -0.67769   -0.67692   -0.67603   -0.67590   -0.67426   -0.67426   -0.67385
  -0.67163   -0.67157   -0.67157   -0.67151   -0.43990   -0.42331   -0.41752   -0.39981
  -0.39070   -0.37538   -0.36590   -0.20918   -0.20730   -0.20582   -0.20522   -0.20522
  -0.19456   -0.19456   -0.19154   -0.18809   -0.18481   -0.15153   -0.14284   -0.11278
  -0.10597   -0.08925   -0.07114   -0.06045   -0.04641   -0.04641   -0.02752   -0.02752
  -0.01505   -0.01443   -0.01443   -0.00410   -0.00410    0.01897    0.01897    0.02891
   0.02891    0.03538    0.03773    0.05391    0.05391    0.06019    0.09387    0.12542
   0.14572    0.17987    0.18532    0.21427    0.21556    0.23575    0.25166    0.26445
 kpt#  12, nband=120, wtk=  1.00000, kpt=  0.0000  0.0000  0.4583 (reduced coord)
  -4.74615   -4.74613   -2.98292   -2.98292   -2.98153   -2.98127   -2.98127   -2.98006
  -1.69684   -1.69429   -1.69379   -1.69323   -1.69323   -1.69290   -1.69239   -1.69237
  -1.69235   -1.69195   -1.69195   -1.69147   -1.69082   -1.68900   -1.68882   -1.68882
  -1.68804   -1.68738   -1.68642   -1.68491   -1.68491   -1.68484   -1.68417   -1.68073
  -1.68073   -1.66883   -1.66791   -1.66566   -1.66337   -1.66337   -1.66024   -1.65933
  -1.65729   -1.65486   -1.65486   -0.69028   -0.68868   -0.68852   -0.68759   -0.68759
  -0.68256   -0.68073   -0.68041   -0.67995   -0.67995   -0.67947   -0.67939   -0.67938
  -0.67764   -0.67764   -0.67677   -0.67603   -0.67590   -0.67421   -0.67421   -0.67378
  -0.67163   -0.67152   -0.67152   -0.67151   -0.43990   -0.42331   -0.41752   -0.39980
  -0.39070   -0.37538   -0.36589   -0.20918   -0.20705   -0.20581   -0.20511   -0.20511
  -0.19436   -0.19436   -0.19107   -0.18806   -0.18481   -0.15152   -0.14284   -0.11277
  -0.10597   -0.08921   -0.07114   -0.06045   -0.04641   -0.04641   -0.02752   -0.02752
  -0.01505   -0.01443   -0.01443   -0.00410   -0.00410    0.01897    0.01897    0.02891
   0.02891    0.03538    0.03774    0.05392    0.05392    0.06019    0.09388    0.12544
   0.14572    0.17988    0.18534    0.21427    0.21557    0.23576    0.25159    0.26446
 kpt#  13, nband=120, wtk=  1.00000, kpt=  0.0000  0.0000  0.4167 (reduced coord)
  -4.74615   -4.74613   -2.98301   -2.98301   -2.98129   -2.98126   -2.98126   -2.98013
  -1.69551   -1.69458   -1.69379   -1.69377   -1.69377   -1.69309   -1.69290   -1.69235
  -1.69207   -1.69207   -1.69189   -1.69095   -1.69051   -1.68900   -1.68882   -1.68882
  -1.68795   -1.68754   -1.68618   -1.68505   -1.68505   -1.68484   -1.68420   -1.68072
  -1.68072   -1.66883   -1.66810   -1.66543   -1.66344   -1.66344   -1.66023   -1.65954
  -1.65683   -1.65498   -1.65498   -0.69019   -0.68872   -0.68852   -0.68762   -0.68762
  -0.68242   -0.68079   -0.68041   -0.67998   -0.67998   -0.67947   -0.67939   -0.67935
  -0.67766   -0.67766   -0.67671   -0.67607   -0.67590   -0.67424   -0.67424   -0.67370
  -0.67166   -0.67154   -0.67154   -0.67151   -0.43990   -0.42331   -0.41752   -0.39980
  -0.39070   -0.37537   -0.36589   -0.20918   -0.20652   -0.20604   -0.20528   -0.20528
  -0.19431   -0.19431   -0.19107   -0.18806   -0.18480   -0.15152   -0.14284   -0.11277
  -0.10597   -0.08915   -0.07113   -0.06044   -0.04641   -0.04641   -0.02752   -0.02752
  -0.01504   -0.01443   -0.01443   -0.00410   -0.00410    0.01897    0.01897    0.02891
   0.02891    0.03537    0.03773    0.05389    0.05389    0.06021    0.09388    0.12543
   0.14570    0.17989    0.18538    0.21419    0.21555    0.23574    0.25136    0.26445
 kpt#  14, nband=120, wtk=  1.00000, kpt=  0.0000  0.0000  0.3750 (reduced coord)
  -4.74615   -4.74614   -2.98321   -2.98321   -2.98129   -2.98126   -2.98126   -2.98025
  -1.69557   -1.69550   -1.69402   -1.69383   -1.69383   -1.69316   -1.69306   -1.69237
  -1.69236   -1.69236   -1.69190   -1.69096   -1.69053   -1.68920   -1.68920   -1.68902
  -1.68794   -1.68783   -1.68623   -1.68539   -1.68539   -1.68509   -1.68490   -1.68124
  -1.68124   -1.66907   -1.66867   -1.66544   -1.66389   -1.66389   -1.66040   -1.65990
  -1.65687   -1.65527   -1.65527   -0.69019   -0.68878   -0.68855   -0.68767   -0.68767
  -0.68242   -0.68083   -0.68042   -0.68003   -0.68003   -0.67950   -0.67948   -0.67935
  -0.67772   -0.67772   -0.67671   -0.67613   -0.67592   -0.67428   -0.67428   -0.67371
  -0.67173   -0.67160   -0.67160   -0.67154   -0.43990   -0.42331   -0.41752   -0.39980
  -0.39071   -0.37537   -0.36589   -0.20918   -0.20653   -0.20643   -0.20558   -0.20558
  -0.19430   -0.19430   -0.19111   -0.18806   -0.18499   -0.15152   -0.14284   -0.11277
  -0.10597   -0.08915   -0.07113   -0.06044   -0.04641   -0.04641   -0.02752   -0.02752
  -0.01504   -0.01444   -0.01444   -0.00411   -0.00411    0.01897    0.01897    0.02891
   0.02891    0.03533    0.03772    0.05384    0.05384    0.06022    0.09387    0.12542
   0.14568    0.17990    0.18542    0.21419    0.21551    0.23574    0.25100    0.26442
 kpt#  15, nband=120, wtk=  1.00000, kpt=  0.0000  0.0000  0.3333 (reduced coord)
  -4.74615   -4.74614   -2.98346   -2.98346   -2.98123   -2.98116   -2.98116   -2.98104
  -1.69642   -1.69564   -1.69486   -1.69486   -1.69421   -1.69363   -1.69363   -1.69333
  -1.69317   -1.69294   -1.69241   -1.69158   -1.69086   -1.68960   -1.68960   -1.68909
  -1.68893   -1.68797   -1.68670   -1.68571   -1.68571   -1.68533   -1.68491   -1.68207
  -1.68207   -1.66926   -1.66869   -1.66647   -1.66478   -1.66478   -1.66055   -1.65989
  -1.65769   -1.65581   -1.65581   -0.69035   -0.68878   -0.68858   -0.68778   -0.68778
  -0.68259   -0.68083   -0.68045   -0.68014   -0.68014   -0.67954   -0.67949   -0.67947
  -0.67784   -0.67784   -0.67686   -0.67613   -0.67595   -0.67440   -0.67440   -0.67385
  -0.67173   -0.67170   -0.67170   -0.67157   -0.43990   -0.42331   -0.41752   -0.39980
  -0.39071   -0.37538   -0.36590   -0.20914   -0.20677   -0.20671   -0.20671   -0.20660
  -0.19390   -0.19390   -0.19174   -0.18791   -0.18523   -0.15153   -0.14284   -0.11279
  -0.10598   -0.08919   -0.07114   -0.06045   -0.04641   -0.04641   -0.02752   -0.02752
  -0.01504   -0.01444   -0.01444   -0.00411   -0.00411    0.01897    0.01897    0.02891
   0.02891    0.03531    0.03771    0.05369    0.05369    0.06023    0.09387    0.12539
   0.14564    0.17993    0.18548    0.21418    0.21546    0.23572    0.25056    0.26441
 kpt#  16, nband=120, wtk=  1.00000, kpt=  0.0000  0.0000  0.2917 (reduced coord)
  -4.74615   -4.74615   -2.98396   -2.98396   -2.98129   -2.98129   -2.98124   -2.98109
  -1.69868   -1.69732   -1.69601   -1.69587   -1.69587   -1.69433   -1.69423   -1.69423
  -1.69406   -1.69362   -1.69334   -1.69309   -1.69236   -1.69037   -1.69037   -1.68984
  -1.68984   -1.68972   -1.68691   -1.68594   -1.68594   -1.68527   -1.68457   -1.68129
  -1.68129   -1.67015   -1.66991   -1.66709   -1.66437   -1.66437   -1.66118   -1.66096
  -1.65847   -1.65585   -1.65585   -0.69050   -0.68908   -0.68872   -0.68782   -0.68782
  -0.68274   -0.68122   -0.68061   -0.68021   -0.68021   -0.67962   -0.67956   -0.67955
  -0.67780   -0.67780   -0.67703   -0.67642   -0.67610   -0.67444   -0.67444   -0.67394
  -0.67192   -0.67169   -0.67169   -0.67169   -0.43990   -0.42331   -0.41752   -0.39981
  -0.39074   -0.37538   -0.36591   -0.20915   -0.20761   -0.20705   -0.20691   -0.20691
  -0.19382   -0.19382   -0.19225   -0.18848   -0.18607   -0.15153   -0.14285   -0.11279
  -0.10598   -0.08923   -0.07114   -0.06045   -0.04641   -0.04641   -0.02752   -0.02752
  -0.01505   -0.01446   -0.01446   -0.00411   -0.00411    0.01897    0.01897    0.02891
   0.02891    0.03522    0.03767    0.05367    0.05367    0.06023    0.09386    0.12534
   0.14560    0.17991    0.18553    0.21417    0.21540    0.23562    0.25005    0.26410
 kpt#  17, nband=120, wtk=  1.00000, kpt=  0.0000  0.0000  0.2500 (reduced coord)
  -4.74615   -4.74614   -2.98380   -2.98380   -2.98108   -2.98108   -2.98063   -2.98062
  -1.69859   -1.69677   -1.69578   -1.69543   -1.69543   -1.69429   -1.69378   -1.69334
  -1.69334   -1.69300   -1.69264   -1.69261   -1.69159   -1.69029   -1.68944   -1.68888
  -1.68826   -1.68826   -1.68518   -1.68444   -1.68438   -1.68438   -1.68422   -1.67958
  -1.67958   -1.67003   -1.66911   -1.66606   -1.66278   -1.66278   -1.66086   -1.66052
  -1.65721   -1.65410   -1.65410   -0.69033   -0.68906   -0.68863   -0.68762   -0.68762
  -0.68262   -0.68122   -0.68057   -0.68005   -0.68005   -0.67953   -0.67947   -0.67931
  -0.67752   -0.67752   -0.67686   -0.67640   -0.67601   -0.67424   -0.67424   -0.67371
  -0.67190   -0.67158   -0.67144   -0.67144   -0.43990   -0.42331   -0.41752   -0.39980
  -0.39073   -0.37538   -0.36590   -0.20892   -0.20759   -0.20662   -0.20642   -0.20642
  -0.19280   -0.19280   -0.19153   -0.18838   -0.18568   -0.15153   -0.14284   -0.11279
  -0.10597   -0.08916   -0.07113   -0.06045   -0.04641   -0.04641   -0.02752   -0.02752
  -0.01504   -0.01444   -0.01444   -0.00411   -0.00411    0.01897    0.01897    0.02891
   0.02891    0.03521    0.03768    0.05373    0.05373    0.06026    0.09386    0.12537
   0.14557    0.17998    0.18563    0.21417    0.21534    0.23562    0.24957    0.26409
 kpt#  18, nband=120, wtk=  1.00000, kpt=  0.0000  0.0000  0.2083 (reduced coord)
  -4.74615   -4.74614   -2.98357   -2.98357   -2.98108   -2.98108   -2.98062   -2.98057
  -1.69849   -1.69626   -1.69516   -1.69516   -1.69443   -1.69428   -1.69349   -1.69300
  -1.69297   -1.69297   -1.69243   -1.69155   -1.69045   -1.69027   -1.68936   -1.68885
  -1.68804   -1.68804   -1.68514   -1.68444   -1.68425   -1.68425   -1.68411   -1.67958
  -1.67958   -1.67002   -1.66857   -1.66591   -1.66257   -1.66257   -1.66084   -1.65975
  -1.65708   -1.65397   -1.65397   -0.69031   -0.68906   -0.68850   -0.68759   -0.68759
  -0.68258   -0.68121   -0.68037   -0.68001   -0.68001   -0.67953   -0.67942   -0.67930
  -0.67751   -0.67751   -0.67683   -0.67640   -0.67587   -0.67420   -0.67420   -0.67369
  -0.67190   -0.67146   -0.67142   -0.67142   -0.43990   -0.42331   -0.41752   -0.39980
  -0.39073   -0.37538   -0.36590   -0.20892   -0.20757   -0.20662   -0.20623   -0.20623
  -0.19280   -0.19280   -0.19136   -0.18838   -0.18478   -0.15152   -0.14284   -0.11279
  -0.10597   -0.08916   -0.07113   -0.06045   -0.04641   -0.04641   -0.02752   -0.02752
  -0.01504   -0.01442   -0.01442   -0.00411   -0.00411    0.01897    0.01897    0.02891
   0.02891    0.03520    0.03768    0.05376    0.05376    0.06027    0.09386    0.12537
   0.14553    0.18002    0.18572    0.21417    0.21529    0.23562    0.24910    0.26409
 kpt#  19, nband=120, wtk=  1.00000, kpt=  0.0000  0.0000  0.1667 (reduced coord)
  -4.74615   -4.74614   -2.98370   -2.98370   -2.98122   -2.98122   -2.98061   -2.98033
  -1.69858   -1.69647   -1.69647   -1.69619   -1.69497   -1.69438   -1.69367   -1.69309
  -1.69222   -1.69222   -1.69218   -1.69209   -1.69105   -1.69026   -1.69017   -1.68967
  -1.68967   -1.68803   -1.68459   -1.68443   -1.68421   -1.68410   -1.68410   -1.67945
  -1.67945   -1.67025   -1.66901   -1.66518   -1.66244   -1.66244   -1.66106   -1.66035
  -1.65603   -1.65416   -1.65416   -0.69018   -0.68910   -0.68861   -0.68765   -0.68765
  -0.68241   -0.68125   -0.68049   -0.68006   -0.68006   -0.67956   -0.67949   -0.67926
  -0.67753   -0.67753   -0.67669   -0.67645   -0.67598   -0.67427   -0.67427   -0.67363
  -0.67192   -0.67155   -0.67143   -0.67143   -0.43990   -0.42331   -0.41752   -0.39980
  -0.39074   -0.37537   -0.36590   -0.20926   -0.20771   -0.20658   -0.20637   -0.20637
  -0.19297   -0.19297   -0.19060   -0.18848   -0.18507   -0.15152   -0.14284   -0.11277
  -0.10597   -0.08915   -0.07113   -0.06045   -0.04641   -0.04641   -0.02752   -0.02752
  -0.01504   -0.01443   -0.01443   -0.00411   -0.00411    0.01897    0.01897    0.02891
   0.02891    0.03519    0.03768    0.05375    0.05375    0.06027    0.09386    0.12539
   0.14549    0.18006    0.18580    0.21417    0.21523    0.23559    0.24868    0.26406
 kpt#  20, nband=120, wtk=  1.00000, kpt=  0.0000  0.0000  0.1250 (reduced coord)
  -4.74615   -4.74614   -2.98372   -2.98372   -2.98100   -2.98100   -2.98080   -2.98027
  -1.69834   -1.69598   -1.69525   -1.69525   -1.69494   -1.69364   -1.69340   -1.69312
  -1.69244   -1.69218   -1.69159   -1.69159   -1.69130   -1.69034   -1.69016   -1.68969
  -1.68969   -1.68885   -1.68521   -1.68446   -1.68421   -1.68369   -1.68369   -1.67946
  -1.67946   -1.66973   -1.66900   -1.66519   -1.66205   -1.66205   -1.66070   -1.66034
  -1.65708   -1.65400   -1.65400   -0.69030   -0.68899   -0.68860   -0.68757   -0.68757
  -0.68246   -0.68110   -0.68049   -0.67996   -0.67996   -0.67954   -0.67949   -0.67947
  -0.67751   -0.67751   -0.67680   -0.67634   -0.67598   -0.67419   -0.67419   -0.67371
  -0.67186   -0.67155   -0.67138   -0.67138   -0.43990   -0.42331   -0.41752   -0.39980
  -0.39073   -0.37537   -0.36590   -0.20924   -0.20771   -0.20649   -0.20649   -0.20624
  -0.19245   -0.19245   -0.19176   -0.18788   -0.18508   -0.15153   -0.14284   -0.11278
  -0.10598   -0.08911   -0.07113   -0.06044   -0.04641   -0.04641   -0.02752   -0.02752
  -0.01503   -0.01441   -0.01441   -0.00411   -0.00411    0.01897    0.01897    0.02891
   0.02891    0.03519    0.03768    0.05373    0.05373    0.06029    0.09385    0.12537
   0.14545    0.18008    0.18585    0.21418    0.21517    0.23559    0.24832    0.26406
 kpt#  21, nband=120, wtk=  1.00000, kpt=  0.0000  0.0000  0.0833 (reduced coord)
  -4.74615   -4.74614   -2.98372   -2.98372   -2.98104   -2.98104   -2.98080   -2.98077
  -1.69835   -1.69646   -1.69534   -1.69534   -1.69495   -1.69371   -1.69365   -1.69313
  -1.69280   -1.69244   -1.69219   -1.69166   -1.69166   -1.69036   -1.69017   -1.68970
  -1.68970   -1.68960   -1.68652   -1.68448   -1.68423   -1.68407   -1.68407   -1.67987
  -1.67987   -1.66975   -1.66902   -1.66649   -1.66250   -1.66250   -1.66071   -1.66035
  -1.65816   -1.65430   -1.65430   -0.69040   -0.68899   -0.68860   -0.68760   -0.68760
  -0.68256   -0.68110   -0.68049   -0.67999   -0.67999   -0.67965   -0.67955   -0.67949
  -0.67756   -0.67756   -0.67691   -0.67634   -0.67598   -0.67422   -0.67422   -0.67393
  -0.67186   -0.67155   -0.67143   -0.67143   -0.43990   -0.42331   -0.41752   -0.39980
  -0.39074   -0.37537   -0.36590   -0.20925   -0.20772   -0.20714   -0.20649   -0.20649
  -0.19272   -0.19272   -0.19176   -0.18789   -0.18508   -0.15153   -0.14284   -0.11279
  -0.10598   -0.08922   -0.07113   -0.06045   -0.04641   -0.04641   -0.02752   -0.02752
  -0.01503   -0.01441   -0.01441   -0.00411   -0.00411    0.01897    0.01897    0.02891
   0.02891    0.03519    0.03768    0.05373    0.05373    0.06029    0.09383    0.12537
   0.14543    0.18000    0.18589    0.21418    0.21512    0.23558    0.24804    0.26406
 kpt#  22, nband=120, wtk=  1.00000, kpt=  0.0000  0.0000  0.0417 (reduced coord)
  -4.74615   -4.74615   -2.98392   -2.98392   -2.98143   -2.98081   -2.98081   -2.98046
  -1.69848   -1.69746   -1.69595   -1.69595   -1.69493   -1.69341   -1.69328   -1.69319
  -1.69226   -1.69214   -1.69190   -1.69156   -1.69156   -1.69106   -1.69106   -1.69036
  -1.69012   -1.68978   -1.68634   -1.68450   -1.68450   -1.68436   -1.68355   -1.68041
  -1.68041   -1.66987   -1.66876   -1.66646   -1.66270   -1.66270   -1.66053   -1.65996
  -1.65824   -1.65476   -1.65476   -0.69043   -0.68898   -0.68856   -0.68768   -0.68768
  -0.68261   -0.68111   -0.68045   -0.68006   -0.68006   -0.67964   -0.67953   -0.67943
  -0.67766   -0.67766   -0.67693   -0.67633   -0.67594   -0.67428   -0.67428   -0.67392
  -0.67184   -0.67152   -0.67152   -0.67149   -0.43990   -0.42331   -0.41752   -0.39980
  -0.39074   -0.37537   -0.36590   -0.20889   -0.20800   -0.20731   -0.20731   -0.20662
  -0.19240   -0.19233   -0.19233   -0.18751   -0.18514   -0.15153   -0.14285   -0.11279
  -0.10598   -0.08914   -0.07113   -0.06045   -0.04641   -0.04641   -0.02753   -0.02753
  -0.01504   -0.01442   -0.01442   -0.00412   -0.00412    0.01897    0.01897    0.02891
   0.02891    0.03516    0.03767    0.05362    0.05362    0.06030    0.09384    0.12535
   0.14541    0.18001    0.18593    0.21418    0.21509    0.23555    0.24792    0.26398
 kpt#  23, nband=120, wtk=  1.00000, kpt=  0.0000  0.0000  0.0000 (reduced coord)
  -4.74615   -4.74615   -2.98392   -2.98392   -2.98143   -2.98081   -2.98081   -2.98046
  -1.69848   -1.69746   -1.69596   -1.69596   -1.69493   -1.69341   -1.69328   -1.69320
  -1.69226   -1.69214   -1.69190   -1.69157   -1.69157   -1.69107   -1.69107   -1.69036
  -1.69012   -1.68978   -1.68634   -1.68450   -1.68450   -1.68436   -1.68355   -1.68042
  -1.68042   -1.66987   -1.66876   -1.66646   -1.66270   -1.66270   -1.66053   -1.65996
  -1.65824   -1.65476   -1.65476   -0.69043   -0.68898   -0.68856   -0.68768   -0.68768
  -0.68261   -0.68111   -0.68045   -0.68006   -0.68006   -0.67965   -0.67953   -0.67943
  -0.67766   -0.67766   -0.67693   -0.67633   -0.67594   -0.67428   -0.67428   -0.67392
  -0.67184   -0.67152   -0.67152   -0.67150   -0.43990   -0.42331   -0.41752   -0.39980
  -0.39074   -0.37537   -0.36590   -0.20889   -0.20800   -0.20731   -0.20731   -0.20662
  -0.19240   -0.19233   -0.19233   -0.18751   -0.18514   -0.15153   -0.14285   -0.11279
  -0.10598   -0.08914   -0.07113   -0.06045   -0.04641   -0.04641   -0.02753   -0.02753
  -0.01504   -0.01442   -0.01442   -0.00412   -0.00412    0.01897    0.01897    0.02891
   0.02891    0.03516    0.03767    0.05362    0.05362    0.06030    0.09384    0.12535
   0.14541    0.18002    0.18595    0.21418    0.21508    0.23555    0.24787    0.26399
 kpt#  24, nband=120, wtk=  1.00000, kpt=  0.0278  0.0278  0.0278 (reduced coord)
  -4.74615   -4.74614   -2.98361   -2.98341   -2.98113   -2.98103   -2.98089   -2.98082
  -1.69631   -1.69616   -1.69548   -1.69498   -1.69480   -1.69336   -1.69299   -1.69292
  -1.69185   -1.69174   -1.69155   -1.69114   -1.69105   -1.69058   -1.69046   -1.68992
  -1.68954   -1.68749   -1.68650   -1.68551   -1.68532   -1.68459   -1.68435   -1.68082
  -1.68015   -1.66900   -1.66896   -1.66635   -1.66391   -1.66295   -1.66048   -1.66039
  -1.65747   -1.65503   -1.65454   -0.69032   -0.68884   -0.68857   -0.68770   -0.68765
  -0.68248   -0.68087   -0.68042   -0.68014   -0.68003   -0.67953   -0.67953   -0.67948
  -0.67771   -0.67762   -0.67682   -0.67620   -0.67595   -0.67436   -0.67427   -0.67379
  -0.67178   -0.67162   -0.67151   -0.67149   -0.43958   -0.42304   -0.41731   -0.39961
  -0.39069   -0.37526   -0.36583   -0.20903   -0.20698   -0.20666   -0.20621   -0.20619
  -0.19352   -0.19309   -0.19183   -0.18797   -0.18528   -0.15236   -0.14407   -0.11468
  -0.10708   -0.08927   -0.07263   -0.06289   -0.04725   -0.04337   -0.02833   -0.02472
  -0.01598   -0.01580   -0.01515   -0.00486   -0.00105    0.01831    0.02039    0.02831
   0.03180    0.03569    0.03861    0.05272    0.05298    0.06134    0.09391    0.12762
   0.14688    0.18135    0.18610    0.21407    0.21565    0.23693    0.24775    0.26382
 kpt#  25, nband=120, wtk=  1.00000, kpt=  0.0556  0.0556  0.0556 (reduced coord)
  -4.74615   -4.74614   -2.98338   -2.98293   -2.98094   -2.98063   -2.98057   -2.98055
  -1.69499   -1.69436   -1.69384   -1.69318   -1.69297   -1.69247   -1.69211   -1.69168
  -1.69164   -1.69066   -1.69065   -1.69016   -1.68977   -1.68904   -1.68871   -1.68856
  -1.68797   -1.68765   -1.68604   -1.68536   -1.68401   -1.68398   -1.68311   -1.68139
  -1.67983   -1.66793   -1.66699   -1.66531   -1.66395   -1.66241   -1.65942   -1.65842
  -1.65667   -1.65541   -1.65385   -0.69016   -0.68850   -0.68841   -0.68772   -0.68754
  -0.68234   -0.68051   -0.68025   -0.68012   -0.67991   -0.67939   -0.67924   -0.67922
  -0.67774   -0.67755   -0.67669   -0.67585   -0.67580   -0.67437   -0.67415   -0.67356
  -0.67161   -0.67145   -0.67140   -0.67138   -0.43863   -0.42223   -0.41667   -0.39903
  -0.39057   -0.37495   -0.36566   -0.20837   -0.20614   -0.20598   -0.20580   -0.20506
  -0.19344   -0.19301   -0.19145   -0.18694   -0.18528   -0.15475   -0.14746   -0.11960
  -0.11003   -0.08956   -0.07613   -0.06874   -0.04970   -0.03691   -0.03067   -0.02031
  -0.01799   -0.01725   -0.01416   -0.00705    0.00630    0.01637    0.02236    0.02657
   0.03683    0.03874    0.04355    0.05004    0.05071    0.06462    0.09421    0.13392
   0.15103    0.18369    0.18820    0.21095    0.22009    0.24070    0.24738    0.25513
 kpt#  26, nband=120, wtk=  1.00000, kpt=  0.0833  0.0833  0.0833 (reduced coord)
  -4.74615   -4.74614   -2.98345   -2.98298   -2.98117   -2.98062   -2.98056   -2.98043
  -1.69525   -1.69429   -1.69400   -1.69396   -1.69299   -1.69279   -1.69216   -1.69144
  -1.69128   -1.69098   -1.69011   -1.68971   -1.68951   -1.68941   -1.68901   -1.68762
  -1.68752   -1.68721   -1.68582   -1.68534   -1.68513   -1.68462   -1.68423   -1.68090
  -1.68032   -1.66776   -1.66774   -1.66546   -1.66359   -1.66297   -1.65935   -1.65928
  -1.65671   -1.65515   -1.65398   -0.69013   -0.68854   -0.68837   -0.68770   -0.68756
  -0.68230   -0.68044   -0.68017   -0.68007   -0.68000   -0.67944   -0.67938   -0.67930
  -0.67771   -0.67759   -0.67666   -0.67590   -0.67574   -0.67434   -0.67417   -0.67368
  -0.67159   -0.67155   -0.67143   -0.67137   -0.43706   -0.42089   -0.41563   -0.39810
  -0.39043   -0.37444   -0.36535   -0.20853   -0.20654   -0.20546   -0.20512   -0.20489
  -0.19333   -0.19296   -0.19119   -0.18750   -0.18578   -0.15840   -0.15229   -0.12601
  -0.11433   -0.09021   -0.08045   -0.07564   -0.05356   -0.03439   -0.03146   -0.02666
  -0.02170   -0.01054   -0.00718   -0.00684    0.01326    0.01573    0.02210    0.02377
   0.03777    0.04588    0.04716    0.04733    0.05441    0.07070    0.09499    0.14331
   0.15722    0.18422    0.19481    0.20545    0.22701    0.23398    0.24352    0.24594
 kpt#  27, nband=120, wtk=  1.00000, kpt=  0.1111  0.1111  0.1111 (reduced coord)
  -4.74615   -4.74614   -2.98319   -2.98257   -2.98102   -2.98067   -2.98056   -2.98048
  -1.69450   -1.69403   -1.69401   -1.69373   -1.69349   -1.69224   -1.69181   -1.69140
  -1.69097   -1.69033   -1.68973   -1.68970   -1.68856   -1.68849   -1.68791   -1.68731
  -1.68630   -1.68626   -1.68586   -1.68530   -1.68517   -1.68499   -1.68321   -1.68098
  -1.68021   -1.66758   -1.66709   -1.66475   -1.66351   -1.66295   -1.65905   -1.65860
  -1.65603   -1.65491   -1.65402   -0.69000   -0.68845   -0.68826   -0.68767   -0.68758
  -0.68214   -0.68031   -0.68009   -0.68004   -0.68002   -0.67942   -0.67932   -0.67917
  -0.67768   -0.67759   -0.67652   -0.67581   -0.67561   -0.67428   -0.67419   -0.67366
  -0.67158   -0.67151   -0.67142   -0.67124   -0.43488   -0.41904   -0.41421   -0.39685
  -0.39020   -0.37377   -0.36489   -0.20859   -0.20567   -0.20474   -0.20463   -0.20412
  -0.19304   -0.19236   -0.19094   -0.18841   -0.18620   -0.16283   -0.15774   -0.13270
  -0.11964   -0.09098   -0.08731   -0.07948   -0.05854   -0.03920   -0.03418   -0.02820
  -0.02586   -0.01508    0.00401    0.00631    0.00918    0.01901    0.02009    0.02641
   0.03851    0.04124    0.04241    0.05731    0.06732    0.08018    0.09688    0.15470
   0.16464    0.18432    0.19661    0.20496    0.21158    0.22726    0.23163    0.23608
 kpt#  28, nband=120, wtk=  1.00000, kpt=  0.1389  0.1389  0.1389 (reduced coord)
  -4.74615   -4.74614   -2.98300   -2.98202   -2.98090   -2.98090   -2.98075   -2.98057
  -1.69473   -1.69398   -1.69368   -1.69342   -1.69270   -1.69197   -1.69169   -1.69108
  -1.69075   -1.69003   -1.68921   -1.68886   -1.68832   -1.68804   -1.68772   -1.68710
  -1.68638   -1.68630   -1.68553   -1.68545   -1.68463   -1.68453   -1.68257   -1.68127
  -1.68098   -1.66726   -1.66695   -1.66435   -1.66361   -1.66334   -1.65854   -1.65852
  -1.65586   -1.65490   -1.65437   -0.68983   -0.68833   -0.68817   -0.68776   -0.68766
  -0.68194   -0.68019   -0.68015   -0.68003   -0.67994   -0.67948   -0.67928   -0.67892
  -0.67784   -0.67771   -0.67640   -0.67568   -0.67546   -0.67437   -0.67427   -0.67354
  -0.67172   -0.67157   -0.67137   -0.67115   -0.43212   -0.41672   -0.41243   -0.39534
  -0.38992   -0.37296   -0.36426   -0.20896   -0.20463   -0.20443   -0.20421   -0.20242
  -0.19318   -0.19194   -0.19081   -0.18956   -0.18684   -0.16751   -0.16316   -0.13894
  -0.12556   -0.09578   -0.09189   -0.07997   -0.06434   -0.04481   -0.04224   -0.03083
  -0.02469   -0.02041    0.00434    0.01404    0.01512    0.01571    0.02353    0.03438
   0.03642    0.03686    0.03891    0.06841    0.07986    0.09207    0.10066    0.16693
   0.17193    0.18144    0.18600    0.19328    0.20807    0.21329    0.21783    0.23784
 kpt#  29, nband=120, wtk=  1.00000, kpt=  0.1667  0.1667  0.1667 (reduced coord)
  -4.74615   -4.74613   -2.98256   -2.98119   -2.98113   -2.98070   -2.98061   -2.98030
  -1.69392   -1.69339   -1.69286   -1.69257   -1.69205   -1.69146   -1.69137   -1.68932
  -1.68928   -1.68911   -1.68880   -1.68854   -1.68764   -1.68713   -1.68693   -1.68598
  -1.68559   -1.68519   -1.68519   -1.68465   -1.68406   -1.68354   -1.68161   -1.68057
  -1.67941   -1.66673   -1.66609   -1.66340   -1.66307   -1.66162   -1.65813   -1.65728
  -1.65467   -1.65462   -1.65309   -0.68974   -0.68806   -0.68797   -0.68763   -0.68762
  -0.68180   -0.68003   -0.67999   -0.67988   -0.67980   -0.67950   -0.67901   -0.67866
  -0.67772   -0.67768   -0.67634   -0.67542   -0.67519   -0.67423   -0.67421   -0.67348
  -0.67156   -0.67153   -0.67109   -0.67099   -0.42881   -0.41399   -0.41035   -0.39364
  -0.38959   -0.37206   -0.36344   -0.20946   -0.20351   -0.20281   -0.20269   -0.20180
  -0.19321   -0.19103   -0.19069   -0.19031   -0.18619   -0.17200   -0.16805   -0.14426
  -0.13159   -0.10408   -0.09301   -0.07849   -0.07066   -0.05095   -0.05018   -0.03516
  -0.02627   -0.02126   -0.00102    0.00989    0.01085    0.02336    0.03087    0.03113
   0.03751    0.03874    0.04282    0.08049    0.08947    0.10209    0.10678    0.16841
   0.17136    0.17885    0.18105    0.18795    0.19322    0.20090    0.21759    0.22882
 kpt#  30, nband=120, wtk=  1.00000, kpt=  0.1944  0.1944  0.1944 (reduced coord)
  -4.74615   -4.74613   -2.98234   -2.98145   -2.98137   -2.98092   -2.98073   -2.97992
  -1.69430   -1.69394   -1.69344   -1.69301   -1.69207   -1.69102   -1.69027   -1.69005
  -1.68965   -1.68938   -1.68887   -1.68858   -1.68809   -1.68724   -1.68665   -1.68619
  -1.68571   -1.68565   -1.68490   -1.68453   -1.68404   -1.68348   -1.68257   -1.68122
  -1.67883   -1.66692   -1.66539   -1.66383   -1.66354   -1.66130   -1.65840   -1.65681
  -1.65525   -1.65525   -1.65275   -0.68967   -0.68808   -0.68791   -0.68772   -0.68772
  -0.68176   -0.68015   -0.68008   -0.67991   -0.67970   -0.67960   -0.67882   -0.67859
  -0.67784   -0.67783   -0.67634   -0.67523   -0.67521   -0.67439   -0.67430   -0.67339
  -0.67171   -0.67165   -0.67112   -0.67087   -0.42501   -0.41090   -0.40802   -0.39188
  -0.38925   -0.37107   -0.36240   -0.20995   -0.20317   -0.20195   -0.20150   -0.20041
  -0.19381   -0.19176   -0.19036   -0.19001   -0.18799   -0.17594   -0.17208   -0.14834
  -0.13727   -0.11169   -0.09427   -0.07723   -0.07555   -0.05801   -0.05732   -0.03911
  -0.03239   -0.01735   -0.00668    0.00450    0.00568    0.02449    0.02520    0.02968
   0.03674    0.03909    0.05987    0.08742    0.09463    0.10510    0.11379    0.15930
   0.16235    0.18033    0.18438    0.18929    0.19022    0.19721    0.20268    0.20962
 kpt#  31, nband=120, wtk=  1.00000, kpt=  0.2222  0.2222  0.2222 (reduced coord)
  -4.74615   -4.74613   -2.98201   -2.98139   -2.98124   -2.98087   -2.98070   -2.98041
  -1.69408   -1.69400   -1.69306   -1.69225   -1.69220   -1.69033   -1.68986   -1.68941
  -1.68925   -1.68907   -1.68865   -1.68855   -1.68817   -1.68744   -1.68681   -1.68676
  -1.68627   -1.68553   -1.68536   -1.68405   -1.68372   -1.68315   -1.68259   -1.68063
  -1.67998   -1.66655   -1.66516   -1.66356   -1.66350   -1.66259   -1.65790   -1.65629
  -1.65505   -1.65483   -1.65366   -0.68959   -0.68830   -0.68777   -0.68770   -0.68768
  -0.68164   -0.68013   -0.68007   -0.68002   -0.67960   -0.67959   -0.67881   -0.67869
  -0.67779   -0.67777   -0.67629   -0.67542   -0.67509   -0.67432   -0.67428   -0.67339
  -0.67163   -0.67162   -0.67130   -0.67076   -0.42079   -0.40755   -0.40550   -0.39015
  -0.38891   -0.36998   -0.36113   -0.21001   -0.20227   -0.20118   -0.20073   -0.19850
  -0.19446   -0.19210   -0.19110   -0.18965   -0.18930   -0.17910   -0.17500   -0.15098
  -0.14220   -0.11833   -0.09553   -0.08379   -0.07150   -0.06520   -0.06374   -0.04236
  -0.03858   -0.01320   -0.01244   -0.00137    0.00039    0.01806    0.02053    0.02937
   0.03439    0.03572    0.07487    0.07782    0.09466    0.10747    0.11366    0.15452
   0.16257    0.18041    0.18291    0.19105    0.19386    0.19757    0.20112    0.20678
 kpt#  32, nband=120, wtk=  1.00000, kpt=  0.2500  0.2500  0.2500 (reduced coord)
  -4.74615   -4.74613   -2.98236   -2.98171   -2.98146   -2.98110   -2.98093   -2.98063
  -1.69459   -1.69386   -1.69365   -1.69257   -1.69248   -1.69201   -1.69110   -1.69040
  -1.68987   -1.68974   -1.68931   -1.68893   -1.68861   -1.68830   -1.68750   -1.68720
  -1.68676   -1.68660   -1.68594   -1.68501   -1.68404   -1.68401   -1.68323   -1.68264
  -1.68140   -1.66779   -1.66511   -1.66461   -1.66409   -1.66401   -1.65920   -1.65638
  -1.65599   -1.65542   -1.65530   -0.68952   -0.68889   -0.68789   -0.68780   -0.68757
  -0.68158   -0.68072   -0.68023   -0.68013   -0.67982   -0.67943   -0.67901   -0.67855
  -0.67800   -0.67786   -0.67643   -0.67581   -0.67492   -0.67448   -0.67439   -0.67337
  -0.67182   -0.67180   -0.67171   -0.67061   -0.41625   -0.40404   -0.40286   -0.38862
  -0.38854   -0.36877   -0.35964   -0.21080   -0.20142   -0.20066   -0.20018   -0.19840
  -0.19655   -0.19269   -0.19192   -0.18962   -0.18945   -0.18133   -0.17671   -0.15213
  -0.14607   -0.12383   -0.09675   -0.09018   -0.07182   -0.06999   -0.06663   -0.04472
  -0.04463   -0.01811   -0.01007   -0.00689   -0.00486    0.01168    0.01526    0.02083
   0.02994    0.03195    0.06304    0.08193    0.08470    0.10377    0.10750    0.16158
   0.16655    0.17525    0.18738    0.19470    0.20341    0.20749    0.20894    0.21270
 kpt#  33, nband=120, wtk=  1.00000, kpt=  0.2778  0.2778  0.2778 (reduced coord)
  -4.74615   -4.74613   -2.98214   -2.98180   -2.98124   -2.98103   -2.98073   -2.98059
  -1.69389   -1.69377   -1.69308   -1.69293   -1.69194   -1.69188   -1.69113   -1.69022
  -1.68955   -1.68906   -1.68904   -1.68810   -1.68802   -1.68765   -1.68745   -1.68724
  -1.68704   -1.68650   -1.68587   -1.68545   -1.68429   -1.68372   -1.68234   -1.68167
  -1.68057   -1.66818   -1.66442   -1.66397   -1.66363   -1.66331   -1.65958   -1.65569
  -1.65536   -1.65523   -1.65472   -0.68943   -0.68910   -0.68780   -0.68772   -0.68739
  -0.68148   -0.68093   -0.68012   -0.68009   -0.67993   -0.67930   -0.67901   -0.67831
  -0.67788   -0.67784   -0.67657   -0.67577   -0.67474   -0.67438   -0.67430   -0.67332
  -0.67199   -0.67172   -0.67164   -0.67042   -0.41149   -0.40049   -0.40018   -0.38825
  -0.38726   -0.36739   -0.35797   -0.21098   -0.20048   -0.20019   -0.19889   -0.19859
  -0.19667   -0.19235   -0.19202   -0.18976   -0.18857   -0.18249   -0.17712   -0.15194
  -0.14850   -0.12796   -0.09786   -0.09623   -0.07767   -0.07591   -0.06120   -0.05039
  -0.04605   -0.02354   -0.01549   -0.00992   -0.00577    0.00568    0.00628    0.01036
   0.02216    0.02685    0.04884    0.07220    0.07654    0.09315    0.10073    0.17270
   0.17515    0.18417    0.18722    0.20706    0.21235    0.21485    0.22060    0.22967
 kpt#  34, nband=120, wtk=  1.00000, kpt=  0.3056  0.3056  0.3056 (reduced coord)
  -4.74615   -4.74613   -2.98214   -2.98173   -2.98110   -2.98091   -2.98079   -2.98079
  -1.69377   -1.69367   -1.69314   -1.69252   -1.69170   -1.69157   -1.69120   -1.69010
  -1.68967   -1.68897   -1.68881   -1.68861   -1.68847   -1.68799   -1.68745   -1.68721
  -1.68627   -1.68622   -1.68593   -1.68545   -1.68428   -1.68365   -1.68223   -1.68151
  -1.68114   -1.66813   -1.66442   -1.66379   -1.66368   -1.66353   -1.65924   -1.65577
  -1.65531   -1.65509   -1.65502   -0.68939   -0.68920   -0.68778   -0.68778   -0.68728
  -0.68146   -0.68103   -0.68015   -0.68009   -0.68002   -0.67915   -0.67899   -0.67827
  -0.67790   -0.67788   -0.67669   -0.67573   -0.67463   -0.67436   -0.67435   -0.67329
  -0.67209   -0.67170   -0.67170   -0.67034   -0.40665   -0.39754   -0.39705   -0.38794
  -0.38626   -0.36584   -0.35614   -0.21105   -0.20071   -0.20006   -0.19939   -0.19773
  -0.19514   -0.19241   -0.19199   -0.18989   -0.18862   -0.18247   -0.17627   -0.15124
  -0.14863   -0.13049   -0.10181   -0.09879   -0.08271   -0.08139   -0.05573   -0.05548
  -0.04630   -0.02860   -0.02394   -0.01465   -0.01170   -0.00501   -0.00003    0.00499
   0.01067    0.02196    0.03675    0.05706    0.06499    0.08070    0.09686    0.17609
   0.19096    0.19376    0.20377    0.20902    0.21665    0.22626    0.23008    0.23561
 kpt#  35, nband=120, wtk=  1.00000, kpt=  0.3333  0.3333  0.3333 (reduced coord)
  -4.74615   -4.74614   -2.98253   -2.98199   -2.98144   -2.98112   -2.98090   -2.98070
  -1.69440   -1.69379   -1.69373   -1.69257   -1.69255   -1.69190   -1.69128   -1.69059
  -1.69052   -1.69017   -1.68963   -1.68902   -1.68885   -1.68873   -1.68806   -1.68756
  -1.68738   -1.68699   -1.68658   -1.68520   -1.68511   -1.68396   -1.68329   -1.68258
  -1.68249   -1.66796   -1.66546   -1.66469   -1.66455   -1.66410   -1.65917   -1.65681
  -1.65628   -1.65594   -1.65535   -0.68943   -0.68919   -0.68798   -0.68793   -0.68743
  -0.68140   -0.68108   -0.68029   -0.68024   -0.68022   -0.67930   -0.67890   -0.67844
  -0.67809   -0.67804   -0.67681   -0.67563   -0.67479   -0.67454   -0.67451   -0.67324
  -0.67221   -0.67188   -0.67185   -0.67051   -0.40192   -0.39503   -0.39387   -0.38768
  -0.38554   -0.36417   -0.35425   -0.21136   -0.20221   -0.20031   -0.19873   -0.19766
  -0.19415   -0.19281   -0.19216   -0.19024   -0.18937   -0.18122   -0.17422   -0.15044
  -0.14627   -0.13108   -0.10682   -0.09950   -0.08700   -0.08631   -0.06055   -0.04980
  -0.04545   -0.03470   -0.03318   -0.02948   -0.01895   -0.01128   -0.00524   -0.00094
   0.00005    0.01657    0.02877    0.04035    0.05144    0.06977    0.09659    0.17577
   0.20365    0.20984    0.21212    0.21559    0.22292    0.22470    0.22745    0.24682
 kpt#  36, nband=120, wtk=  1.00000, kpt=  0.3611  0.3611  0.3611 (reduced coord)
  -4.74615   -4.74614   -2.98258   -2.98179   -2.98164   -2.98101   -2.98063   -2.98046
  -1.69433   -1.69345   -1.69273   -1.69218   -1.69210   -1.69185   -1.69097   -1.69049
  -1.68972   -1.68966   -1.68914   -1.68910   -1.68876   -1.68818   -1.68810   -1.68755
  -1.68738   -1.68697   -1.68593   -1.68542   -1.68526   -1.68431   -1.68243   -1.68226
  -1.68149   -1.66680   -1.66616   -1.66440   -1.66398   -1.66374   -1.65810   -1.65769
  -1.65596   -1.65523   -1.65508   -0.68936   -0.68917   -0.68795   -0.68785   -0.68748
  -0.68140   -0.68112   -0.68025   -0.68018   -0.68003   -0.67935   -0.67875   -0.67848
  -0.67806   -0.67794   -0.67680   -0.67555   -0.67483   -0.67452   -0.67444   -0.67309
  -0.67214   -0.67187   -0.67175   -0.67057   -0.39748   -0.39273   -0.39109   -0.38742
  -0.38505   -0.36245   -0.35236   -0.21124   -0.20339   -0.19976   -0.19771   -0.19765
  -0.19302   -0.19225   -0.19195   -0.19013   -0.18937   -0.17875   -0.17109   -0.14845
  -0.14298   -0.12929   -0.11118   -0.09984   -0.09066   -0.09038   -0.06474   -0.04811
  -0.04723   -0.04447   -0.04323   -0.03719   -0.02294   -0.02273   -0.00980   -0.00971
  -0.00545    0.01079    0.01910    0.02646    0.04052    0.06231    0.09776    0.17616
   0.20897    0.20999    0.21585    0.22202    0.22416    0.23416    0.24174    0.24300
 kpt#  37, nband=120, wtk=  1.00000, kpt=  0.3889  0.3889  0.3889 (reduced coord)
  -4.74615   -4.74614   -2.98236   -2.98178   -2.98166   -2.98101   -2.98098   -2.98059
  -1.69431   -1.69373   -1.69294   -1.69227   -1.69199   -1.69167   -1.69119   -1.69023
  -1.69014   -1.68995   -1.68986   -1.68948   -1.68865   -1.68862   -1.68776   -1.68767
  -1.68753   -1.68729   -1.68578   -1.68562   -1.68520   -1.68478   -1.68298   -1.68230
  -1.68155   -1.66706   -1.66655   -1.66421   -1.66421   -1.66377   -1.65837   -1.65796
  -1.65593   -1.65554   -1.65511   -0.68949   -0.68918   -0.68796   -0.68788   -0.68746
  -0.68148   -0.68119   -0.68024   -0.68022   -0.68016   -0.67933   -0.67875   -0.67847
  -0.67807   -0.67801   -0.67693   -0.67555   -0.67481   -0.67452   -0.67446   -0.67308
  -0.67228   -0.67188   -0.67178   -0.67056   -0.39355   -0.39071   -0.38881   -0.38721
  -0.38467   -0.36079   -0.35058   -0.21100   -0.20579   -0.19946   -0.19773   -0.19651
  -0.19198   -0.19183   -0.19172   -0.19037   -0.18991   -0.17518   -0.16703   -0.14509
  -0.13936   -0.12506   -0.11483   -0.09985   -0.09422   -0.09338   -0.06826   -0.06412
  -0.06200   -0.04124   -0.04056   -0.03991   -0.03642   -0.02592   -0.01664   -0.01366
  -0.01029    0.00447    0.00503    0.01213    0.03898    0.05729    0.09912    0.17764
   0.20716    0.20973    0.21798    0.21983    0.22666    0.23985    0.24365    0.24880
 kpt#  38, nband=120, wtk=  1.00000, kpt=  0.4167  0.4167  0.4167 (reduced coord)
  -4.74615   -4.74614   -2.98242   -2.98170   -2.98152   -2.98134   -2.98093   -2.98065
  -1.69345   -1.69343   -1.69309   -1.69240   -1.69202   -1.69135   -1.69118   -1.69076
  -1.69044   -1.69010   -1.68998   -1.68930   -1.68897   -1.68865   -1.68848   -1.68779
  -1.68763   -1.68721   -1.68689   -1.68591   -1.68525   -1.68452   -1.68340   -1.68238
  -1.68171   -1.66742   -1.66655   -1.66437   -1.66404   -1.66370   -1.65879   -1.65793
  -1.65568   -1.65553   -1.65509   -0.68965   -0.68916   -0.68796   -0.68791   -0.68740
  -0.68158   -0.68127   -0.68031   -0.68025   -0.68018   -0.67927   -0.67875   -0.67842
  -0.67808   -0.67802   -0.67709   -0.67553   -0.67476   -0.67452   -0.67446   -0.67306
  -0.67243   -0.67186   -0.67181   -0.67050   -0.39037   -0.38906   -0.38714   -0.38703
  -0.38425   -0.35930   -0.34902   -0.21092   -0.20784   -0.19871   -0.19808   -0.19521
  -0.19193   -0.19138   -0.19109   -0.19054   -0.19044   -0.17083   -0.16225   -0.14066
  -0.13525   -0.11916   -0.11771   -0.09962   -0.09705   -0.09566   -0.07912   -0.07587
  -0.07104   -0.05124   -0.04324   -0.03760   -0.03656   -0.02846   -0.02211   -0.01677
  -0.01460   -0.00767   -0.00207   -0.00162    0.04084    0.05407    0.10024    0.17993
   0.20590    0.20935    0.21501    0.21783    0.23388    0.23729    0.24259    0.24641
 kpt#  39, nband=120, wtk=  1.00000, kpt=  0.4444  0.4444  0.4444 (reduced coord)
  -4.74614   -4.74614   -2.98190   -2.98160   -2.98143   -2.98128   -2.98074   -2.98050
  -1.69327   -1.69276   -1.69200   -1.69146   -1.69102   -1.69088   -1.69064   -1.69049
  -1.68955   -1.68953   -1.68918   -1.68916   -1.68897   -1.68829   -1.68815   -1.68756
  -1.68756   -1.68658   -1.68614   -1.68589   -1.68419   -1.68399   -1.68292   -1.68216
  -1.68060   -1.66659   -1.66599   -1.66403   -1.66360   -1.66262   -1.65809   -1.65745
  -1.65531   -1.65504   -1.65431   -0.68960   -0.68912   -0.68788   -0.68779   -0.68729
  -0.68148   -0.68126   -0.68030   -0.68016   -0.68004   -0.67917   -0.67869   -0.67828
  -0.67799   -0.67790   -0.67707   -0.67548   -0.67464   -0.67443   -0.67432   -0.67301
  -0.67238   -0.67178   -0.67167   -0.67038   -0.38818   -0.38786   -0.38687   -0.38605
  -0.38368   -0.35811   -0.34781   -0.21030   -0.20892   -0.19789   -0.19784   -0.19413
  -0.19186   -0.19102   -0.19063   -0.19014   -0.18991   -0.16625   -0.15721   -0.13578
  -0.13041   -0.11980   -0.11331   -0.09914   -0.09911   -0.09725   -0.09146   -0.08808
  -0.07306   -0.06310   -0.04518   -0.03976   -0.03221   -0.03030   -0.02487   -0.01899
  -0.01898   -0.01798   -0.01053   -0.00822    0.04259    0.05242    0.10098    0.18244
   0.20598    0.20898    0.21252    0.21513    0.23539    0.23864    0.24012    0.24674
 kpt#  40, nband=120, wtk=  1.00000, kpt=  0.4722  0.4722  0.4722 (reduced coord)
  -4.74615   -4.74614   -2.98189   -2.98187   -2.98169   -2.98144   -2.98125   -2.98049
  -1.69367   -1.69364   -1.69268   -1.69237   -1.69161   -1.69150   -1.69134   -1.69066
  -1.69020   -1.69012   -1.68966   -1.68925   -1.68891   -1.68889   -1.68824   -1.68818
  -1.68772   -1.68694   -1.68658   -1.68594   -1.68494   -1.68489   -1.68366   -1.68293
  -1.68228   -1.66699   -1.66678   -1.66449   -1.66434   -1.66399   -1.65847   -1.65826
  -1.65599   -1.65594   -1.65486   -0.68968   -0.68909   -0.68801   -0.68798   -0.68738
  -0.68154   -0.68135   -0.68028   -0.68027   -0.68024   -0.67927   -0.67861   -0.67838
  -0.67813   -0.67809   -0.67718   -0.67547   -0.67474   -0.67456   -0.67455   -0.67298
  -0.67240   -0.67191   -0.67190   -0.67048   -0.38717   -0.38710   -0.38676   -0.38539
  -0.38310   -0.35735   -0.34703   -0.21024   -0.21014   -0.19813   -0.19807   -0.19324
  -0.19186   -0.19145   -0.19138   -0.19105   -0.18989   -0.16251   -0.15295   -0.13149
  -0.12512   -0.12106   -0.11150   -0.10035   -0.09876   -0.09822   -0.09822   -0.09709
  -0.07428   -0.07154   -0.04635   -0.04455   -0.03141   -0.02839   -0.02703   -0.02474
  -0.02038   -0.02018   -0.01467   -0.01375    0.04339    0.05200    0.10138    0.18439
   0.20711    0.20869    0.21082    0.21222    0.23418    0.23512    0.24385    0.24858
 kpt#  41, nband=120, wtk=  1.00000, kpt=  0.5000  0.5000  0.5000 (reduced coord)
  -4.74615   -4.74615   -2.98203   -2.98202   -2.98158   -2.98157   -2.98131   -2.98131
  -1.69490   -1.69490   -1.69312   -1.69307   -1.69253   -1.69253   -1.69196   -1.69092
  -1.69033   -1.69033   -1.68984   -1.68984   -1.68897   -1.68869   -1.68869   -1.68859
  -1.68798   -1.68675   -1.68651   -1.68634   -1.68556   -1.68507   -1.68494   -1.68418
  -1.68418   -1.66720   -1.66665   -1.66567   -1.66567   -1.66491   -1.65864   -1.65802
  -1.65709   -1.65709   -1.65635   -0.68975   -0.68928   -0.68814   -0.68814   -0.68734
  -0.68179   -0.68151   -0.68044   -0.68044   -0.68011   -0.67922   -0.67865   -0.67835
  -0.67825   -0.67825   -0.67728   -0.67563   -0.67475   -0.67475   -0.67469   -0.67302
  -0.67242   -0.67208   -0.67208   -0.67044   -0.38700   -0.38683   -0.38668   -0.38515
  -0.38287   -0.35709   -0.34677   -0.21035   -0.21035   -0.19793   -0.19793   -0.19261
  -0.19259   -0.19243   -0.19243   -0.19087   -0.19086   -0.16101   -0.15119   -0.12963
  -0.12148   -0.12148   -0.11416   -0.10076   -0.10076   -0.09866   -0.09866   -0.09860
  -0.07469   -0.07469   -0.04674   -0.04674   -0.03179   -0.03179   -0.02515   -0.02096
  -0.02091   -0.02085   -0.02085   -0.01452    0.04354    0.05200    0.10149    0.18511
   0.20860    0.20860    0.21009    0.21022    0.23381    0.23381    0.24503    0.24956
 kpt#  42, nband=120, wtk=  1.00000, kpt=  0.4375  0.5000  0.5000 (reduced coord)
  -4.74614   -4.74614   -2.98188   -2.98187   -2.98158   -2.98157   -2.98088   -2.98088
  -1.69384   -1.69372   -1.69294   -1.69255   -1.69219   -1.69185   -1.69145   -1.69096
  -1.69073   -1.69016   -1.68935   -1.68913   -1.68899   -1.68897   -1.68825   -1.68824
  -1.68787   -1.68710   -1.68706   -1.68579   -1.68456   -1.68426   -1.68410   -1.68229
  -1.68179   -1.66760   -1.66606   -1.66494   -1.66436   -1.66292   -1.65905   -1.65765
  -1.65656   -1.65560   -1.65466   -0.68976   -0.68919   -0.68811   -0.68781   -0.68729
  -0.68156   -0.68146   -0.68042   -0.68039   -0.68006   -0.67915   -0.67876   -0.67828
  -0.67822   -0.67793   -0.67726   -0.67555   -0.67467   -0.67464   -0.67434   -0.67307
  -0.67255   -0.67202   -0.67170   -0.67039   -0.38746   -0.38732   -0.38700   -0.38580
  -0.38350   -0.35775   -0.34744   -0.21019   -0.21019   -0.19787   -0.19787   -0.19298
  -0.19297   -0.19142   -0.19141   -0.19042   -0.19041   -0.16468   -0.15545   -0.13404
  -0.12872   -0.12199   -0.10691   -0.09856   -0.09854   -0.09843   -0.09647   -0.09527
  -0.07128   -0.06937   -0.04360   -0.04345   -0.02781   -0.02685   -0.02641   -0.02620
  -0.02439   -0.01341   -0.01330   -0.01252    0.04324    0.05190    0.10122    0.18326
   0.20730    0.20747    0.21300    0.21302    0.23592    0.23594    0.24230    0.24695
 kpt#  43, nband=120, wtk=  1.00000, kpt=  0.3750  0.5000  0.5000 (reduced coord)
  -4.74614   -4.74614   -2.98222   -2.98221   -2.98131   -2.98130   -2.98078   -2.98078
  -1.69398   -1.69304   -1.69300   -1.69268   -1.69212   -1.69170   -1.69138   -1.69105
  -1.69085   -1.69060   -1.68965   -1.68964   -1.68889   -1.68885   -1.68848   -1.68823
  -1.68782   -1.68692   -1.68685   -1.68543   -1.68498   -1.68381   -1.68354   -1.68195
  -1.68159   -1.66716   -1.66679   -1.66427   -1.66409   -1.66379   -1.65861   -1.65819
  -1.65580   -1.65526   -1.65518   -0.68961   -0.68917   -0.68794   -0.68793   -0.68746
  -0.68144   -0.68131   -0.68039   -0.68024   -0.68021   -0.67933   -0.67876   -0.67845
  -0.67804   -0.67804   -0.67706   -0.67551   -0.67479   -0.67450   -0.67449   -0.67306
  -0.67240   -0.67184   -0.67184   -0.67055   -0.38927   -0.38832   -0.38799   -0.38763
  -0.38529   -0.35960   -0.34930   -0.20904   -0.20904   -0.19859   -0.19858   -0.19397
  -0.19396   -0.19097   -0.19096   -0.19046   -0.19045   -0.17302   -0.16465   -0.14312
  -0.13901   -0.12742   -0.09859   -0.09854   -0.09525   -0.09190   -0.08654   -0.08230
  -0.06186   -0.05646   -0.03796   -0.03542   -0.02823   -0.02784   -0.02400   -0.01555
  -0.01230   -0.00536   -0.00524   -0.00382    0.04268    0.05190    0.10055    0.17835
   0.20775    0.20776    0.21657    0.21675    0.23597    0.23883    0.24124    0.24282
 kpt#  44, nband=120, wtk=  1.00000, kpt=  0.3125  0.5000  0.5000 (reduced coord)
  -4.74614   -4.74614   -2.98236   -2.98235   -2.98120   -2.98119   -2.98074   -2.98074
  -1.69386   -1.69311   -1.69274   -1.69266   -1.69221   -1.69210   -1.69164   -1.69150
  -1.69062   -1.69027   -1.68997   -1.68956   -1.68884   -1.68864   -1.68806   -1.68785
  -1.68744   -1.68718   -1.68618   -1.68525   -1.68448   -1.68419   -1.68399   -1.68212
  -1.68127   -1.66766   -1.66676   -1.66406   -1.66401   -1.66358   -1.65911   -1.65816
  -1.65587   -1.65529   -1.65513   -0.68950   -0.68923   -0.68801   -0.68776   -0.68752
  -0.68148   -0.68122   -0.68030   -0.68029   -0.68003   -0.67937   -0.67881   -0.67852
  -0.67815   -0.67786   -0.67695   -0.67558   -0.67485   -0.67456   -0.67436   -0.67310
  -0.67231   -0.67189   -0.67169   -0.67060   -0.39190   -0.39029   -0.38977   -0.38944
  -0.38789   -0.36229   -0.35200   -0.20793   -0.20793   -0.19891   -0.19891   -0.19457
  -0.19455   -0.19170   -0.19170   -0.19037   -0.19037   -0.18247   -0.17463   -0.15294
  -0.14908   -0.13620   -0.09980   -0.09971   -0.08034   -0.07852   -0.07288   -0.06584
  -0.04787   -0.03982   -0.03479   -0.03082   -0.02423   -0.02391   -0.01395    0.00021
   0.00223    0.00225    0.00688    0.01433    0.04329    0.05311    0.10012    0.17167
   0.20863    0.20943    0.21964    0.22115    0.22855    0.23056    0.24473    0.24717
 kpt#  45, nband=120, wtk=  1.00000, kpt=  0.2500  0.5000  0.5000 (reduced coord)
  -4.74614   -4.74614   -2.98288   -2.98288   -2.98111   -2.98110   -2.98083   -2.98083
  -1.69451   -1.69440   -1.69418   -1.69374   -1.69320   -1.69319   -1.69190   -1.69133
  -1.69054   -1.69045   -1.68977   -1.68971   -1.68931   -1.68853   -1.68839   -1.68832
  -1.68820   -1.68781   -1.68709   -1.68568   -1.68564   -1.68495   -1.68450   -1.68214
  -1.68153   -1.66793   -1.66765   -1.66482   -1.66433   -1.66413   -1.65928   -1.65903
  -1.65667   -1.65560   -1.65535   -0.68930   -0.68929   -0.68814   -0.68783   -0.68781
  -0.68151   -0.68107   -0.68045   -0.68015   -0.68003   -0.67968   -0.67892   -0.67872
  -0.67823   -0.67791   -0.67676   -0.67567   -0.67514   -0.67473   -0.67442   -0.67314
  -0.67211   -0.67201   -0.67174   -0.67091   -0.39489   -0.39331   -0.39146   -0.39113
  -0.39084   -0.36533   -0.35506   -0.20625   -0.20624   -0.19973   -0.19973   -0.19557
  -0.19556   -0.19286   -0.19285   -0.19122   -0.19096   -0.19095   -0.18365   -0.16190
  -0.15802   -0.14492   -0.10238   -0.10227   -0.06205   -0.06059   -0.05728   -0.04955
  -0.03351   -0.03281   -0.02482   -0.02176   -0.01485   -0.01447    0.00332    0.00824
   0.00832    0.01501    0.03047    0.03794    0.04937    0.05792    0.10107    0.16410
   0.20552    0.20691    0.21231    0.21823    0.22644    0.22718    0.22976    0.23124
 kpt#  46, nband=120, wtk=  1.00000, kpt=  0.1875  0.5000  0.5000 (reduced coord)
  -4.74614   -4.74614   -2.98278   -2.98277   -2.98081   -2.98081   -2.98076   -2.98075
  -1.69406   -1.69371   -1.69330   -1.69257   -1.69235   -1.69192   -1.69080   -1.69077
  -1.69017   -1.68960   -1.68958   -1.68880   -1.68872   -1.68829   -1.68814   -1.68773
  -1.68735   -1.68716   -1.68641   -1.68585   -1.68559   -1.68438   -1.68393   -1.68250
  -1.68169   -1.66784   -1.66626   -1.66466   -1.66443   -1.66335   -1.65921   -1.65775
  -1.65630   -1.65588   -1.65486   -0.68938   -0.68885   -0.68804   -0.68788   -0.68766
  -0.68146   -0.68062   -0.68037   -0.67995   -0.67981   -0.67973   -0.67911   -0.67876
  -0.67814   -0.67776   -0.67631   -0.67579   -0.67519   -0.67463   -0.67420   -0.67329
  -0.67195   -0.67175   -0.67158   -0.67098   -0.39775   -0.39620   -0.39367   -0.39309
  -0.39276   -0.36824   -0.35799   -0.20428   -0.20427   -0.19961   -0.19961   -0.19844
  -0.19618   -0.19616   -0.19309   -0.19309   -0.19130   -0.19129   -0.19100   -0.16925
  -0.16530   -0.15226   -0.10555   -0.10543   -0.04654   -0.04412   -0.03944   -0.03942
  -0.02487   -0.01694   -0.00741   -0.00580   -0.00132   -0.00092    0.01227    0.01288
   0.01921    0.02475    0.05704    0.06150    0.06583    0.07164    0.10545    0.15550
   0.18503    0.19130    0.19644    0.19775    0.20071    0.20229    0.21159    0.21419
 kpt#  47, nband=120, wtk=  1.00000, kpt=  0.1250  0.5000  0.5000 (reduced coord)
  -4.74614   -4.74614   -2.98230   -2.98229   -2.98120   -2.98119   -2.98098   -2.98098
  -1.69434   -1.69414   -1.69350   -1.69224   -1.69216   -1.69174   -1.69157   -1.69074
  -1.69050   -1.69033   -1.68948   -1.68934   -1.68924   -1.68861   -1.68821   -1.68781
  -1.68765   -1.68744   -1.68714   -1.68612   -1.68473   -1.68415   -1.68400   -1.68256
  -1.68150   -1.66723   -1.66687   -1.66529   -1.66420   -1.66405   -1.65867   -1.65799
  -1.65682   -1.65559   -1.65499   -0.68956   -0.68874   -0.68795   -0.68787   -0.68764
  -0.68159   -0.68051   -0.68029   -0.68001   -0.67974   -0.67972   -0.67929   -0.67882
  -0.67807   -0.67774   -0.67616   -0.67596   -0.67519   -0.67455   -0.67424   -0.67353
  -0.67185   -0.67168   -0.67159   -0.67096   -0.40010   -0.39856   -0.39599   -0.39445
  -0.39411   -0.37063   -0.36039   -0.20377   -0.20326   -0.20324   -0.19905   -0.19905
  -0.19700   -0.19698   -0.19641   -0.19407   -0.19406   -0.19166   -0.19165   -0.17467
  -0.17064   -0.15770   -0.10854   -0.10842   -0.04458   -0.04303   -0.01756   -0.01702
  -0.00607    0.00175    0.00400    0.01321    0.01363    0.01579    0.01635    0.01635
   0.02289    0.03864    0.08149    0.08379    0.08667    0.09587    0.11613    0.14329
   0.15563    0.16452    0.17370    0.17576    0.18234    0.18539    0.18545    0.19958
 kpt#  48, nband=120, wtk=  1.00000, kpt=  0.0625  0.5000  0.5000 (reduced coord)
  -4.74614   -4.74614   -2.98218   -2.98217   -2.98122   -2.98121   -2.98110   -2.98110
  -1.69507   -1.69502   -1.69397   -1.69284   -1.69227   -1.69168   -1.69141   -1.69137
  -1.69105   -1.69042   -1.68988   -1.68985   -1.68943   -1.68910   -1.68808   -1.68738
  -1.68725   -1.68705   -1.68657   -1.68513   -1.68490   -1.68449   -1.68417   -1.68144
  -1.68064   -1.66814   -1.66567   -1.66554   -1.66443   -1.66361   -1.65965   -1.65702
  -1.65684   -1.65588   -1.65503   -0.68967   -0.68846   -0.68807   -0.68797   -0.68761
  -0.68171   -0.68035   -0.68027   -0.68002   -0.67992   -0.67935   -0.67932   -0.67899
  -0.67809   -0.67769   -0.67608   -0.67589   -0.67537   -0.67457   -0.67420   -0.67360
  -0.67188   -0.67155   -0.67137   -0.67114   -0.40163   -0.40011   -0.39750   -0.39534
  -0.39501   -0.37218   -0.36195   -0.20703   -0.20210   -0.20208   -0.19970   -0.19889
  -0.19888   -0.19672   -0.19672   -0.19485   -0.19484   -0.19253   -0.19252   -0.17798
  -0.17390   -0.16104   -0.11062   -0.11050   -0.04477   -0.04360    0.00018    0.00318
   0.00912    0.01392    0.01497    0.01731    0.01972    0.02665    0.02703    0.02849
   0.03798    0.04749    0.09396    0.09772    0.10370    0.11695    0.13281    0.13363
   0.13437    0.15394    0.15731    0.16467    0.16549    0.17240    0.17343    0.17868
 kpt#  49, nband=120, wtk=  1.00000, kpt=  0.0000  0.5000  0.5000 (reduced coord)
  -4.74614   -4.74614   -2.98218   -2.98217   -2.98097   -2.98096   -2.98071   -2.98071
  -1.69614   -1.69547   -1.69476   -1.69370   -1.69233   -1.69154   -1.69013   -1.69000
  -1.68945   -1.68941   -1.68916   -1.68880   -1.68831   -1.68717   -1.68706   -1.68653
  -1.68651   -1.68638   -1.68613   -1.68609   -1.68518   -1.68488   -1.68362   -1.67872
  -1.67841   -1.66811   -1.66496   -1.66479   -1.66454   -1.66131   -1.65939   -1.65659
  -1.65631   -1.65516   -1.65301   -0.68945   -0.68840   -0.68803   -0.68802   -0.68733
  -0.68146   -0.68033   -0.68019   -0.67992   -0.67987   -0.67923   -0.67914   -0.67898
  -0.67814   -0.67735   -0.67585   -0.67581   -0.67535   -0.67462   -0.67395   -0.67347
  -0.67193   -0.67132   -0.67125   -0.67110   -0.40216   -0.40064   -0.39802   -0.39566
  -0.39532   -0.37272   -0.36249   -0.20813   -0.20139   -0.20137   -0.20080   -0.19821
  -0.19820   -0.19569   -0.19569   -0.19534   -0.19533   -0.19301   -0.19300   -0.17909
  -0.17499   -0.16215   -0.11135   -0.11122   -0.04495   -0.04387    0.00345    0.01252
   0.01712    0.01767    0.01795    0.01892    0.02329    0.03201    0.03237    0.03926
   0.04301    0.05300    0.09162    0.09545    0.10452    0.12414    0.12829    0.13787
   0.14298    0.16120    0.16184    0.16392    0.16796    0.16826    0.16870    0.17202
 kpt#  50, nband=120, wtk=  1.00000, kpt=  0.0000  0.5000  0.4375 (reduced coord)
  -4.74614   -4.74614   -2.98231   -2.98230   -2.98140   -2.98139   -2.98093   -2.98092
  -1.69583   -1.69536   -1.69431   -1.69347   -1.69319   -1.69214   -1.69092   -1.69086
  -1.69069   -1.69053   -1.69004   -1.68922   -1.68867   -1.68813   -1.68803   -1.68799
  -1.68767   -1.68728   -1.68655   -1.68654   -1.68650   -1.68517   -1.68462   -1.68061
  -1.68013   -1.66865   -1.66593   -1.66529   -1.66522   -1.66274   -1.66003   -1.65750
  -1.65679   -1.65627   -1.65420   -0.68956   -0.68853   -0.68816   -0.68810   -0.68751
  -0.68156   -0.68041   -0.68031   -0.68003   -0.68001   -0.67940   -0.67936   -0.67905
  -0.67820   -0.67755   -0.67598   -0.67593   -0.67546   -0.67469   -0.67412   -0.67357
  -0.67201   -0.67147   -0.67144   -0.67123   -0.40216   -0.40064   -0.39802   -0.39566
  -0.39533   -0.37272   -0.36249   -0.20813   -0.20188   -0.20186   -0.20080   -0.19877
  -0.19875   -0.19621   -0.19621   -0.19554   -0.19554   -0.19325   -0.19324   -0.17909
  -0.17499   -0.16215   -0.11136   -0.11123   -0.04495   -0.04387    0.00344    0.01249
   0.01711    0.01766    0.01789    0.01888    0.02327    0.03194    0.03230    0.03926
   0.04299    0.05299    0.09161    0.09544    0.10451    0.12413    0.12829    0.13785
   0.14298    0.16119    0.16180    0.16389    0.16795    0.16822    0.16869    0.17201
 kpt#  51, nband=120, wtk=  1.00000, kpt=  0.0000  0.5000  0.3750 (reduced coord)
  -4.74614   -4.74614   -2.98206   -2.98205   -2.98135   -2.98135   -2.98097   -2.98096
  -1.69546   -1.69505   -1.69371   -1.69330   -1.69265   -1.69095   -1.69092   -1.69078
  -1.69056   -1.69055   -1.68962   -1.68948   -1.68864   -1.68831   -1.68802   -1.68773
  -1.68733   -1.68678   -1.68655   -1.68605   -1.68570   -1.68432   -1.68426   -1.68107
  -1.68032   -1.66816   -1.66565   -1.66525   -1.66446   -1.66299   -1.65958   -1.65711
  -1.65649   -1.65575   -1.65448   -0.68961   -0.68846   -0.68808   -0.68796   -0.68754
  -0.68161   -0.68029   -0.68023   -0.68000   -0.67993   -0.67941   -0.67936   -0.67901
  -0.67807   -0.67759   -0.67601   -0.67585   -0.67538   -0.67455   -0.67414   -0.67362
  -0.67186   -0.67147   -0.67141   -0.67115   -0.40216   -0.40064   -0.39802   -0.39565
  -0.39532   -0.37272   -0.36249   -0.20813   -0.20186   -0.20183   -0.20080   -0.19861
  -0.19859   -0.19613   -0.19613   -0.19558   -0.19557   -0.19286   -0.19285   -0.17909
  -0.17499   -0.16215   -0.11133   -0.11121   -0.04495   -0.04387    0.00344    0.01250
   0.01712    0.01766    0.01790    0.01889    0.02327    0.03195    0.03230    0.03925
   0.04300    0.05299    0.09162    0.09545    0.10450    0.12413    0.12829    0.13785
   0.14297    0.16118    0.16180    0.16386    0.16797    0.16822    0.16872    0.17203
 kpt#  52, nband=120, wtk=  1.00000, kpt=  0.0000  0.5000  0.3125 (reduced coord)
  -4.74614   -4.74614   -2.98207   -2.98206   -2.98137   -2.98137   -2.98074   -2.98074
  -1.69477   -1.69476   -1.69431   -1.69277   -1.69222   -1.69115   -1.69054   -1.69052
  -1.69051   -1.69026   -1.68977   -1.68914   -1.68861   -1.68824   -1.68780   -1.68768
  -1.68708   -1.68681   -1.68598   -1.68524   -1.68521   -1.68443   -1.68419   -1.68126
  -1.68022   -1.66797   -1.66541   -1.66477   -1.66382   -1.66314   -1.65940   -1.65699
  -1.65646   -1.65529   -1.65481   -0.68936   -0.68843   -0.68808   -0.68805   -0.68757
  -0.68135   -0.68036   -0.68020   -0.68001   -0.67993   -0.67935   -0.67929   -0.67890
  -0.67817   -0.67763   -0.67582   -0.67579   -0.67535   -0.67464   -0.67417   -0.67337
  -0.67196   -0.67151   -0.67138   -0.67116   -0.40216   -0.40064   -0.39802   -0.39566
  -0.39532   -0.37272   -0.36249   -0.20813   -0.20184   -0.20181   -0.20080   -0.19857
  -0.19855   -0.19612   -0.19611   -0.19496   -0.19496   -0.19299   -0.19298   -0.17909
  -0.17499   -0.16215   -0.11134   -0.11121   -0.04495   -0.04387    0.00345    0.01249
   0.01712    0.01766    0.01792    0.01892    0.02327    0.03193    0.03229    0.03927
   0.04300    0.05299    0.09163    0.09546    0.10451    0.12414    0.12829    0.13785
   0.14298    0.16116    0.16180    0.16382    0.16799    0.16823    0.16876    0.17205
 kpt#  53, nband=120, wtk=  1.00000, kpt=  0.0000  0.5000  0.2500 (reduced coord)
  -4.74614   -4.74614   -2.98192   -2.98191   -2.98147   -2.98146   -2.98061   -2.98061
  -1.69463   -1.69457   -1.69444   -1.69292   -1.69231   -1.69146   -1.69106   -1.69054
  -1.69039   -1.68988   -1.68937   -1.68882   -1.68875   -1.68775   -1.68762   -1.68701
  -1.68693   -1.68647   -1.68588   -1.68510   -1.68443   -1.68342   -1.68334   -1.68129
  -1.68050   -1.66818   -1.66520   -1.66389   -1.66375   -1.66330   -1.65953   -1.65672
  -1.65539   -1.65527   -1.65470   -0.68929   -0.68838   -0.68811   -0.68788   -0.68768
  -0.68128   -0.68020   -0.68016   -0.68009   -0.67996   -0.67933   -0.67925   -0.67889
  -0.67800   -0.67773   -0.67578   -0.67572   -0.67538   -0.67448   -0.67428   -0.67330
  -0.67179   -0.67161   -0.67134   -0.67119   -0.40216   -0.40064   -0.39802   -0.39565
  -0.39532   -0.37272   -0.36249   -0.20813   -0.20197   -0.20194   -0.20080   -0.19850
  -0.19849   -0.19615   -0.19615   -0.19474   -0.19474   -0.19259   -0.19258   -0.17909
  -0.17498   -0.16215   -0.11130   -0.11118   -0.04495   -0.04387    0.00345    0.01250
   0.01712    0.01766    0.01794    0.01893    0.02327    0.03190    0.03226    0.03927
   0.04300    0.05299    0.09164    0.09547    0.10451    0.12414    0.12830    0.13785
   0.14299    0.16115    0.16180    0.16377    0.16803    0.16823    0.16881    0.17207
 kpt#  54, nband=120, wtk=  1.00000, kpt=  0.0000  0.5000  0.1875 (reduced coord)
  -4.74614   -4.74614   -2.98187   -2.98186   -2.98144   -2.98143   -2.98089   -2.98089
  -1.69471   -1.69469   -1.69436   -1.69302   -1.69249   -1.69127   -1.69122   -1.69075
  -1.69018   -1.68998   -1.68969   -1.68936   -1.68851   -1.68791   -1.68758   -1.68744
  -1.68661   -1.68660   -1.68625   -1.68599   -1.68501   -1.68450   -1.68395   -1.68115
  -1.68046   -1.66811   -1.66495   -1.66420   -1.66420   -1.66400   -1.65956   -1.65653
  -1.65573   -1.65558   -1.65552   -0.68945   -0.68834   -0.68808   -0.68792   -0.68771
  -0.68144   -0.68023   -0.68013   -0.68012   -0.67993   -0.67930   -0.67930   -0.67897
  -0.67804   -0.67777   -0.67585   -0.67575   -0.67539   -0.67453   -0.67433   -0.67345
  -0.67184   -0.67166   -0.67130   -0.67116   -0.40216   -0.40064   -0.39802   -0.39566
  -0.39532   -0.37272   -0.36249   -0.20813   -0.20197   -0.20194   -0.20080   -0.19850
  -0.19848   -0.19613   -0.19613   -0.19513   -0.19512   -0.19273   -0.19272   -0.17909
  -0.17498   -0.16215   -0.11130   -0.11118   -0.04495   -0.04387    0.00344    0.01248
   0.01712    0.01766    0.01792    0.01892    0.02328    0.03189    0.03225    0.03926
   0.04300    0.05299    0.09163    0.09546    0.10451    0.12415    0.12830    0.13785
   0.14298    0.16111    0.16182    0.16369    0.16805    0.16824    0.16884    0.17208
 kpt#  55, nband=120, wtk=  1.00000, kpt=  0.0000  0.5000  0.1250 (reduced coord)
  -4.74614   -4.74614   -2.98182   -2.98181   -2.98142   -2.98141   -2.98090   -2.98090
  -1.69458   -1.69444   -1.69418   -1.69223   -1.69210   -1.69135   -1.69105   -1.69102
  -1.69032   -1.68989   -1.68963   -1.68878   -1.68826   -1.68789   -1.68775   -1.68747
  -1.68681   -1.68659   -1.68615   -1.68615   -1.68523   -1.68464   -1.68405   -1.68130
  -1.68045   -1.66785   -1.66481   -1.66464   -1.66397   -1.66383   -1.65913   -1.65639
  -1.65604   -1.65574   -1.65542   -0.68939   -0.68831   -0.68804   -0.68801   -0.68771
  -0.68139   -0.68031   -0.68011   -0.68009   -0.67990   -0.67929   -0.67928   -0.67888
  -0.67812   -0.67777   -0.67583   -0.67572   -0.67532   -0.67459   -0.67432   -0.67340
  -0.67191   -0.67165   -0.67127   -0.67113   -0.40216   -0.40064   -0.39802   -0.39566
  -0.39532   -0.37272   -0.36249   -0.20813   -0.20192   -0.20189   -0.20080   -0.19853
  -0.19852   -0.19606   -0.19606   -0.19494   -0.19493   -0.19284   -0.19283   -0.17909
  -0.17499   -0.16215   -0.11130   -0.11118   -0.04495   -0.04387    0.00344    0.01248
   0.01712    0.01766    0.01792    0.01892    0.02328    0.03190    0.03225    0.03926
   0.04301    0.05299    0.09163    0.09546    0.10452    0.12416    0.12830    0.13786
   0.14298    0.16109    0.16182    0.16365    0.16808    0.16825    0.16888    0.17210
 kpt#  56, nband=120, wtk=  1.00000, kpt=  0.0000  0.5000  0.0625 (reduced coord)
  -4.74614   -4.74614   -2.98180   -2.98179   -2.98138   -2.98137   -2.98084   -2.98084
  -1.69451   -1.69438   -1.69382   -1.69223   -1.69210   -1.69126   -1.69104   -1.69084
  -1.69031   -1.68990   -1.68957   -1.68879   -1.68817   -1.68784   -1.68763   -1.68721
  -1.68666   -1.68648   -1.68615   -1.68583   -1.68520   -1.68448   -1.68404   -1.68101
  -1.68011   -1.66783   -1.66462   -1.66450   -1.66382   -1.66357   -1.65910   -1.65620
  -1.65583   -1.65541   -1.65539   -0.68939   -0.68830   -0.68804   -0.68798   -0.68766
  -0.68139   -0.68028   -0.68008   -0.68008   -0.67990   -0.67929   -0.67924   -0.67887
  -0.67811   -0.67771   -0.67583   -0.67570   -0.67532   -0.67457   -0.67427   -0.67340
  -0.67189   -0.67160   -0.67125   -0.67112   -0.40216   -0.40064   -0.39802   -0.39566
  -0.39532   -0.37272   -0.36249   -0.20813   -0.20178   -0.20175   -0.20080   -0.19853
  -0.19851   -0.19595   -0.19595   -0.19490   -0.19489   -0.19280   -0.19279   -0.17909
  -0.17499   -0.16215   -0.11129   -0.11117   -0.04495   -0.04387    0.00344    0.01248
   0.01712    0.01766    0.01792    0.01893    0.02329    0.03190    0.03226    0.03926
   0.04301    0.05300    0.09164    0.09546    0.10452    0.12416    0.12831    0.13786
   0.14299    0.16108    0.16184    0.16362    0.16810    0.16826    0.16891    0.17211
 kpt#  57, nband=120, wtk=  1.00000, kpt=  0.0000  0.5000  0.0000 (reduced coord)
  -4.74614   -4.74614   -2.98169   -2.98168   -2.98109   -2.98108   -2.98072   -2.98072
  -1.69421   -1.69396   -1.69334   -1.69172   -1.69162   -1.69094   -1.68993   -1.68967
  -1.68966   -1.68958   -1.68865   -1.68803   -1.68776   -1.68763   -1.68736   -1.68698
  -1.68628   -1.68567   -1.68500   -1.68464   -1.68464   -1.68445   -1.68319   -1.68083
  -1.68012   -1.66734   -1.66427   -1.66405   -1.66333   -1.66313   -1.65851   -1.65570
  -1.65552   -1.65485   -1.65478   -0.68933   -0.68820   -0.68795   -0.68792   -0.68755
  -0.68133   -0.68023   -0.67997   -0.67994   -0.67980   -0.67919   -0.67918   -0.67884
  -0.67804   -0.67762   -0.67573   -0.67560   -0.67524   -0.67451   -0.67415   -0.67334
  -0.67183   -0.67150   -0.67116   -0.67102   -0.40216   -0.40064   -0.39802   -0.39566
  -0.39532   -0.37272   -0.36249   -0.20813   -0.20146   -0.20144   -0.20080   -0.19813
  -0.19811   -0.19565   -0.19565   -0.19478   -0.19477   -0.19264   -0.19263   -0.17909
  -0.17499   -0.16215   -0.11128   -0.11116   -0.04495   -0.04387    0.00344    0.01251
   0.01713    0.01767    0.01798    0.01896    0.02328    0.03195    0.03231    0.03926
   0.04301    0.05300    0.09167    0.09549    0.10452    0.12416    0.12831    0.13786
   0.14299    0.16109    0.16182    0.16361    0.16812    0.16824    0.16893    0.17213
