 Eigenvalues (hartree) for nkpt=  10  k points:
 kpt#   1, nband=120, wtk=  0.06250, kpt=  0.0625  0.0625  0.5000 (reduced coord)
  -4.74614   -4.74614   -2.98375   -2.98309   -2.98088   -2.98061   -2.98047   -2.98032
  -1.69489   -1.69460   -1.69402   -1.69399   -1.69315   -1.69284   -1.69238   -1.69195
  -1.69093   -1.69088   -1.69045   -1.69028   -1.68970   -1.68919   -1.68886   -1.68816
  -1.68815   -1.68720   -1.68633   -1.68539   -1.68419   -1.68389   -1.68363   -1.68079
  -1.68029   -1.66812   -1.66699   -1.66505   -1.66400   -1.66268   -1.65927   -1.65849
  -1.65635   -1.65566   -1.65405   -0.69005   -0.68850   -0.68845   -0.68777   -0.68754
  -0.68221   -0.68052   -0.68029   -0.68017   -0.67995   -0.67941   -0.67933   -0.67919
  -0.67775   -0.67756   -0.67658   -0.67585   -0.67583   -0.67440   -0.67415   -0.67366
  -0.67164   -0.67144   -0.67143   -0.67141   -0.43830   -0.42194   -0.41645   -0.39883
  -0.39055   -0.37483   -0.36559   -0.20838   -0.20676   -0.20630   -0.20580   -0.20455
  -0.19374   -0.19223   -0.19192   -0.18638   -0.18563   -0.15556   -0.14856   -0.12111
  -0.11099   -0.08962   -0.07712   -0.07047   -0.05055   -0.03532   -0.03149   -0.02177
  -0.01881   -0.01492   -0.01300   -0.00782    0.00854    0.01569    0.02252    0.02596
   0.03708    0.04071    0.04581    0.04905    0.04994    0.06580    0.09436    0.13602
   0.15279    0.18290    0.18960    0.21009    0.22157    0.24179    0.24997    0.25157
 kpt#   2, nband=120, wtk=  0.12500, kpt=  0.1875  0.0625  0.5000 (reduced coord)
  -4.74615   -4.74613   -2.98284   -2.98179   -2.98141   -2.98072   -2.98067   -2.98037
  -1.69409   -1.69365   -1.69345   -1.69271   -1.69246   -1.69198   -1.69111   -1.69086
  -1.69016   -1.68970   -1.68953   -1.68841   -1.68793   -1.68759   -1.68717   -1.68664
  -1.68629   -1.68611   -1.68589   -1.68581   -1.68527   -1.68494   -1.68258   -1.68170
  -1.68058   -1.66750   -1.66668   -1.66366   -1.66359   -1.66296   -1.65890   -1.65804
  -1.65503   -1.65477   -1.65461   -0.68975   -0.68834   -0.68825   -0.68768   -0.68754
  -0.68185   -0.68022   -0.68007   -0.68002   -0.67990   -0.67940   -0.67935   -0.67904
  -0.67774   -0.67759   -0.67628   -0.67570   -0.67558   -0.67428   -0.67416   -0.67352
  -0.67160   -0.67147   -0.67140   -0.67125   -0.43207   -0.41673   -0.41242   -0.39546
  -0.39007   -0.37320   -0.36451   -0.20819   -0.20421   -0.20414   -0.20383   -0.20249
  -0.19420   -0.19138   -0.19046   -0.19025   -0.18691   -0.17010   -0.16612   -0.14294
  -0.12816   -0.09934   -0.09246   -0.08207   -0.05632   -0.04911   -0.02989   -0.02758
  -0.01169   -0.00634    0.00690    0.00974    0.01400    0.01998    0.02784    0.02861
   0.02960    0.03792    0.04801    0.06222    0.07445    0.08702    0.09671    0.15401
   0.16939    0.18177    0.18881    0.20032    0.21586    0.21982    0.22591    0.24187
 kpt#   3, nband=120, wtk=  0.12500, kpt=  0.3125  0.0625  0.5000 (reduced coord)
  -4.74614   -4.74613   -2.98247   -2.98100   -2.98098   -2.98080   -2.98054   -2.98051
  -1.69312   -1.69274   -1.69228   -1.69213   -1.69188   -1.69107   -1.69061   -1.68993
  -1.68936   -1.68929   -1.68880   -1.68827   -1.68756   -1.68708   -1.68690   -1.68635
  -1.68606   -1.68566   -1.68476   -1.68417   -1.68382   -1.68309   -1.68222   -1.68069
  -1.67942   -1.66670   -1.66409   -1.66350   -1.66349   -1.66206   -1.65830   -1.65579
  -1.65503   -1.65481   -1.65347   -0.68952   -0.68811   -0.68788   -0.68769   -0.68759
  -0.68156   -0.68023   -0.67998   -0.67994   -0.67965   -0.67938   -0.67895   -0.67839
  -0.67799   -0.67767   -0.67613   -0.67544   -0.67493   -0.67447   -0.67420   -0.67333
  -0.67179   -0.67153   -0.67109   -0.67078   -0.42069   -0.40802   -0.40561   -0.39190
  -0.39027   -0.37208   -0.36307   -0.20618   -0.20234   -0.20194   -0.20083   -0.19938
  -0.19631   -0.19162   -0.19148   -0.19077   -0.18973   -0.18769   -0.18701   -0.16549
  -0.15456   -0.13216   -0.09962   -0.09081   -0.07457   -0.03392   -0.01574   -0.01457
  -0.00753    0.00246    0.00731    0.01392    0.02499    0.02863    0.03264    0.03329
   0.03872    0.04327    0.04892    0.08634    0.09792    0.10491    0.11400    0.15039
   0.15995    0.16018    0.17132    0.18075    0.18308    0.19438    0.19936    0.20799
 kpt#   4, nband=120, wtk=  0.12500, kpt=  0.4375  0.0625  0.5000 (reduced coord)
  -4.74614   -4.74614   -2.98229   -2.98186   -2.98143   -2.98129   -2.98090   -2.98087
  -1.69522   -1.69384   -1.69368   -1.69302   -1.69273   -1.69225   -1.69130   -1.69088
  -1.69062   -1.69026   -1.68945   -1.68896   -1.68880   -1.68809   -1.68794   -1.68783
  -1.68732   -1.68697   -1.68610   -1.68538   -1.68486   -1.68420   -1.68408   -1.68151
  -1.68075   -1.66783   -1.66484   -1.66483   -1.66448   -1.66413   -1.65932   -1.65639
  -1.65630   -1.65605   -1.65576   -0.68953   -0.68839   -0.68800   -0.68798   -0.68775
  -0.68156   -0.68031   -0.68020   -0.68011   -0.67986   -0.67934   -0.67926   -0.67890
  -0.67808   -0.67782   -0.67597   -0.67577   -0.67532   -0.67458   -0.67435   -0.67348
  -0.67189   -0.67168   -0.67134   -0.67107   -0.40690   -0.40031   -0.39826   -0.39475
  -0.39278   -0.37214   -0.36209   -0.20502   -0.20350   -0.20093   -0.20009   -0.19843
  -0.19792   -0.19775   -0.19563   -0.19514   -0.19502   -0.19391   -0.19011   -0.17571
  -0.17314   -0.15667   -0.10885   -0.10851   -0.05588   -0.03180   -0.01078    0.00240
   0.00671    0.01310    0.01498    0.01793    0.01953    0.02343    0.03123    0.03366
   0.03751    0.04540    0.08187    0.10185    0.10460    0.11470    0.13033    0.13505
   0.13667    0.15581    0.16030    0.16548    0.17016    0.17281    0.17767    0.18428
 kpt#   5, nband=120, wtk=  0.06250, kpt=  0.1875  0.1875  0.5000 (reduced coord)
  -4.74615   -4.74613   -2.98229   -2.98156   -2.98136   -2.98112   -2.98098   -2.98037
  -1.69507   -1.69454   -1.69355   -1.69272   -1.69263   -1.69220   -1.69127   -1.69066
  -1.69038   -1.68977   -1.68949   -1.68911   -1.68832   -1.68809   -1.68723   -1.68638
  -1.68629   -1.68568   -1.68560   -1.68485   -1.68418   -1.68318   -1.68278   -1.68169
  -1.67948   -1.66761   -1.66484   -1.66466   -1.66411   -1.66237   -1.65908   -1.65623
  -1.65607   -1.65571   -1.65387   -0.68990   -0.68812   -0.68785   -0.68781   -0.68780
  -0.68197   -0.68019   -0.68015   -0.67995   -0.67972   -0.67968   -0.67878   -0.67877
  -0.67794   -0.67785   -0.67652   -0.67534   -0.67518   -0.67445   -0.67440   -0.67361
  -0.67178   -0.67171   -0.67114   -0.67086   -0.42600   -0.41170   -0.40863   -0.39232
  -0.38933   -0.37133   -0.36269   -0.21002   -0.20346   -0.20321   -0.20179   -0.20093
  -0.19376   -0.19142   -0.19109   -0.19036   -0.18781   -0.17502   -0.17117   -0.14745
  -0.13591   -0.10987   -0.09397   -0.07641   -0.07557   -0.05615   -0.05570   -0.03819
  -0.03085   -0.01837   -0.00524    0.00589    0.00699    0.02597    0.02599    0.02918
   0.03700    0.03959    0.05550    0.08756    0.09296    0.10490    0.11236    0.16198
   0.16312    0.18043    0.18519    0.18686    0.19194    0.19524    0.20614    0.21325
 kpt#   6, nband=120, wtk=  0.12500, kpt=  0.3125  0.1875  0.5000 (reduced coord)
  -4.74615   -4.74613   -2.98215   -2.98183   -2.98121   -2.98096   -2.98087   -2.98074
  -1.69420   -1.69326   -1.69276   -1.69230   -1.69224   -1.69156   -1.69099   -1.69095
  -1.69021   -1.68958   -1.68884   -1.68839   -1.68832   -1.68775   -1.68765   -1.68742
  -1.68671   -1.68611   -1.68556   -1.68534   -1.68457   -1.68407   -1.68235   -1.68218
  -1.68128   -1.66793   -1.66453   -1.66440   -1.66392   -1.66346   -1.65928   -1.65589
  -1.65569   -1.65525   -1.65489   -0.68951   -0.68882   -0.68783   -0.68780   -0.68748
  -0.68159   -0.68060   -0.68022   -0.68012   -0.67977   -0.67936   -0.67905   -0.67844
  -0.67794   -0.67790   -0.67636   -0.67578   -0.67482   -0.67442   -0.67439   -0.67335
  -0.67177   -0.67174   -0.67172   -0.67055   -0.41511   -0.40344   -0.40229   -0.38913
  -0.38906   -0.36934   -0.36007   -0.20977   -0.20093   -0.20079   -0.19975   -0.19814
  -0.19727   -0.19293   -0.19238   -0.19012   -0.18803   -0.18646   -0.18182   -0.15860
  -0.15180   -0.13041   -0.09865   -0.08434   -0.07608   -0.06936   -0.05407   -0.03423
  -0.02869   -0.01308   -0.00781   -0.00555    0.00285    0.01020    0.02002    0.02304
   0.02963    0.03236    0.06663    0.08179    0.08665    0.10409    0.10926    0.15725
   0.16150    0.17270    0.18247    0.18930    0.19464    0.20306    0.20449    0.21054
 kpt#   7, nband=120, wtk=  0.12500, kpt=  0.4375  0.1875  0.5000 (reduced coord)
  -4.74615   -4.74614   -2.98265   -2.98211   -2.98096   -2.98092   -2.98089   -2.98041
  -1.69349   -1.69280   -1.69264   -1.69244   -1.69206   -1.69189   -1.69073   -1.69050
  -1.68971   -1.68931   -1.68910   -1.68873   -1.68860   -1.68836   -1.68793   -1.68748
  -1.68702   -1.68677   -1.68565   -1.68530   -1.68475   -1.68417   -1.68324   -1.68219
  -1.68174   -1.66708   -1.66643   -1.66397   -1.66393   -1.66335   -1.65844   -1.65777
  -1.65554   -1.65527   -1.65487   -0.68933   -0.68892   -0.68790   -0.68771   -0.68765
  -0.68143   -0.68071   -0.68021   -0.67997   -0.67984   -0.67958   -0.67898   -0.67861
  -0.67801   -0.67776   -0.67638   -0.67575   -0.67502   -0.67450   -0.67422   -0.67323
  -0.67183   -0.67180   -0.67158   -0.67080   -0.40233   -0.39641   -0.39563   -0.39144
  -0.39090   -0.36836   -0.35825   -0.20649   -0.20230   -0.19969   -0.19920   -0.19754
  -0.19687   -0.19475   -0.19368   -0.19297   -0.19187   -0.18996   -0.18888   -0.16732
  -0.16456   -0.14900   -0.10474   -0.10282   -0.05614   -0.05411   -0.03497   -0.03233
  -0.02535   -0.01691   -0.01044   -0.00744    0.00066    0.00724    0.00894    0.01658
   0.01930    0.02360    0.05514    0.06506    0.06951    0.08026    0.10488    0.15828
   0.17660    0.18439    0.19056    0.19623    0.20173    0.20837    0.21367    0.21898
 kpt#   8, nband=120, wtk=  0.06250, kpt=  0.3125  0.3125  0.5000 (reduced coord)
  -4.74615   -4.74613   -2.98262   -2.98188   -2.98154   -2.98130   -2.98084   -2.98041
  -1.69461   -1.69356   -1.69342   -1.69283   -1.69281   -1.69237   -1.69166   -1.69066
  -1.69044   -1.68968   -1.68963   -1.68923   -1.68859   -1.68849   -1.68775   -1.68744
  -1.68713   -1.68659   -1.68641   -1.68606   -1.68504   -1.68330   -1.68299   -1.68242
  -1.68236   -1.66876   -1.66489   -1.66480   -1.66408   -1.66387   -1.66002   -1.65638
  -1.65627   -1.65548   -1.65526   -0.68938   -0.68928   -0.68798   -0.68785   -0.68742
  -0.68142   -0.68116   -0.68027   -0.68022   -0.68011   -0.67928   -0.67890   -0.67841
  -0.67810   -0.67795   -0.67683   -0.67566   -0.67477   -0.67454   -0.67442   -0.67323
  -0.67224   -0.67189   -0.67176   -0.67048   -0.40545   -0.39690   -0.39623   -0.38788
  -0.38605   -0.36544   -0.35567   -0.21138   -0.20139   -0.20031   -0.19938   -0.19766
  -0.19540   -0.19248   -0.19244   -0.18993   -0.18922   -0.18227   -0.17586   -0.15111
  -0.14820   -0.13084   -0.10312   -0.09901   -0.08388   -0.08268   -0.05699   -0.05404
  -0.04621   -0.02980   -0.02640   -0.01602   -0.01577   -0.00605   -0.00136    0.00359
   0.00774    0.02065    0.03436    0.05288    0.06175    0.07765    0.09655    0.17603
   0.19554    0.19677    0.20877    0.20932    0.21674    0.22566    0.22972    0.24027
 kpt#   9, nband=120, wtk=  0.12500, kpt=  0.4375  0.3125  0.5000 (reduced coord)
  -4.74615   -4.74614   -2.98250   -2.98200   -2.98138   -2.98109   -2.98070   -2.98069
  -1.69416   -1.69320   -1.69299   -1.69267   -1.69231   -1.69198   -1.69126   -1.69061
  -1.68988   -1.68957   -1.68946   -1.68902   -1.68859   -1.68836   -1.68793   -1.68746
  -1.68719   -1.68692   -1.68628   -1.68558   -1.68530   -1.68415   -1.68369   -1.68245
  -1.68137   -1.66703   -1.66630   -1.66467   -1.66417   -1.66370   -1.65836   -1.65766
  -1.65606   -1.65552   -1.65534   -0.68937   -0.68922   -0.68794   -0.68790   -0.68747
  -0.68148   -0.68109   -0.68027   -0.68020   -0.68011   -0.67934   -0.67878   -0.67847
  -0.67802   -0.67800   -0.67681   -0.67561   -0.67481   -0.67453   -0.67449   -0.67312
  -0.67216   -0.67186   -0.67181   -0.67055   -0.39503   -0.39157   -0.39054   -0.38834
  -0.38678   -0.36268   -0.35246   -0.20980   -0.20502   -0.19941   -0.19869   -0.19628
  -0.19321   -0.19228   -0.19189   -0.19096   -0.18923   -0.18220   -0.17451   -0.15243
  -0.14840   -0.13513   -0.10066   -0.09618   -0.09441   -0.08034   -0.06164   -0.05544
  -0.05253   -0.04026   -0.03365   -0.03079   -0.02883   -0.01479   -0.01274   -0.00639
  -0.00148    0.00789    0.01521    0.02269    0.04151    0.05763    0.09923    0.17254
   0.20856    0.20993    0.21763    0.22216    0.22439    0.23508    0.24307    0.24374
 kpt#  10, nband=120, wtk=  0.06250, kpt=  0.4375  0.4375  0.5000 (reduced coord)
  -4.74614   -4.74614   -2.98236   -2.98148   -2.98142   -2.98102   -2.98065   -2.98046
  -1.69312   -1.69236   -1.69222   -1.69187   -1.69141   -1.69141   -1.69072   -1.69012
  -1.68984   -1.68962   -1.68930   -1.68891   -1.68862   -1.68813   -1.68770   -1.68735
  -1.68716   -1.68662   -1.68639   -1.68576   -1.68427   -1.68421   -1.68285   -1.68176
  -1.68067   -1.66684   -1.66610   -1.66398   -1.66303   -1.66298   -1.65822   -1.65760
  -1.65470   -1.65468   -1.65446   -0.68962   -0.68908   -0.68783   -0.68779   -0.68733
  -0.68149   -0.68125   -0.68030   -0.68010   -0.68006   -0.67920   -0.67866   -0.67833
  -0.67794   -0.67791   -0.67708   -0.67545   -0.67466   -0.67437   -0.67434   -0.67298
  -0.67239   -0.67172   -0.67169   -0.67042   -0.38863   -0.38811   -0.38691   -0.38628
  -0.38383   -0.35837   -0.34807   -0.21059   -0.20842   -0.19821   -0.19782   -0.19414
  -0.19174   -0.19078   -0.19055   -0.19051   -0.18980   -0.16737   -0.15845   -0.13699
  -0.13168   -0.11935   -0.11462   -0.09932   -0.09867   -0.09688   -0.08872   -0.08527
  -0.07263   -0.06039   -0.04476   -0.03872   -0.03341   -0.02990   -0.02450   -0.01852
  -0.01727   -0.01621   -0.00905   -0.00658    0.04224    0.05270    0.10084    0.18184
   0.20585    0.20909    0.21306    0.21585    0.23581    0.23872    0.23976    0.24644
