 Fermi (or HOMO) energy (hartree) =   0.17342   Average Vxc (hartree)=  -0.33221
 Eigenvalues (hartree) for nkpt=  21  k points:
 kpt#   1, nband=153, wtk=  0.02778, kpt=  0.0417  0.0417  0.2500 (reduced coord)
  -1.65194   -1.65138   -1.65033   -1.65020   -1.65006   -1.64986   -1.64950   -1.64896
  -1.64855   -1.64782   -1.64740   -1.64721   -1.64704   -1.64607   -1.64577   -1.64550
  -1.64489   -1.64443   -1.64431   -1.64428   -1.64387   -1.64338   -1.64238   -1.64221
  -1.64162   -1.64110   -1.64097   -1.64061   -1.63994   -1.63987   -1.63956   -1.63688
  -1.63675   -1.63451   -1.63390   -1.62374   -1.62310   -1.62233   -1.62154   -1.62101
  -1.61971   -1.61913   -1.61877   -1.61719   -1.61711   -0.64381   -0.64373   -0.64282
  -0.64209   -0.64192   -0.64180   -0.64171   -0.64116   -0.64092   -0.64091   -0.64089
  -0.64079   -0.64075   -0.64053   -0.63986   -0.63981   -0.63965   -0.63958   -0.63947
  -0.63942   -0.63924   -0.63840   -0.63833   -0.63812   -0.63807   -0.63718   -0.63672
  -0.63623   -0.63604   -0.63567   -0.63553   -0.63527   -0.63473   -0.63460   -0.63445
  -0.63415   -0.63411   -0.63409   -0.63392   -0.63375   -0.63373   -0.63359   -0.63358
  -0.63325   -0.63321   -0.40023   -0.39506   -0.38709   -0.37647   -0.36393   -0.35046
  -0.33836   -0.32821   -0.32649   -0.11466   -0.11430   -0.10377   -0.10171   -0.08508
  -0.07958   -0.05978   -0.05881   -0.03431   -0.02823   -0.01442   -0.01014   -0.00389
   0.00056    0.00166    0.00561    0.01276    0.01761    0.01929    0.02667    0.03083
   0.03719    0.04471    0.05095    0.05583    0.05708    0.06100    0.06366    0.06610
   0.06872    0.07651    0.07803    0.09705    0.10938    0.13336    0.14562    0.22410
   0.24153    0.25536    0.25933    0.26203    0.27255    0.28517    0.28594    0.30041
   0.30236    0.30393    0.30448    0.30927    0.31002    0.31387    0.31509    0.31758
   0.32138
 kpt#   2, nband=153, wtk=  0.05556, kpt=  0.1250  0.0417  0.2500 (reduced coord)
  -1.65146   -1.65075   -1.65045   -1.64903   -1.64887   -1.64851   -1.64799   -1.64760
  -1.64743   -1.64707   -1.64676   -1.64641   -1.64618   -1.64591   -1.64528   -1.64500
  -1.64479   -1.64460   -1.64415   -1.64386   -1.64365   -1.64335   -1.64305   -1.64279
  -1.64238   -1.64216   -1.64174   -1.64146   -1.64108   -1.64068   -1.64023   -1.63767
  -1.63681   -1.63575   -1.63449   -1.62374   -1.62328   -1.62218   -1.62190   -1.62074
  -1.61961   -1.61934   -1.61906   -1.61760   -1.61727   -0.64361   -0.64347   -0.64256
  -0.64194   -0.64177   -0.64174   -0.64167   -0.64103   -0.64097   -0.64088   -0.64085
  -0.64077   -0.64065   -0.64048   -0.64000   -0.63992   -0.63972   -0.63962   -0.63953
  -0.63946   -0.63940   -0.63847   -0.63841   -0.63821   -0.63815   -0.63697   -0.63650
  -0.63611   -0.63599   -0.63559   -0.63548   -0.63532   -0.63482   -0.63461   -0.63446
  -0.63421   -0.63409   -0.63403   -0.63396   -0.63382   -0.63378   -0.63371   -0.63364
  -0.63336   -0.63329   -0.39729   -0.39225   -0.38451   -0.37422   -0.36213   -0.34927
  -0.33791   -0.32785   -0.32640   -0.12303   -0.12246   -0.11179   -0.10990   -0.09332
  -0.09230   -0.07155   -0.06486   -0.04800   -0.03778   -0.02769   -0.00881   -0.00540
   0.00290    0.00560    0.01777    0.02054    0.02368    0.03098    0.03314    0.04032
   0.04495    0.04806    0.04839    0.05650    0.06103    0.06560    0.06708    0.06929
   0.07186    0.09391    0.09704    0.10430    0.11693    0.13413    0.14949    0.21932
   0.23978    0.25020    0.26822    0.27319    0.27369    0.27389    0.27502    0.28013
   0.28627    0.29032    0.29201    0.29286    0.29745    0.29769    0.30202    0.30505
   0.31332
 kpt#   3, nband=153, wtk=  0.05556, kpt=  0.2083  0.0417  0.2500 (reduced coord)
  -1.65129   -1.64967   -1.64920   -1.64867   -1.64833   -1.64786   -1.64754   -1.64722
  -1.64690   -1.64657   -1.64589   -1.64561   -1.64526   -1.64488   -1.64479   -1.64422
  -1.64402   -1.64356   -1.64325   -1.64300   -1.64276   -1.64210   -1.64192   -1.64086
  -1.64070   -1.64036   -1.64007   -1.63966   -1.63941   -1.63828   -1.63726   -1.63697
  -1.63692   -1.63513   -1.63434   -1.62241   -1.62137   -1.62112   -1.62007   -1.61932
  -1.61894   -1.61848   -1.61787   -1.61755   -1.61706   -0.64326   -0.64318   -0.64226
  -0.64161   -0.64150   -0.64144   -0.64141   -0.64097   -0.64093   -0.64089   -0.64067
  -0.64059   -0.64056   -0.64045   -0.63981   -0.63976   -0.63972   -0.63941   -0.63929
  -0.63920   -0.63874   -0.63855   -0.63842   -0.63830   -0.63807   -0.63669   -0.63621
  -0.63578   -0.63569   -0.63527   -0.63521   -0.63504   -0.63468   -0.63454   -0.63447
  -0.63403   -0.63400   -0.63383   -0.63379   -0.63371   -0.63363   -0.63353   -0.63346
  -0.63335   -0.63326   -0.39157   -0.38681   -0.37958   -0.37005   -0.35897   -0.34747
  -0.33780   -0.32751   -0.32628   -0.13674   -0.13588   -0.12585   -0.12372   -0.10989
  -0.10789   -0.09006   -0.07330   -0.06051   -0.05842   -0.03078   -0.00277   -0.00081
   0.00935    0.01163    0.02429    0.03039    0.03704    0.03751    0.04607    0.04765
   0.05016    0.05628    0.06006    0.06139    0.06597    0.06966    0.07212    0.07382
   0.08687    0.11208    0.11713    0.12151    0.13074    0.13726    0.15455    0.21267
   0.22322    0.23960    0.24056    0.24614    0.24907    0.24994    0.26175    0.26783
   0.27379    0.27414    0.27689    0.27940    0.28349    0.28764    0.28955    0.29050
   0.29412
 kpt#   4, nband=153, wtk=  0.05556, kpt=  0.2917  0.0417  0.2500 (reduced coord)
  -1.65016   -1.64950   -1.64886   -1.64867   -1.64794   -1.64779   -1.64725   -1.64614
  -1.64544   -1.64530   -1.64471   -1.64446   -1.64382   -1.64360   -1.64318   -1.64257
  -1.64234   -1.64205   -1.64171   -1.64106   -1.64084   -1.63996   -1.63975   -1.63932
  -1.63898   -1.63872   -1.63846   -1.63833   -1.63789   -1.63771   -1.63746   -1.63624
  -1.63565   -1.63381   -1.63324   -1.62145   -1.62036   -1.61938   -1.61899   -1.61842
  -1.61770   -1.61751   -1.61703   -1.61628   -1.61509   -0.64299   -0.64278   -0.64186
  -0.64135   -0.64130   -0.64112   -0.64098   -0.64089   -0.64086   -0.64075   -0.64057
  -0.64045   -0.64025   -0.64000   -0.63981   -0.63965   -0.63961   -0.63909   -0.63898
  -0.63872   -0.63863   -0.63841   -0.63837   -0.63826   -0.63810   -0.63639   -0.63584
  -0.63557   -0.63522   -0.63509   -0.63492   -0.63472   -0.63463   -0.63439   -0.63424
  -0.63400   -0.63392   -0.63389   -0.63363   -0.63356   -0.63349   -0.63328   -0.63322
  -0.63318   -0.63286   -0.38344   -0.37919   -0.37286   -0.36465   -0.35542   -0.34634
  -0.33956   -0.32745   -0.32622   -0.15108   -0.15011   -0.14047   -0.13830   -0.12480
  -0.12447   -0.10962   -0.09357   -0.08258   -0.05387   -0.02505    0.00465    0.01171
   0.02069    0.02222    0.02315    0.03502    0.04051    0.04713    0.04794    0.05681
   0.06157    0.06927    0.07010    0.07036    0.07239    0.07798    0.07903    0.08290
   0.10567    0.12743    0.13435    0.14169    0.14407    0.15004    0.15741    0.20037
   0.20905    0.21074    0.21166    0.21648    0.22333    0.23113    0.23876    0.24624
   0.24724    0.24811    0.25412    0.25717    0.25783    0.26355    0.26922    0.27104
   0.27492
 kpt#   5, nband=153, wtk=  0.05556, kpt=  0.3750  0.0417  0.2500 (reduced coord)
  -1.65023   -1.64954   -1.64912   -1.64865   -1.64798   -1.64741   -1.64723   -1.64665
  -1.64576   -1.64536   -1.64517   -1.64491   -1.64451   -1.64434   -1.64374   -1.64352
  -1.64325   -1.64303   -1.64259   -1.64207   -1.64198   -1.64181   -1.64166   -1.64143
  -1.64126   -1.64050   -1.63975   -1.63963   -1.63922   -1.63916   -1.63820   -1.63703
  -1.63632   -1.63427   -1.63369   -1.62222   -1.62085   -1.61971   -1.61962   -1.61912
  -1.61863   -1.61817   -1.61798   -1.61745   -1.61677   -0.64283   -0.64268   -0.64169
  -0.64153   -0.64144   -0.64123   -0.64120   -0.64108   -0.64098   -0.64081   -0.64069
  -0.64060   -0.64023   -0.64018   -0.63992   -0.63982   -0.63968   -0.63930   -0.63914
  -0.63903   -0.63891   -0.63875   -0.63849   -0.63831   -0.63814   -0.63618   -0.63578
  -0.63564   -0.63536   -0.63525   -0.63507   -0.63488   -0.63470   -0.63458   -0.63441
  -0.63416   -0.63400   -0.63389   -0.63378   -0.63373   -0.63364   -0.63353   -0.63342
  -0.63329   -0.63320   -0.37354   -0.37013   -0.36529   -0.35930   -0.35309   -0.34771
  -0.34453   -0.32751   -0.32631   -0.16233   -0.16148   -0.15113   -0.15035   -0.13621
  -0.13488   -0.12474   -0.11240   -0.10310   -0.04204   -0.01419    0.00687    0.01615
   0.02760    0.03247    0.03535    0.03608    0.04813    0.05240    0.05825    0.05889
   0.06711    0.07083    0.07162    0.07450    0.08233    0.08362    0.09423    0.10596
   0.12603    0.14150    0.14813    0.15181    0.15438    0.16167    0.16544    0.18346
   0.18961    0.19130    0.19313    0.19711    0.20438    0.21650    0.21867    0.22436
   0.22758    0.22793    0.23102    0.23423    0.23486    0.24261    0.24489    0.24902
   0.26137
 kpt#   6, nband=153, wtk=  0.05556, kpt=  0.4583  0.0417  0.2500 (reduced coord)
  -1.65125   -1.65077   -1.64948   -1.64913   -1.64803   -1.64750   -1.64729   -1.64696
  -1.64632   -1.64612   -1.64542   -1.64511   -1.64494   -1.64458   -1.64423   -1.64410
  -1.64356   -1.64339   -1.64322   -1.64286   -1.64255   -1.64229   -1.64169   -1.64092
  -1.64067   -1.64038   -1.64018   -1.63994   -1.63963   -1.63890   -1.63867   -1.63790
  -1.63674   -1.63509   -1.63454   -1.62323   -1.62187   -1.62068   -1.61970   -1.61938
  -1.61888   -1.61842   -1.61793   -1.61753   -1.61703   -0.64275   -0.64259   -0.64179
  -0.64171   -0.64146   -0.64138   -0.64129   -0.64121   -0.64092   -0.64089   -0.64073
  -0.64069   -0.64031   -0.64022   -0.63988   -0.63978   -0.63974   -0.63941   -0.63929
  -0.63920   -0.63896   -0.63876   -0.63851   -0.63828   -0.63815   -0.63611   -0.63591
  -0.63564   -0.63547   -0.63536   -0.63509   -0.63499   -0.63478   -0.63462   -0.63438
  -0.63424   -0.63397   -0.63393   -0.63388   -0.63377   -0.63370   -0.63359   -0.63347
  -0.63341   -0.63328   -0.36285   -0.36079   -0.35834   -0.35580   -0.35385   -0.35278
  -0.35260   -0.32756   -0.32644   -0.16881   -0.16713   -0.15840   -0.15517   -0.14265
  -0.13972   -0.12819   -0.12506   -0.11796   -0.02709   -0.01035    0.00003    0.01615
   0.03035    0.04519    0.04565    0.05109    0.05134    0.06003    0.06128    0.06263
   0.06341    0.06369    0.07020    0.07451    0.08482    0.08623    0.11869    0.12956
   0.14123    0.14515    0.14949    0.15368    0.15861    0.16457    0.16611    0.17361
   0.18119    0.18244    0.18448    0.19330    0.19628    0.20058    0.20795    0.21051
   0.21175    0.21738    0.22061    0.22230    0.22635    0.23396    0.23420    0.24059
   0.24213
 kpt#   7, nband=153, wtk=  0.02778, kpt=  0.1250  0.1250  0.2500 (reduced coord)
  -1.65140   -1.64983   -1.64971   -1.64908   -1.64844   -1.64819   -1.64756   -1.64697
  -1.64671   -1.64660   -1.64617   -1.64594   -1.64534   -1.64527   -1.64493   -1.64465
  -1.64386   -1.64379   -1.64374   -1.64346   -1.64298   -1.64297   -1.64262   -1.64258
  -1.64153   -1.64141   -1.64102   -1.64062   -1.64043   -1.63913   -1.63898   -1.63776
  -1.63713   -1.63693   -1.63323   -1.62293   -1.62276   -1.62161   -1.62119   -1.61965
  -1.61936   -1.61912   -1.61812   -1.61744   -1.61725   -0.64338   -0.64324   -0.64234
  -0.64175   -0.64167   -0.64160   -0.64154   -0.64096   -0.64095   -0.64088   -0.64076
  -0.64073   -0.64064   -0.64052   -0.63989   -0.63980   -0.63971   -0.63954   -0.63945
  -0.63930   -0.63924   -0.63851   -0.63844   -0.63825   -0.63806   -0.63677   -0.63628
  -0.63599   -0.63580   -0.63545   -0.63528   -0.63513   -0.63481   -0.63459   -0.63446
  -0.63410   -0.63403   -0.63401   -0.63390   -0.63379   -0.63373   -0.63365   -0.63356
  -0.63337   -0.63327   -0.39437   -0.38946   -0.38195   -0.37200   -0.36036   -0.34810
  -0.33747   -0.32739   -0.32607   -0.12815   -0.12737   -0.11700   -0.11480   -0.09898
  -0.09827   -0.07886   -0.06620   -0.05455   -0.04581   -0.02779   -0.02332   -0.01693
  -0.00718    0.00517    0.00561    0.01889    0.03350    0.03417    0.04355    0.04673
   0.04891    0.05224    0.05644    0.05977    0.06079    0.06515    0.06634    0.07345
   0.08505    0.11170    0.11641    0.11855    0.12771    0.13957    0.15561    0.21519
   0.23032    0.24025    0.24094    0.24855    0.24992    0.25147    0.26594    0.27454
   0.28052    0.28509    0.28573    0.29178    0.29268    0.29836    0.30085    0.30168
   0.30321
 kpt#   8, nband=153, wtk=  0.05556, kpt=  0.2083  0.1250  0.2500 (reduced coord)
  -1.65040   -1.64999   -1.64914   -1.64854   -1.64748   -1.64713   -1.64677   -1.64658
  -1.64604   -1.64552   -1.64512   -1.64485   -1.64469   -1.64432   -1.64400   -1.64365
  -1.64318   -1.64310   -1.64296   -1.64256   -1.64226   -1.64180   -1.64129   -1.64099
  -1.64078   -1.64037   -1.64005   -1.63978   -1.63959   -1.63815   -1.63769   -1.63648
  -1.63540   -1.63393   -1.63327   -1.62182   -1.62134   -1.62044   -1.62001   -1.61915
  -1.61885   -1.61796   -1.61722   -1.61698   -1.61585   -0.64321   -0.64298   -0.64213
  -0.64151   -0.64146   -0.64129   -0.64116   -0.64097   -0.64089   -0.64079   -0.64075
  -0.64049   -0.64033   -0.64027   -0.63982   -0.63976   -0.63972   -0.63937   -0.63915
  -0.63888   -0.63873   -0.63850   -0.63838   -0.63831   -0.63815   -0.63660   -0.63608
  -0.63570   -0.63546   -0.63521   -0.63501   -0.63494   -0.63457   -0.63449   -0.63444
  -0.63400   -0.63398   -0.63383   -0.63379   -0.63365   -0.63352   -0.63349   -0.63344
  -0.63330   -0.63315   -0.38871   -0.38409   -0.37709   -0.36788   -0.35725   -0.34633
  -0.33735   -0.32677   -0.32555   -0.13780   -0.13679   -0.12692   -0.12447   -0.10991
  -0.10951   -0.09245   -0.07579   -0.06275   -0.05701   -0.02977   -0.02257   -0.02051
  -0.01009    0.00059    0.01169    0.01519    0.03011    0.03420    0.04221    0.04433
   0.05418    0.05740    0.05933    0.06544    0.07563    0.07636    0.07737    0.08620
   0.10551    0.12843    0.12915    0.13460    0.14149    0.14937    0.16495    0.20539
   0.20697    0.21541    0.21644    0.22201    0.22699    0.23281    0.24677    0.25001
   0.25864    0.26551    0.27119    0.29097    0.29543    0.29586    0.29945    0.30264
   0.30374
 kpt#   9, nband=153, wtk=  0.05556, kpt=  0.2917  0.1250  0.2500 (reduced coord)
  -1.65093   -1.64910   -1.64854   -1.64791   -1.64757   -1.64667   -1.64633   -1.64584
  -1.64538   -1.64491   -1.64444   -1.64422   -1.64401   -1.64384   -1.64336   -1.64272
  -1.64244   -1.64193   -1.64149   -1.64090   -1.64057   -1.64021   -1.63990   -1.63975
  -1.63959   -1.63928   -1.63895   -1.63854   -1.63813   -1.63765   -1.63673   -1.63589
  -1.63539   -1.63408   -1.63375   -1.62095   -1.61983   -1.61940   -1.61880   -1.61847
  -1.61778   -1.61718   -1.61690   -1.61673   -1.61584   -0.64293   -0.64268   -0.64190
  -0.64145   -0.64137   -0.64110   -0.64094   -0.64081   -0.64081   -0.64073   -0.64067
  -0.64041   -0.64011   -0.63991   -0.63981   -0.63962   -0.63955   -0.63925   -0.63910
  -0.63864   -0.63858   -0.63850   -0.63843   -0.63828   -0.63814   -0.63636   -0.63582
  -0.63555   -0.63510   -0.63506   -0.63482   -0.63469   -0.63454   -0.63438   -0.63433
  -0.63400   -0.63390   -0.63385   -0.63371   -0.63367   -0.63355   -0.63334   -0.63331
  -0.63315   -0.63288   -0.38071   -0.37659   -0.37048   -0.36259   -0.35377   -0.34519
  -0.33893   -0.32627   -0.32504   -0.14929   -0.14826   -0.13857   -0.13637   -0.12280
  -0.12189   -0.10853   -0.09314   -0.08245   -0.05084   -0.02602   -0.01485   -0.01405
  -0.00316    0.00482    0.01965    0.02070    0.02144    0.03437    0.04219    0.05059
   0.05272    0.05695    0.05952    0.06800    0.07441    0.07883    0.10062    0.10950
   0.12470    0.12619    0.13451    0.14125    0.14611    0.15938    0.16973    0.18915
   0.18939    0.20115    0.20212    0.21396    0.21463    0.22174    0.22434    0.22847
   0.23691    0.23889    0.26318    0.27177    0.28056    0.28062    0.28634    0.29510
   0.30031
 kpt#  10, nband=153, wtk=  0.05556, kpt=  0.3750  0.1250  0.2500 (reduced coord)
  -1.65013   -1.64907   -1.64810   -1.64762   -1.64737   -1.64724   -1.64675   -1.64643
  -1.64586   -1.64547   -1.64527   -1.64516   -1.64457   -1.64447   -1.64409   -1.64345
  -1.64329   -1.64285   -1.64250   -1.64220   -1.64204   -1.64147   -1.64113   -1.64085
  -1.64072   -1.64046   -1.63979   -1.63952   -1.63917   -1.63899   -1.63799   -1.63639
  -1.63574   -1.63414   -1.63341   -1.62203   -1.62071   -1.61956   -1.61925   -1.61894
  -1.61848   -1.61799   -1.61768   -1.61734   -1.61650   -0.64275   -0.64263   -0.64195
  -0.64178   -0.64153   -0.64117   -0.64102   -0.64097   -0.64092   -0.64087   -0.64077
  -0.64063   -0.64010   -0.63996   -0.63989   -0.63968   -0.63964   -0.63954   -0.63924
  -0.63887   -0.63869   -0.63865   -0.63846   -0.63833   -0.63804   -0.63624   -0.63587
  -0.63572   -0.63532   -0.63522   -0.63491   -0.63478   -0.63463   -0.63447   -0.63440
  -0.63412   -0.63404   -0.63395   -0.63386   -0.63371   -0.63359   -0.63353   -0.63338
  -0.63321   -0.63299   -0.37105   -0.36775   -0.36310   -0.35739   -0.35149   -0.34642
  -0.34347   -0.32592   -0.32473   -0.15912   -0.15818   -0.14778   -0.14715   -0.13266
  -0.13144   -0.12129   -0.10990   -0.10088   -0.03977   -0.01607   -0.00258   -0.00021
   0.00636    0.00971    0.01593    0.02906    0.03108    0.03207    0.04258    0.04999
   0.05109    0.05653    0.05943    0.06142    0.07322    0.07575    0.11703    0.11949
   0.12585    0.12617    0.13412    0.13929    0.14086    0.16011    0.16272    0.18479
   0.18727    0.19459    0.19615    0.20661    0.20938    0.21548    0.21908    0.22461
   0.22604    0.23143    0.25167    0.26182    0.26479    0.27023    0.27441    0.27980
   0.28185
 kpt#  11, nband=153, wtk=  0.05556, kpt=  0.4583  0.1250  0.2500 (reduced coord)
  -1.64956   -1.64926   -1.64885   -1.64852   -1.64828   -1.64793   -1.64743   -1.64702
  -1.64692   -1.64591   -1.64575   -1.64542   -1.64525   -1.64500   -1.64482   -1.64457
  -1.64419   -1.64396   -1.64378   -1.64325   -1.64315   -1.64287   -1.64270   -1.64225
  -1.64205   -1.64178   -1.64112   -1.64102   -1.64067   -1.63982   -1.63948   -1.63750
  -1.63706   -1.63593   -1.63545   -1.62345   -1.62220   -1.62175   -1.62051   -1.62006
  -1.61951   -1.61871   -1.61817   -1.61798   -1.61720   -0.64279   -0.64262   -0.64215
  -0.64205   -0.64151   -0.64127   -0.64124   -0.64119   -0.64116   -0.64105   -0.64088
  -0.64062   -0.64026   -0.64020   -0.63996   -0.63990   -0.63983   -0.63973   -0.63944
  -0.63909   -0.63897   -0.63878   -0.63860   -0.63850   -0.63810   -0.63638   -0.63603
  -0.63588   -0.63548   -0.63540   -0.63516   -0.63495   -0.63480   -0.63465   -0.63443
  -0.63427   -0.63421   -0.63407   -0.63398   -0.63385   -0.63373   -0.63366   -0.63358
  -0.63341   -0.63323   -0.36073   -0.35875   -0.35642   -0.35401   -0.35217   -0.35114
  -0.35097   -0.32574   -0.32462   -0.16500   -0.16327   -0.15466   -0.15131   -0.13894
  -0.13583   -0.12420   -0.12135   -0.11445   -0.02564   -0.00980   -0.00208    0.01384
   0.01409    0.01799    0.02574    0.03040    0.03294    0.03679    0.03958    0.04264
   0.04857    0.04935    0.05241    0.05761    0.07305    0.07534    0.11979    0.12419
   0.12538    0.12752    0.12996    0.13253    0.14027    0.14678    0.16190    0.18707
   0.19297    0.19673    0.19742    0.20372    0.20631    0.21142    0.21826    0.22047
   0.22364    0.23003    0.24676    0.25338    0.26101    0.26426    0.27287    0.27459
   0.27979
 kpt#  12, nband=153, wtk=  0.02778, kpt=  0.2083  0.2083  0.2500 (reduced coord)
  -1.65129   -1.65094   -1.64926   -1.64878   -1.64869   -1.64748   -1.64703   -1.64670
  -1.64648   -1.64563   -1.64528   -1.64518   -1.64473   -1.64440   -1.64372   -1.64322
  -1.64252   -1.64215   -1.64205   -1.64159   -1.64137   -1.64113   -1.64097   -1.64097
  -1.64069   -1.64035   -1.64035   -1.64017   -1.63962   -1.63798   -1.63772   -1.63573
  -1.63428   -1.63422   -1.63343   -1.62226   -1.62079   -1.62016   -1.61954   -1.61932
  -1.61850   -1.61804   -1.61780   -1.61718   -1.61513   -0.64326   -0.64287   -0.64206
  -0.64160   -0.64146   -0.64110   -0.64105   -0.64099   -0.64092   -0.64088   -0.64088
  -0.64043   -0.64039   -0.64008   -0.63985   -0.63980   -0.63973   -0.63929   -0.63900
  -0.63885   -0.63873   -0.63852   -0.63849   -0.63834   -0.63825   -0.63661   -0.63611
  -0.63559   -0.63530   -0.63519   -0.63494   -0.63480   -0.63462   -0.63455   -0.63446
  -0.63405   -0.63405   -0.63388   -0.63381   -0.63374   -0.63354   -0.63352   -0.63333
  -0.63329   -0.63305   -0.38320   -0.37887   -0.37237   -0.36389   -0.35425   -0.34459
  -0.33710   -0.32555   -0.32433   -0.14099   -0.13982   -0.13011   -0.12746   -0.11367
  -0.11168   -0.09799   -0.08246   -0.07085   -0.05161   -0.04261   -0.03605   -0.02602
  -0.01984   -0.01325    0.00104    0.01638    0.01647    0.02771    0.03071    0.04133
   0.04560    0.05046    0.05116    0.06901    0.07495    0.07922    0.10532    0.11310
   0.11622    0.12775    0.12977    0.13900    0.14854    0.15673    0.17342    0.19213
   0.19614    0.20464    0.20764    0.21780    0.22153    0.22659    0.22864    0.23132
   0.24001    0.24356    0.26316    0.28794    0.30100    0.30136    0.30718    0.30828
   0.31199
 kpt#  13, nband=153, wtk=  0.05556, kpt=  0.2917  0.2083  0.2500 (reduced coord)
  -1.65099   -1.65033   -1.64962   -1.64908   -1.64840   -1.64812   -1.64775   -1.64738
  -1.64649   -1.64628   -1.64592   -1.64551   -1.64497   -1.64440   -1.64419   -1.64393
  -1.64360   -1.64334   -1.64322   -1.64253   -1.64248   -1.64178   -1.64165   -1.64108
  -1.64059   -1.64024   -1.64003   -1.63963   -1.63920   -1.63858   -1.63822   -1.63727
  -1.63702   -1.63572   -1.63475   -1.62292   -1.62165   -1.62042   -1.61979   -1.61933
  -1.61889   -1.61845   -1.61814   -1.61767   -1.61712   -0.64294   -0.64271   -0.64225
  -0.64214   -0.64182   -0.64142   -0.64113   -0.64108   -0.64087   -0.64084   -0.64082
  -0.64076   -0.64019   -0.64006   -0.63990   -0.63989   -0.63976   -0.63962   -0.63955
  -0.63876   -0.63868   -0.63865   -0.63847   -0.63835   -0.63827   -0.63660   -0.63611
  -0.63595   -0.63545   -0.63509   -0.63506   -0.63471   -0.63467   -0.63452   -0.63450
  -0.63429   -0.63421   -0.63408   -0.63395   -0.63390   -0.63378   -0.63364   -0.63351
  -0.63316   -0.63290   -0.37552   -0.37167   -0.36604   -0.35883   -0.35090   -0.34340
  -0.33821   -0.32421   -0.32299   -0.14671   -0.14560   -0.13562   -0.13379   -0.11990
  -0.11752   -0.10652   -0.09335   -0.08346   -0.04582   -0.04551   -0.03761   -0.03053
  -0.01731   -0.01151   -0.00263    0.01224    0.01735    0.02436    0.02657    0.03716
   0.03801    0.04159    0.05488    0.05604    0.06787    0.07080    0.09316    0.11150
   0.12213    0.12409    0.12587    0.13470    0.13826    0.15257    0.16136    0.19936
   0.20257    0.20349    0.21041    0.21564    0.21628    0.23121    0.23191    0.23567
   0.24406    0.24995    0.27315    0.27587    0.29737    0.29915    0.30700    0.31068
   0.31587
 kpt#  14, nband=153, wtk=  0.05556, kpt=  0.3750  0.2083  0.2500 (reduced coord)
  -1.65017   -1.64973   -1.64933   -1.64854   -1.64834   -1.64767   -1.64706   -1.64683
  -1.64628   -1.64570   -1.64555   -1.64529   -1.64512   -1.64486   -1.64469   -1.64421
  -1.64397   -1.64358   -1.64323   -1.64285   -1.64231   -1.64209   -1.64178   -1.64163
  -1.64139   -1.64103   -1.64053   -1.63965   -1.63953   -1.63918   -1.63833   -1.63733
  -1.63606   -1.63581   -1.63518   -1.62348   -1.62131   -1.62108   -1.61989   -1.61945
  -1.61928   -1.61862   -1.61797   -1.61741   -1.61665   -0.64289   -0.64269   -0.64251
  -0.64243   -0.64174   -0.64155   -0.64111   -0.64098   -0.64094   -0.64087   -0.64084
  -0.64071   -0.64009   -0.64002   -0.63995   -0.63990   -0.63967   -0.63957   -0.63948
  -0.63880   -0.63875   -0.63856   -0.63847   -0.63844   -0.63808   -0.63668   -0.63619
  -0.63606   -0.63551   -0.63517   -0.63491   -0.63474   -0.63466   -0.63455   -0.63443
  -0.63436   -0.63412   -0.63403   -0.63392   -0.63385   -0.63379   -0.63358   -0.63339
  -0.63328   -0.63287   -0.36637   -0.36332   -0.35909   -0.35393   -0.34869   -0.34427
  -0.34181   -0.32311   -0.32193   -0.15319   -0.15202   -0.14188   -0.14089   -0.12593
  -0.12525   -0.11424   -0.10546   -0.09719   -0.03842   -0.03648   -0.02685   -0.02425
  -0.01102   -0.00195    0.00410    0.00464    0.01622    0.02070    0.02824    0.02941
   0.03296    0.03348    0.04194    0.04937    0.05862    0.06053    0.07987    0.09605
   0.10696    0.11389    0.11846    0.12275    0.12548    0.14636    0.14899    0.20941
   0.21361    0.21456    0.21489    0.21946    0.23212    0.23310    0.24826    0.25085
   0.26101    0.26208    0.26734    0.28359    0.29614    0.29819    0.30186    0.30458
   0.30579
 kpt#  15, nband=153, wtk=  0.05556, kpt=  0.4583  0.2083  0.2500 (reduced coord)
  -1.65026   -1.64983   -1.64936   -1.64862   -1.64823   -1.64757   -1.64685   -1.64671
  -1.64664   -1.64578   -1.64565   -1.64509   -1.64480   -1.64451   -1.64421   -1.64397
  -1.64381   -1.64368   -1.64351   -1.64315   -1.64304   -1.64279   -1.64253   -1.64227
  -1.64209   -1.64171   -1.64116   -1.64072   -1.64019   -1.63951   -1.63876   -1.63721
  -1.63684   -1.63642   -1.63589   -1.62278   -1.62170   -1.62117   -1.62059   -1.62017
  -1.61972   -1.61927   -1.61827   -1.61786   -1.61656   -0.64274   -0.64266   -0.64242
  -0.64225   -0.64163   -0.64150   -0.64126   -0.64109   -0.64104   -0.64098   -0.64089
  -0.64076   -0.64013   -0.64009   -0.63994   -0.63989   -0.63974   -0.63960   -0.63959
  -0.63893   -0.63883   -0.63870   -0.63865   -0.63856   -0.63817   -0.63663   -0.63614
  -0.63596   -0.63542   -0.63527   -0.63496   -0.63481   -0.63475   -0.63456   -0.63446
  -0.63435   -0.63413   -0.63408   -0.63403   -0.63396   -0.63391   -0.63365   -0.63349
  -0.63336   -0.63315   -0.35684   -0.35503   -0.35295   -0.35081   -0.34919   -0.34829
  -0.34812   -0.32248   -0.32137   -0.15758   -0.15577   -0.14737   -0.14376   -0.13173
  -0.12823   -0.11644   -0.11413   -0.10771   -0.02575   -0.02010   -0.01134   -0.01068
  -0.00972   -0.00009    0.00210    0.00722    0.00767    0.01280    0.01921    0.02271
   0.02561    0.03181    0.03684    0.03734    0.05726    0.05957    0.08555    0.09152
   0.09445    0.10108    0.10293    0.10471    0.12203    0.13314    0.15046    0.20581
   0.22147    0.23189    0.23339    0.23379    0.24427    0.24693    0.24955    0.25183
   0.25975    0.26130    0.27019    0.27881    0.29032    0.29950    0.30959    0.31036
   0.31095
 kpt#  16, nband=153, wtk=  0.02778, kpt=  0.2917  0.2917  0.2500 (reduced coord)
  -1.65134   -1.64982   -1.64981   -1.64910   -1.64844   -1.64840   -1.64823   -1.64738
  -1.64686   -1.64662   -1.64622   -1.64568   -1.64566   -1.64513   -1.64433   -1.64365
  -1.64340   -1.64284   -1.64261   -1.64249   -1.64223   -1.64218   -1.64134   -1.64103
  -1.64069   -1.64034   -1.63976   -1.63953   -1.63833   -1.63818   -1.63772   -1.63738
  -1.63696   -1.63686   -1.63510   -1.62381   -1.62258   -1.62011   -1.61973   -1.61953
  -1.61904   -1.61788   -1.61768   -1.61753   -1.61730   -0.64289   -0.64274   -0.64264
  -0.64248   -0.64183   -0.64157   -0.64110   -0.64109   -0.64098   -0.64095   -0.64058
  -0.64056   -0.64042   -0.64014   -0.63988   -0.63971   -0.63968   -0.63966   -0.63962
  -0.63884   -0.63881   -0.63848   -0.63831   -0.63825   -0.63819   -0.63692   -0.63641
  -0.63596   -0.63546   -0.63503   -0.63487   -0.63466   -0.63464   -0.63458   -0.63457
  -0.63436   -0.63431   -0.63402   -0.63402   -0.63392   -0.63389   -0.63358   -0.63358
  -0.63294   -0.63267   -0.36837   -0.36500   -0.36018   -0.35415   -0.34773   -0.34195
  -0.33832   -0.32182   -0.32062   -0.14518   -0.14393   -0.13349   -0.13261   -0.11712
  -0.11579   -0.10349   -0.09563   -0.08714   -0.06126   -0.05459   -0.04435   -0.03545
  -0.03129   -0.01659   -0.00434   -0.00058    0.00939    0.01441    0.02343    0.02579
   0.02934    0.03081    0.03529    0.04350    0.05027    0.05204    0.06809    0.09031
   0.10173    0.11154    0.11519    0.12099    0.12179    0.14456    0.14810    0.21492
   0.22301    0.22308    0.22484    0.22854    0.24017    0.24118    0.25766    0.26284
   0.27185    0.27769    0.28441    0.28999    0.29007    0.29844    0.30883    0.31780
   0.31883
 kpt#  17, nband=153, wtk=  0.05556, kpt=  0.3750  0.2917  0.2500 (reduced coord)
  -1.65048   -1.65030   -1.64944   -1.64868   -1.64765   -1.64742   -1.64705   -1.64663
  -1.64610   -1.64570   -1.64548   -1.64523   -1.64479   -1.64443   -1.64425   -1.64394
  -1.64356   -1.64295   -1.64228   -1.64213   -1.64179   -1.64138   -1.64108   -1.64079
  -1.64061   -1.64036   -1.64004   -1.63983   -1.63957   -1.63887   -1.63855   -1.63725
  -1.63702   -1.63677   -1.63431   -1.62258   -1.62144   -1.62034   -1.61991   -1.61949
  -1.61890   -1.61865   -1.61773   -1.61698   -1.61662   -0.64275   -0.64266   -0.64251
  -0.64238   -0.64187   -0.64148   -0.64119   -0.64104   -0.64088   -0.64085   -0.64065
  -0.64056   -0.64031   -0.64000   -0.63995   -0.63973   -0.63968   -0.63961   -0.63948
  -0.63880   -0.63877   -0.63848   -0.63839   -0.63827   -0.63824   -0.63689   -0.63637
  -0.63584   -0.63531   -0.63497   -0.63484   -0.63468   -0.63463   -0.63448   -0.63443
  -0.63435   -0.63428   -0.63409   -0.63400   -0.63393   -0.63386   -0.63356   -0.63346
  -0.63301   -0.63273   -0.36012   -0.35748   -0.35393   -0.34971   -0.34553   -0.34212
  -0.34038   -0.31973   -0.31858   -0.14580   -0.14421   -0.13490   -0.13244   -0.11858
  -0.11632   -0.10352   -0.10000   -0.09319   -0.06035   -0.05577   -0.04601   -0.03366
  -0.02489   -0.01903   -0.00538   -0.00211    0.00102    0.00478    0.01106    0.01225
   0.01431    0.02016    0.02828    0.03096    0.03468    0.03738    0.05500    0.07341
   0.08121    0.09255    0.09498    0.10180    0.11191    0.13761    0.14502    0.22059
   0.22619    0.24950    0.25059    0.25581    0.26156    0.26311    0.26833    0.28422
   0.28443    0.28520    0.30086    0.30356    0.30554    0.30996    0.31136    0.31454
   0.31935
 kpt#  18, nband=153, wtk=  0.05556, kpt=  0.4583  0.2917  0.2500 (reduced coord)
  -1.64985   -1.64955   -1.64934   -1.64898   -1.64865   -1.64822   -1.64726   -1.64682
  -1.64648   -1.64603   -1.64539   -1.64499   -1.64478   -1.64455   -1.64445   -1.64415
  -1.64390   -1.64371   -1.64300   -1.64264   -1.64253   -1.64209   -1.64190   -1.64164
  -1.64129   -1.64080   -1.64054   -1.64020   -1.64002   -1.63968   -1.63878   -1.63759
  -1.63731   -1.63675   -1.63548   -1.62264   -1.62176   -1.62099   -1.62054   -1.61994
  -1.61958   -1.61926   -1.61806   -1.61766   -1.61637   -0.64281   -0.64279   -0.64269
  -0.64247   -0.64195   -0.64164   -0.64124   -0.64105   -0.64097   -0.64088   -0.64073
  -0.64062   -0.64030   -0.63997   -0.63994   -0.63989   -0.63972   -0.63968   -0.63947
  -0.63885   -0.63871   -0.63860   -0.63854   -0.63837   -0.63834   -0.63700   -0.63651
  -0.63587   -0.63537   -0.63501   -0.63491   -0.63474   -0.63466   -0.63455   -0.63449
  -0.63443   -0.63424   -0.63420   -0.63406   -0.63395   -0.63391   -0.63368   -0.63354
  -0.63310   -0.63282   -0.35191   -0.35036   -0.34866   -0.34694   -0.34567   -0.34501
  -0.34482   -0.31853   -0.31742   -0.14717   -0.14522   -0.13710   -0.13305   -0.12154
  -0.11738   -0.10558   -0.10389   -0.09837   -0.04511   -0.04409   -0.03536   -0.02569
  -0.02457   -0.02336   -0.01702   -0.01299   -0.00796   -0.00778    0.00163    0.00912
   0.00988    0.01359    0.01685    0.02132    0.03853    0.04048    0.05399    0.06277
   0.06426    0.07158    0.08047    0.08929    0.11638    0.12832    0.14760    0.21663
   0.23666    0.25035    0.27321    0.27387    0.27543    0.28243    0.28461    0.28565
   0.28698    0.29686    0.29793    0.30398    0.30502    0.30787    0.31867    0.32061
   0.32568
 kpt#  19, nband=153, wtk=  0.02778, kpt=  0.3750  0.3750  0.2500 (reduced coord)
  -1.65100   -1.65036   -1.64899   -1.64896   -1.64815   -1.64778   -1.64734   -1.64716
  -1.64680   -1.64669   -1.64605   -1.64560   -1.64547   -1.64518   -1.64505   -1.64447
  -1.64408   -1.64369   -1.64341   -1.64298   -1.64278   -1.64259   -1.64244   -1.64237
  -1.64179   -1.64144   -1.64118   -1.64076   -1.64062   -1.64001   -1.63878   -1.63781
  -1.63706   -1.63574   -1.63440   -1.62252   -1.62168   -1.62137   -1.62064   -1.62062
  -1.62004   -1.61992   -1.61785   -1.61732   -1.61656   -0.64300   -0.64288   -0.64276
  -0.64245   -0.64210   -0.64158   -0.64119   -0.64111   -0.64104   -0.64099   -0.64073
  -0.64070   -0.64054   -0.64010   -0.64002   -0.63984   -0.63978   -0.63963   -0.63948
  -0.63897   -0.63879   -0.63863   -0.63854   -0.63845   -0.63825   -0.63715   -0.63667
  -0.63587   -0.63536   -0.63503   -0.63499   -0.63479   -0.63467   -0.63464   -0.63455
  -0.63444   -0.63436   -0.63420   -0.63414   -0.63403   -0.63395   -0.63369   -0.63349
  -0.63313   -0.63286   -0.35326   -0.35123   -0.34869   -0.34579   -0.34313   -0.34109
  -0.34027   -0.31671   -0.31559   -0.13911   -0.13709   -0.12871   -0.12459   -0.11265
  -0.10779   -0.09487   -0.09410   -0.08634   -0.07533   -0.06858   -0.05821   -0.04498
  -0.03005   -0.02292   -0.02071   -0.01739   -0.01369   -0.00984   -0.00746    0.00175
   0.00668    0.01066    0.01127    0.01359    0.01908    0.01982    0.04227    0.05609
   0.05846    0.06731    0.07544    0.09156    0.11239    0.13207    0.14630    0.22382
   0.23823    0.26205    0.27632    0.28069    0.28139    0.28308    0.29042    0.29189
   0.29466    0.30724    0.30757    0.30974    0.31331    0.32039    0.32381    0.32534
   0.33692
 kpt#  20, nband=153, wtk=  0.05556, kpt=  0.4583  0.3750  0.2500 (reduced coord)
  -1.65060   -1.64959   -1.64931   -1.64888   -1.64835   -1.64812   -1.64784   -1.64747
  -1.64704   -1.64673   -1.64647   -1.64609   -1.64590   -1.64555   -1.64524   -1.64446
  -1.64424   -1.64398   -1.64384   -1.64368   -1.64352   -1.64278   -1.64267   -1.64224
  -1.64169   -1.64152   -1.64122   -1.64081   -1.63965   -1.63861   -1.63809   -1.63748
  -1.63630   -1.63509   -1.63414   -1.62276   -1.62200   -1.62167   -1.62102   -1.62060
  -1.61975   -1.61916   -1.61831   -1.61703   -1.61601   -0.64306   -0.64299   -0.64277
  -0.64244   -0.64219   -0.64166   -0.64119   -0.64109   -0.64106   -0.64096   -0.64085
  -0.64075   -0.64070   -0.64009   -0.63999   -0.63974   -0.63973   -0.63967   -0.63944
  -0.63891   -0.63876   -0.63872   -0.63840   -0.63835   -0.63830   -0.63725   -0.63675
  -0.63592   -0.63543   -0.63505   -0.63499   -0.63480   -0.63467   -0.63461   -0.63453
  -0.63447   -0.63432   -0.63415   -0.63405   -0.63401   -0.63388   -0.63362   -0.63356
  -0.63314   -0.63285   -0.34698   -0.34577   -0.34458   -0.34342   -0.34270   -0.34235
  -0.34210   -0.31492   -0.31382   -0.13537   -0.13321   -0.12527   -0.12057   -0.10953
  -0.10447   -0.09402   -0.09151   -0.08733   -0.06394   -0.06381   -0.05513   -0.04538
  -0.04363   -0.04351   -0.03592   -0.02855   -0.02836   -0.01388   -0.01222   -0.00838
  -0.00184    0.00262    0.00290    0.00974    0.01901    0.02263    0.03366    0.03633
   0.04435    0.04685    0.07528    0.08497    0.11724    0.12716    0.14809    0.22513
   0.24766    0.25873    0.27474    0.28036    0.28862    0.29041    0.29310    0.29747
   0.30986    0.31435    0.31568    0.32266    0.32646    0.32938    0.33984    0.34176
   0.34484
 kpt#  21, nband=153, wtk=  0.02778, kpt=  0.4583  0.4583  0.2500 (reduced coord)
  -1.65032   -1.64959   -1.64926   -1.64925   -1.64850   -1.64771   -1.64751   -1.64723
  -1.64688   -1.64656   -1.64568   -1.64539   -1.64516   -1.64435   -1.64424   -1.64409
  -1.64365   -1.64333   -1.64316   -1.64300   -1.64295   -1.64281   -1.64274   -1.64200
  -1.64190   -1.64153   -1.64144   -1.64083   -1.64032   -1.63936   -1.63838   -1.63723
  -1.63695   -1.63447   -1.63384   -1.62242   -1.62184   -1.62111   -1.62061   -1.62048
  -1.62011   -1.61933   -1.61826   -1.61637   -1.61589   -0.64304   -0.64301   -0.64264
  -0.64235   -0.64220   -0.64157   -0.64118   -0.64115   -0.64111   -0.64105   -0.64076
  -0.64063   -0.64052   -0.64006   -0.63991   -0.63982   -0.63965   -0.63958   -0.63939
  -0.63897   -0.63893   -0.63856   -0.63839   -0.63831   -0.63822   -0.63732   -0.63682
  -0.63585   -0.63538   -0.63493   -0.63493   -0.63479   -0.63466   -0.63462   -0.63454
  -0.63435   -0.63430   -0.63422   -0.63410   -0.63404   -0.63393   -0.63360   -0.63351
  -0.63301   -0.63273   -0.34327   -0.34247   -0.34191   -0.34160   -0.34128   -0.34112
  -0.34090   -0.31275   -0.31165   -0.12617   -0.12380   -0.11567   -0.11020   -0.09898
  -0.09259   -0.08597   -0.08279   -0.07913   -0.07601   -0.06584   -0.06557   -0.06306
  -0.06005   -0.05226   -0.05086   -0.04589   -0.03723   -0.03145   -0.02071   -0.01575
  -0.00507   -0.00388   -0.00079    0.00206    0.00699    0.01269    0.01607    0.01956
   0.03461    0.04164    0.07597    0.08352    0.11907    0.12684    0.14900    0.23039
   0.25484    0.26318    0.26903    0.27115    0.28484    0.28628    0.30135    0.30504
   0.30716    0.31610    0.32487    0.32510    0.34199    0.34398    0.35521    0.35636
   0.35973
