
 **** DERIVATIVE DATABASE ****    
+DDB, Version number    100401

  Note : temporary (transfer) database

    usepaw         0
     natom        18
      nkpt        21
    nsppol         1
      nsym         8
    ntypat         2
    occopt         1
     nband       153
     acell  0.77624316804222D+01  0.77624316804222D+01  0.77624316804222D+01
       amu  0.11871000000000D+03  0.78960000000000D+02
   dilatmx  0.10000000000000D+01
      ecut  0.22500000000000D+02
    ecutsm  0.00000000000000D+00
     intxc         0
      iscf        17
       ixc   -101130
       kpt  0.41666666666667D-01  0.41666666666667D-01  0.25000000000000D+00
            0.12500000000000D+00  0.41666666666667D-01  0.25000000000000D+00
            0.20833333333333D+00  0.41666666666667D-01  0.25000000000000D+00
            0.29166666666667D+00  0.41666666666667D-01  0.25000000000000D+00
            0.37500000000000D+00  0.41666666666667D-01  0.25000000000000D+00
            0.45833333333333D+00  0.41666666666667D-01  0.25000000000000D+00
            0.12500000000000D+00  0.12500000000000D+00  0.25000000000000D+00
            0.20833333333333D+00  0.12500000000000D+00  0.25000000000000D+00
            0.29166666666667D+00  0.12500000000000D+00  0.25000000000000D+00
            0.37500000000000D+00  0.12500000000000D+00  0.25000000000000D+00
            0.45833333333333D+00  0.12500000000000D+00  0.25000000000000D+00
            0.20833333333333D+00  0.20833333333333D+00  0.25000000000000D+00
            0.29166666666667D+00  0.20833333333333D+00  0.25000000000000D+00
            0.37500000000000D+00  0.20833333333333D+00  0.25000000000000D+00
            0.45833333333333D+00  0.20833333333333D+00  0.25000000000000D+00
            0.29166666666667D+00  0.29166666666667D+00  0.25000000000000D+00
            0.37500000000000D+00  0.29166666666667D+00  0.25000000000000D+00
            0.45833333333333D+00  0.29166666666667D+00  0.25000000000000D+00
            0.37500000000000D+00  0.37500000000000D+00  0.25000000000000D+00
            0.45833333333333D+00  0.37500000000000D+00  0.25000000000000D+00
            0.45833333333333D+00  0.45833333333333D+00  0.25000000000000D+00
    kptnrm  0.10000000000000D+01
     ngfft        36   36  256
    nspden         1
   nspinor         1
       occ  0.20000000000000D+01  0.20000000000000D+01  0.20000000000000D+01
            0.20000000000000D+01  0.20000000000000D+01  0.20000000000000D+01
            0.20000000000000D+01  0.20000000000000D+01  0.20000000000000D+01
            0.20000000000000D+01  0.20000000000000D+01  0.20000000000000D+01
            0.20000000000000D+01  0.20000000000000D+01  0.20000000000000D+01
            0.20000000000000D+01  0.20000000000000D+01  0.20000000000000D+01
            0.20000000000000D+01  0.20000000000000D+01  0.20000000000000D+01
            0.20000000000000D+01  0.20000000000000D+01  0.20000000000000D+01
            0.20000000000000D+01  0.20000000000000D+01  0.20000000000000D+01
            0.20000000000000D+01  0.20000000000000D+01  0.20000000000000D+01
            0.20000000000000D+01  0.20000000000000D+01  0.20000000000000D+01
            0.20000000000000D+01  0.20000000000000D+01  0.20000000000000D+01
            0.20000000000000D+01  0.20000000000000D+01  0.20000000000000D+01
            0.20000000000000D+01  0.20000000000000D+01  0.20000000000000D+01
            0.20000000000000D+01  0.20000000000000D+01  0.20000000000000D+01
            0.20000000000000D+01  0.20000000000000D+01  0.20000000000000D+01
            0.20000000000000D+01  0.20000000000000D+01  0.20000000000000D+01
            0.20000000000000D+01  0.20000000000000D+01  0.20000000000000D+01
            0.20000000000000D+01  0.20000000000000D+01  0.20000000000000D+01
            0.20000000000000D+01  0.20000000000000D+01  0.20000000000000D+01
            0.20000000000000D+01  0.20000000000000D+01  0.20000000000000D+01
            0.20000000000000D+01  0.20000000000000D+01  0.20000000000000D+01
            0.20000000000000D+01  0.20000000000000D+01  0.20000000000000D+01
            0.20000000000000D+01  0.20000000000000D+01  0.20000000000000D+01
            0.20000000000000D+01  0.20000000000000D+01  0.20000000000000D+01
            0.20000000000000D+01  0.20000000000000D+01  0.20000000000000D+01
            0.20000000000000D+01  0.20000000000000D+01  0.20000000000000D+01
            0.20000000000000D+01  0.20000000000000D+01  0.20000000000000D+01
            0.20000000000000D+01  0.20000000000000D+01  0.20000000000000D+01
            0.20000000000000D+01  0.20000000000000D+01  0.20000000000000D+01
            0.20000000000000D+01  0.20000000000000D+01  0.20000000000000D+01
            0.20000000000000D+01  0.20000000000000D+01  0.20000000000000D+01
            0.20000000000000D+01  0.20000000000000D+01  0.20000000000000D+01
            0.20000000000000D+01  0.20000000000000D+01  0.20000000000000D+01
            0.20000000000000D+01  0.20000000000000D+01  0.20000000000000D+01
            0.20000000000000D+01  0.20000000000000D+01  0.20000000000000D+01
            0.20000000000000D+01  0.20000000000000D+01  0.20000000000000D+01
            0.20000000000000D+01  0.20000000000000D+01  0.20000000000000D+01
            0.20000000000000D+01  0.20000000000000D+01  0.20000000000000D+01
            0.20000000000000D+01  0.20000000000000D+01  0.20000000000000D+01
            0.20000000000000D+01  0.20000000000000D+01  0.20000000000000D+01
            0.20000000000000D+01  0.20000000000000D+01  0.20000000000000D+01
            0.20000000000000D+01  0.20000000000000D+01  0.20000000000000D+01
            0.20000000000000D+01  0.20000000000000D+01  0.20000000000000D+01
            0.20000000000000D+01  0.20000000000000D+01  0.20000000000000D+01
            0.00000000000000D+00  0.00000000000000D+00  0.00000000000000D+00
            0.00000000000000D+00  0.00000000000000D+00  0.00000000000000D+00
            0.00000000000000D+00  0.00000000000000D+00  0.00000000000000D+00
            0.00000000000000D+00  0.00000000000000D+00  0.00000000000000D+00
            0.00000000000000D+00  0.00000000000000D+00  0.00000000000000D+00
            0.00000000000000D+00  0.00000000000000D+00  0.00000000000000D+00
     rprim  0.10000000000000D+01  0.00000000000000D+00  0.00000000000000D+00
            0.00000000000000D+00  0.10000000000000D+01  0.00000000000000D+00
            0.00000000000000D+00  0.00000000000000D+00  0.75729970187711D+01
  dfpt_sciss  0.00000000000000D+00
    spinat  0.00000000000000D+00  0.00000000000000D+00  0.00000000000000D+00
            0.00000000000000D+00  0.00000000000000D+00  0.00000000000000D+00
            0.00000000000000D+00  0.00000000000000D+00  0.00000000000000D+00
            0.00000000000000D+00  0.00000000000000D+00  0.00000000000000D+00
            0.00000000000000D+00  0.00000000000000D+00  0.00000000000000D+00
            0.00000000000000D+00  0.00000000000000D+00  0.00000000000000D+00
            0.00000000000000D+00  0.00000000000000D+00  0.00000000000000D+00
            0.00000000000000D+00  0.00000000000000D+00  0.00000000000000D+00
            0.00000000000000D+00  0.00000000000000D+00  0.00000000000000D+00
            0.00000000000000D+00  0.00000000000000D+00  0.00000000000000D+00
            0.00000000000000D+00  0.00000000000000D+00  0.00000000000000D+00
            0.00000000000000D+00  0.00000000000000D+00  0.00000000000000D+00
            0.00000000000000D+00  0.00000000000000D+00  0.00000000000000D+00
            0.00000000000000D+00  0.00000000000000D+00  0.00000000000000D+00
            0.00000000000000D+00  0.00000000000000D+00  0.00000000000000D+00
            0.00000000000000D+00  0.00000000000000D+00  0.00000000000000D+00
            0.00000000000000D+00  0.00000000000000D+00  0.00000000000000D+00
            0.00000000000000D+00  0.00000000000000D+00  0.00000000000000D+00
    symafm         1    1    1    1    1    1    1    1
    symrel         1    0    0    0    1    0    0    0    1
                   1    0    0    0   -1    0    0    0    1
                  -1    0    0    0   -1    0    0    0    1
                  -1    0    0    0    1    0    0    0    1
                   0    1    0    1    0    0    0    0    1
                   0    1    0   -1    0    0    0    0    1
                   0   -1    0   -1    0    0    0    0    1
                   0   -1    0    1    0    0    0    0    1
     tnons  0.00000000000000D+00  0.00000000000000D+00  0.00000000000000D+00
            0.00000000000000D+00  0.00000000000000D+00  0.00000000000000D+00
           -0.11102230246252D-15  0.00000000000000D+00  0.00000000000000D+00
           -0.11102230246252D-15  0.00000000000000D+00  0.00000000000000D+00
            0.50000000000000D+00  0.50000000000000D+00  0.00000000000000D+00
            0.50000000000000D+00  0.50000000000000D+00  0.00000000000000D+00
            0.50000000000000D+00  0.50000000000000D+00  0.00000000000000D+00
            0.50000000000000D+00  0.50000000000000D+00  0.00000000000000D+00
    tolwfr  0.10000000000000D+01
   tphysel  0.00000000000000D+00
    tsmear  0.10000000000000D-01
     typat         1    1    1    1    1    1    1    1    1    2    2    2
                   2    2    2    2    2    2
       wtk  0.27777777777778D-01  0.55555555555556D-01  0.55555555555556D-01
            0.55555555555556D-01  0.55555555555556D-01  0.55555555555556D-01
            0.27777777777778D-01  0.55555555555556D-01  0.55555555555556D-01
            0.55555555555556D-01  0.55555555555556D-01  0.27777777777778D-01
            0.55555555555556D-01  0.55555555555556D-01  0.55555555555556D-01
            0.27777777777778D-01  0.55555555555556D-01  0.55555555555556D-01
            0.27777777777778D-01  0.55555555555556D-01  0.27777777777778D-01
      xred  0.50000000000000D+00  0.00000000000000D+00  0.15001000000000D+00
            0.00000000000000D+00  0.50000000000000D+00  0.23840100000000D+00
            0.50000000000000D+00  0.00000000000000D+00  0.32475000000000D+00
            0.00000000000000D+00  0.50000000000000D+00  0.41314100000000D+00
            0.50000000000000D+00  0.00000000000000D+00  0.49948900000000D+00
            0.00000000000000D+00  0.50000000000000D+00  0.58788000000000D+00
            0.50000000000000D+00  0.00000000000000D+00  0.67422900000000D+00
            0.00000000000000D+00  0.50000000000000D+00  0.76262000000000D+00
            0.50000000000000D+00  0.00000000000000D+00  0.84896800000000D+00
            0.00000000000000D+00  0.50000000000000D+00  0.15103200000000D+00
            0.50000000000000D+00  0.00000000000000D+00  0.23738000000000D+00
            0.00000000000000D+00  0.50000000000000D+00  0.32577100000000D+00
            0.50000000000000D+00  0.00000000000000D+00  0.41212000000000D+00
            0.00000000000000D+00  0.50000000000000D+00  0.50051100000000D+00
            0.50000000000000D+00  0.00000000000000D+00  0.58685900000000D+00
            0.00000000000000D+00  0.50000000000000D+00  0.67525000000000D+00
            0.50000000000000D+00  0.00000000000000D+00  0.76159900000000D+00
            0.00000000000000D+00  0.50000000000000D+00  0.84999000000000D+00
     znucl  0.50000000000000D+02  0.34000000000000D+02
      zion  0.14000000000000D+02  0.16000000000000D+02
 
 No information on the potentials yet 
 
 **** Database of total energy derivatives ****
 Number of data blocks=    2
  
 Total energy                 - # elements :       1
 -0.17904686808644D+04  0.00000000000000D+00
  
 1st derivatives              - # elements :      60
   1   1  0.00000000000000D+00  0.00000000000000D+00
   2   1  0.00000000000000D+00  0.00000000000000D+00
   3   1  0.76513140871131D+00  0.00000000000000D+00
   1   2  0.00000000000000D+00  0.00000000000000D+00
   2   2  0.00000000000000D+00  0.00000000000000D+00
   3   2  0.74456322851482D+00  0.00000000000000D+00
   1   3  0.00000000000000D+00  0.00000000000000D+00
   2   3  0.00000000000000D+00  0.00000000000000D+00
   3   3 -0.23940844305394D+00  0.00000000000000D+00
   1   4  0.00000000000000D+00  0.00000000000000D+00
   2   4  0.00000000000000D+00  0.00000000000000D+00
   3   4  0.95932057927329D-01  0.00000000000000D+00
   1   5  0.00000000000000D+00  0.00000000000000D+00
   2   5  0.00000000000000D+00  0.00000000000000D+00
   3   5 -0.49445170076623D-01  0.00000000000000D+00
   1   6  0.00000000000000D+00  0.00000000000000D+00
   2   6  0.00000000000000D+00  0.00000000000000D+00
   3   6  0.14528622941456D-01  0.00000000000000D+00
   1   7  0.00000000000000D+00  0.00000000000000D+00
   2   7  0.00000000000000D+00  0.00000000000000D+00
   3   7  0.14761601403417D+00  0.00000000000000D+00
   1   8  0.00000000000000D+00  0.00000000000000D+00
   2   8  0.00000000000000D+00  0.00000000000000D+00
   3   8 -0.60593237025586D+00  0.00000000000000D+00
   1   9  0.00000000000000D+00  0.00000000000000D+00
   2   9  0.00000000000000D+00  0.00000000000000D+00
   3   9 -0.81799894272140D+00  0.00000000000000D+00
   1  10  0.00000000000000D+00  0.00000000000000D+00
   2  10  0.00000000000000D+00  0.00000000000000D+00
   3  10  0.91411358463413D+00  0.00000000000000D+00
   1  11  0.00000000000000D+00  0.00000000000000D+00
   2  11  0.00000000000000D+00  0.00000000000000D+00
   3  11  0.58535980894407D+00  0.00000000000000D+00
   1  12  0.00000000000000D+00  0.00000000000000D+00
   2  12  0.00000000000000D+00  0.00000000000000D+00
   3  12 -0.76410134815842D-01  0.00000000000000D+00
   1  13  0.00000000000000D+00  0.00000000000000D+00
   2  13  0.00000000000000D+00  0.00000000000000D+00
   3  13 -0.34683275941513D-01  0.00000000000000D+00
   1  14  0.00000000000000D+00  0.00000000000000D+00
   2  14  0.00000000000000D+00  0.00000000000000D+00
   3  14  0.73839537261917D-01  0.00000000000000D+00
   1  15  0.00000000000000D+00  0.00000000000000D+00
   2  15  0.00000000000000D+00  0.00000000000000D+00
   3  15 -0.19454417107865D+00  0.00000000000000D+00
   1  16  0.00000000000000D+00  0.00000000000000D+00
   2  16  0.00000000000000D+00  0.00000000000000D+00
   3  16  0.24573829020130D+00  0.00000000000000D+00
   1  17  0.00000000000000D+00  0.00000000000000D+00
   2  17  0.00000000000000D+00  0.00000000000000D+00
   3  17 -0.75739461811325D+00  0.00000000000000D+00
   1  18  0.00000000000000D+00  0.00000000000000D+00
   2  18  0.00000000000000D+00  0.00000000000000D+00
   3  18 -0.78304936264072D+00  0.00000000000000D+00
   1  21  0.14545914851809D-01  0.00000000000000D+00
   2  21  0.14545914851809D-01  0.00000000000000D+00
   3  21  0.14198336553006D-01  0.00000000000000D+00
   1  22  0.00000000000000D+00  0.00000000000000D+00
   2  22  0.00000000000000D+00  0.00000000000000D+00
   3  22  0.00000000000000D+00  0.00000000000000D+00
