 Fermi (or HOMO) energy (hartree) =   0.12509   Average Vxc (hartree)=  -0.29504
 Eigenvalues (hartree) for nkpt=  10  k points:
 kpt#   1, nband= 77, wtk=  0.06250, kpt=  0.0625  0.0625  0.5000 (reduced coord)
  -1.69857   -1.69836   -1.69787   -1.69657   -1.69541   -1.69534   -1.69435   -1.69338
  -1.69299   -1.69251   -1.69121   -1.69019   -1.68875   -1.68634   -1.68499   -1.67218
  -1.67151   -1.67125   -1.67056   -1.66956   -1.66850   -1.66847   -1.66647   -1.66635
  -1.66540   -0.69476   -0.69285   -0.69275   -0.69210   -0.69198   -0.68570   -0.68526
  -0.68387   -0.68351   -0.68345   -0.68337   -0.68329   -0.68327   -0.68318   -0.68303
  -0.68301   -0.68279   -0.68277   -0.68252   -0.68251   -0.68246   -0.68139   -0.68124
  -0.68103   -0.68074   -0.44373   -0.42769   -0.40463   -0.38092   -0.37416   -0.15873
  -0.15547   -0.12713   -0.11758   -0.08527   -0.07651   -0.05606   -0.04193   -0.03736
  -0.02109   -0.01794   -0.01400    0.00211    0.00933    0.01587    0.01880    0.03533
   0.03748    0.06016    0.08997    0.17699    0.19997
 kpt#   2, nband= 77, wtk=  0.12500, kpt=  0.1875  0.0625  0.5000 (reduced coord)
  -1.69702   -1.69650   -1.69642   -1.69625   -1.69554   -1.69453   -1.69394   -1.69323
  -1.69308   -1.69196   -1.69153   -1.69014   -1.68842   -1.68784   -1.68563   -1.67257
  -1.67170   -1.67111   -1.67000   -1.66874   -1.66797   -1.66734   -1.66725   -1.66671
  -1.66631   -0.69443   -0.69273   -0.69268   -0.69224   -0.69205   -0.68525   -0.68490
  -0.68340   -0.68335   -0.68334   -0.68332   -0.68317   -0.68316   -0.68311   -0.68308
  -0.68304   -0.68288   -0.68283   -0.68275   -0.68259   -0.68241   -0.68158   -0.68136
  -0.68117   -0.68090   -0.43743   -0.42242   -0.40103   -0.37870   -0.37412   -0.17427
  -0.17240   -0.14923   -0.13462   -0.10475   -0.08986   -0.05496   -0.03591   -0.03384
  -0.01265    0.00099    0.00409    0.00865    0.01414    0.02071    0.02205    0.05587
   0.06805    0.07958    0.09273    0.17683    0.17924
 kpt#   3, nband= 77, wtk=  0.12500, kpt=  0.3125  0.0625  0.5000 (reduced coord)
  -1.69703   -1.69628   -1.69622   -1.69446   -1.69336   -1.69238   -1.69191   -1.69170
  -1.69082   -1.69006   -1.68933   -1.68827   -1.68755   -1.68522   -1.68324   -1.67016
  -1.66896   -1.66841   -1.66775   -1.66735   -1.66673   -1.66623   -1.66606   -1.66555
  -1.66514   -0.69409   -0.69237   -0.69225   -0.69199   -0.69195   -0.68484   -0.68446
  -0.68340   -0.68330   -0.68318   -0.68305   -0.68299   -0.68296   -0.68286   -0.68269
  -0.68264   -0.68253   -0.68237   -0.68204   -0.68200   -0.68170   -0.68151   -0.68122
  -0.68118   -0.68087   -0.42588   -0.41354   -0.39696   -0.37634   -0.37493   -0.19574
  -0.19259   -0.17164   -0.16142   -0.13821   -0.08093   -0.04004   -0.02097   -0.02060
  -0.01328    0.00100    0.02008    0.02328    0.02436    0.03030    0.04403    0.08046
   0.09005    0.10158    0.10607    0.14527    0.15540
 kpt#   4, nband= 77, wtk=  0.12500, kpt=  0.4375  0.0625  0.5000 (reduced coord)
  -1.69713   -1.69681   -1.69596   -1.69532   -1.69485   -1.69439   -1.69389   -1.69344
  -1.69187   -1.69139   -1.69029   -1.68990   -1.68940   -1.68651   -1.68578   -1.67154
  -1.67066   -1.66934   -1.66907   -1.66837   -1.66835   -1.66794   -1.66760   -1.66722
  -1.66671   -0.69410   -0.69276   -0.69247   -0.69223   -0.69206   -0.68460   -0.68455
  -0.68363   -0.68344   -0.68333   -0.68332   -0.68316   -0.68312   -0.68297   -0.68290
  -0.68285   -0.68275   -0.68258   -0.68251   -0.68240   -0.68209   -0.68186   -0.68144
  -0.68134   -0.68101   -0.41169   -0.40549   -0.39979   -0.37607   -0.37521   -0.21024
  -0.20370   -0.18154   -0.17980   -0.16351   -0.06172   -0.03746   -0.01686   -0.00197
   0.00112    0.00894    0.01314    0.02372    0.03041    0.03640    0.07728    0.09734
   0.10034    0.10311    0.12509    0.13078    0.13138
 kpt#   5, nband= 77, wtk=  0.06250, kpt=  0.1875  0.1875  0.5000 (reduced coord)
  -1.69945   -1.69665   -1.69638   -1.69563   -1.69515   -1.69431   -1.69178   -1.69158
  -1.69134   -1.69040   -1.69040   -1.68878   -1.68710   -1.68704   -1.68345   -1.67140
  -1.67045   -1.67000   -1.66898   -1.66822   -1.66793   -1.66719   -1.66679   -1.66494
  -1.66389   -0.69419   -0.69248   -0.69237   -0.69219   -0.69218   -0.68495   -0.68472
  -0.68354   -0.68339   -0.68330   -0.68325   -0.68316   -0.68311   -0.68294   -0.68290
  -0.68287   -0.68272   -0.68233   -0.68214   -0.68204   -0.68182   -0.68164   -0.68142
  -0.68122   -0.68108   -0.43129   -0.41732   -0.39767   -0.37628   -0.37326   -0.17952
  -0.17718   -0.15370   -0.14251   -0.11557   -0.08395   -0.08111   -0.06167   -0.03717
  -0.02451   -0.01182    0.00026    0.00035    0.02280    0.03196    0.05068    0.08354
   0.08406    0.09889    0.10562    0.15768    0.15796
 kpt#   6, nband= 77, wtk=  0.12500, kpt=  0.3125  0.1875  0.5000 (reduced coord)
  -1.69787   -1.69596   -1.69538   -1.69503   -1.69464   -1.69350   -1.69335   -1.69197
  -1.69021   -1.68940   -1.68921   -1.68862   -1.68732   -1.68663   -1.68554   -1.67146
  -1.66969   -1.66831   -1.66813   -1.66771   -1.66732   -1.66675   -1.66638   -1.66595
  -1.66527   -0.69396   -0.69309   -0.69217   -0.69211   -0.69179   -0.68475   -0.68440
  -0.68374   -0.68362   -0.68339   -0.68333   -0.68317   -0.68315   -0.68311   -0.68282
  -0.68252   -0.68238   -0.68238   -0.68228   -0.68199   -0.68165   -0.68142   -0.68137
  -0.68108   -0.68095   -0.42023   -0.40891   -0.39406   -0.37344   -0.37235   -0.19149
  -0.18735   -0.16451   -0.15874   -0.13659   -0.08162   -0.07559   -0.06077   -0.04040
  -0.01874   -0.01317   -0.01180   -0.00439    0.01701    0.02425    0.06167    0.07787
   0.07890    0.09584    0.10415    0.15297    0.15632
 kpt#   7, nband= 77, wtk=  0.12500, kpt=  0.4375  0.1875  0.5000 (reduced coord)
  -1.69764   -1.69614   -1.69579   -1.69565   -1.69451   -1.69424   -1.69341   -1.69305
  -1.69206   -1.69173   -1.69106   -1.69021   -1.68875   -1.68798   -1.68681   -1.67144
  -1.67074   -1.67008   -1.67003   -1.66940   -1.66895   -1.66806   -1.66756   -1.66731
  -1.66594   -0.69417   -0.69322   -0.69242   -0.69209   -0.69205   -0.68492   -0.68461
  -0.68391   -0.68380   -0.68350   -0.68339   -0.68331   -0.68307   -0.68302   -0.68291
  -0.68281   -0.68270   -0.68267   -0.68245   -0.68231   -0.68197   -0.68177   -0.68156
  -0.68135   -0.68087   -0.40705   -0.40156   -0.39653   -0.37228   -0.37144   -0.20210
  -0.19522   -0.17350   -0.17077   -0.15592   -0.06068   -0.06061   -0.04132   -0.03772
  -0.03100   -0.02278   -0.01519   -0.00650    0.01170    0.01523    0.05054    0.05775
   0.06509    0.07252    0.10013    0.15296    0.17141
 kpt#   8, nband= 77, wtk=  0.06250, kpt=  0.3125  0.3125  0.5000 (reduced coord)
  -1.70021   -1.69740   -1.69694   -1.69548   -1.69537   -1.69502   -1.69414   -1.69332
  -1.69194   -1.69095   -1.69021   -1.68846   -1.68803   -1.68770   -1.68709   -1.67361
  -1.67110   -1.66958   -1.66934   -1.66916   -1.66888   -1.66757   -1.66716   -1.66692
  -1.66617   -0.69402   -0.69371   -0.69251   -0.69222   -0.69170   -0.68474   -0.68469
  -0.68443   -0.68423   -0.68374   -0.68357   -0.68337   -0.68334   -0.68332   -0.68312
  -0.68267   -0.68249   -0.68236   -0.68222   -0.68193   -0.68190   -0.68165   -0.68154
  -0.68131   -0.68101   -0.41041   -0.40158   -0.39091   -0.36942   -0.36852   -0.18745
  -0.18123   -0.15725   -0.15456   -0.13744   -0.10867   -0.08869   -0.06339   -0.06090
  -0.03646   -0.03094   -0.02218   -0.02210   -0.01176   -0.00059    0.02807    0.04466
   0.05822    0.07097    0.09173    0.17156    0.18988
 kpt#   9, nband= 77, wtk=  0.12500, kpt=  0.4375  0.3125  0.5000 (reduced coord)
  -1.69694   -1.69609   -1.69582   -1.69573   -1.69438   -1.69360   -1.69339   -1.69279
  -1.69162   -1.69132   -1.69042   -1.68968   -1.68849   -1.68688   -1.68546   -1.67071
  -1.67031   -1.66948   -1.66918   -1.66890   -1.66875   -1.66737   -1.66651   -1.66637
  -1.66550   -0.69389   -0.69363   -0.69228   -0.69219   -0.69178   -0.68474   -0.68461
  -0.68425   -0.68411   -0.68355   -0.68339   -0.68325   -0.68318   -0.68313   -0.68300
  -0.68260   -0.68243   -0.68236   -0.68211   -0.68203   -0.68175   -0.68159   -0.68147
  -0.68115   -0.68111   -0.39959   -0.39561   -0.39202   -0.36656   -0.36574   -0.18749
  -0.17974   -0.15888   -0.15409   -0.14217   -0.10004   -0.08602   -0.06715   -0.06016
  -0.05997   -0.04692   -0.03750   -0.03563   -0.01906   -0.01336    0.01007    0.01343
   0.03642    0.05248    0.09456    0.16711    0.21206
 kpt#  10, nband= 77, wtk=  0.06250, kpt=  0.4375  0.4375  0.5000 (reduced coord)
  -1.69792   -1.69750   -1.69746   -1.69646   -1.69619   -1.69495   -1.69410   -1.69378
  -1.69345   -1.69261   -1.69139   -1.69015   -1.68925   -1.68782   -1.68754   -1.67189
  -1.67166   -1.67074   -1.67072   -1.66978   -1.66971   -1.66859   -1.66797   -1.66686
  -1.66685   -0.69410   -0.69378   -0.69257   -0.69248   -0.69186   -0.68488   -0.68478
  -0.68451   -0.68449   -0.68377   -0.68364   -0.68361   -0.68351   -0.68344   -0.68331
  -0.68254   -0.68249   -0.68247   -0.68220   -0.68214   -0.68197   -0.68196   -0.68175
  -0.68135   -0.68117   -0.39276   -0.39106   -0.38972   -0.36225   -0.36144   -0.17276
  -0.16367   -0.14321   -0.13776   -0.12490   -0.12112   -0.10469   -0.09455   -0.09095
  -0.07905   -0.06669   -0.05144   -0.04559   -0.03613   -0.03152   -0.02151   -0.01753
   0.03565    0.04845    0.09619    0.17634    0.23113
