 Fermi (or HOMO) energy (hartree) =   0.09452   Average Vxc (hartree)=  -0.27839
 Eigenvalues (hartree) for nkpt=  10  k points:
 kpt#   1, nband= 61, wtk=  0.06250, kpt=  0.0625  0.0625  0.5000 (reduced coord)
  -1.71811   -1.71667   -1.71649   -1.71499   -1.71304   -1.71297   -1.71126   -1.70988
  -1.70847   -1.70812   -1.69310   -1.69276   -1.69246   -1.69217   -1.68969   -1.68872
  -1.68841   -1.68818   -1.68644   -1.68620   -0.70818   -0.70689   -0.70634   -0.70613
  -0.70581   -0.70557   -0.70518   -0.70510   -0.70497   -0.70478   -0.70469   -0.70434
  -0.70388   -0.70387   -0.70386   -0.70353   -0.70352   -0.70344   -0.70297   -0.70290
  -0.45971   -0.43628   -0.40489   -0.39340   -0.17579   -0.16411   -0.13374   -0.11115
  -0.08897   -0.07167   -0.05538   -0.04629   -0.03011   -0.01661   -0.01600   -0.00329
  -0.00109    0.01676    0.02771    0.07095    0.14597
 kpt#   2, nband= 61, wtk=  0.12500, kpt=  0.1875  0.0625  0.5000 (reduced coord)
  -1.71620   -1.71408   -1.71400   -1.71317   -1.71226   -1.71173   -1.71087   -1.70960
  -1.70862   -1.70836   -1.69298   -1.69158   -1.69154   -1.69092   -1.68959   -1.68919
  -1.68863   -1.68775   -1.68724   -1.68605   -0.70728   -0.70621   -0.70597   -0.70592
  -0.70564   -0.70552   -0.70490   -0.70489   -0.70463   -0.70457   -0.70457   -0.70452
  -0.70394   -0.70377   -0.70372   -0.70359   -0.70357   -0.70350   -0.70341   -0.70334
  -0.45357   -0.43150   -0.40182   -0.39329   -0.19099   -0.18355   -0.15646   -0.12796
  -0.09963   -0.07017   -0.04491   -0.03724   -0.01677   -0.00722   -0.00312    0.00072
   0.00350    0.04595    0.04658    0.08068    0.13746
 kpt#   3, nband= 61, wtk=  0.12500, kpt=  0.3125  0.0625  0.5000 (reduced coord)
  -1.71468   -1.71349   -1.71315   -1.71253   -1.71135   -1.70848   -1.70835   -1.70811
  -1.70794   -1.70545   -1.69165   -1.69012   -1.68926   -1.68914   -1.68813   -1.68773
  -1.68703   -1.68636   -1.68589   -1.68462   -0.70672   -0.70620   -0.70572   -0.70535
  -0.70520   -0.70517   -0.70482   -0.70466   -0.70461   -0.70450   -0.70445   -0.70418
  -0.70382   -0.70351   -0.70351   -0.70332   -0.70318   -0.70317   -0.70310   -0.70288
  -0.44244   -0.42419   -0.39778   -0.39469   -0.21144   -0.20512   -0.18290   -0.15986
  -0.09049   -0.05419   -0.03017   -0.02519   -0.01998    0.00039    0.00640    0.01161
   0.03333    0.06692    0.07230    0.09188    0.13305
 kpt#   4, nband= 61, wtk=  0.12500, kpt=  0.4375  0.0625  0.5000 (reduced coord)
  -1.71484   -1.71421   -1.71395   -1.71353   -1.71199   -1.71118   -1.71104   -1.71096
  -1.70689   -1.70671   -1.69228   -1.69197   -1.69100   -1.69003   -1.68925   -1.68850
  -1.68835   -1.68744   -1.68643   -1.68571   -0.70654   -0.70629   -0.70595   -0.70581
  -0.70538   -0.70522   -0.70501   -0.70497   -0.70484   -0.70476   -0.70440   -0.70427
  -0.70386   -0.70383   -0.70373   -0.70363   -0.70334   -0.70327   -0.70320   -0.70307
  -0.42937   -0.42114   -0.39673   -0.39617   -0.22300   -0.21944   -0.19528   -0.18551
  -0.07120   -0.04729   -0.02977   -0.01170   -0.00411   -0.00189    0.01002    0.01629
   0.06464    0.07665    0.08452    0.09071    0.11673
 kpt#   5, nband= 61, wtk=  0.06250, kpt=  0.1875  0.1875  0.5000 (reduced coord)
  -1.71468   -1.71368   -1.71336   -1.71101   -1.71078   -1.70945   -1.70870   -1.70814
  -1.70622   -1.70496   -1.69060   -1.69044   -1.68958   -1.68904   -1.68863   -1.68739
  -1.68678   -1.68555   -1.68544   -1.68342   -0.70719   -0.70606   -0.70546   -0.70545
  -0.70534   -0.70513   -0.70466   -0.70458   -0.70454   -0.70451   -0.70434   -0.70422
  -0.70352   -0.70341   -0.70335   -0.70322   -0.70320   -0.70319   -0.70308   -0.70304
  -0.44759   -0.42695   -0.39870   -0.39254   -0.19616   -0.18809   -0.16357   -0.13785
  -0.09663   -0.09381   -0.07027   -0.03818   -0.02252   -0.01992   -0.00977    0.01362
   0.03836    0.06283    0.07199    0.09452    0.13388
 kpt#   6, nband= 61, wtk=  0.12500, kpt=  0.3125  0.1875  0.5000 (reduced coord)
  -1.71602   -1.71476   -1.71398   -1.71286   -1.71101   -1.71033   -1.70918   -1.70861
  -1.70850   -1.70770   -1.69206   -1.69155   -1.68986   -1.68982   -1.68922   -1.68783
  -1.68779   -1.68756   -1.68741   -1.68613   -0.70692   -0.70637   -0.70607   -0.70584
  -0.70513   -0.70505   -0.70492   -0.70479   -0.70463   -0.70462   -0.70450   -0.70420
  -0.70405   -0.70400   -0.70365   -0.70365   -0.70341   -0.70341   -0.70308   -0.70294
  -0.43696   -0.42020   -0.39449   -0.39247   -0.20682   -0.19977   -0.17768   -0.15820
  -0.09730   -0.08513   -0.06979   -0.04187   -0.02538   -0.02419   -0.01170    0.00420
   0.04895    0.05512    0.06589    0.09053    0.12693
 kpt#   7, nband= 61, wtk=  0.12500, kpt=  0.4375  0.1875  0.5000 (reduced coord)
  -1.71666   -1.71432   -1.71420   -1.71320   -1.71196   -1.71155   -1.71076   -1.71018
  -1.70848   -1.70816   -1.69286   -1.69175   -1.69118   -1.69104   -1.68984   -1.68861
  -1.68788   -1.68769   -1.68703   -1.68601   -0.70699   -0.70656   -0.70606   -0.70597
  -0.70522   -0.70522   -0.70510   -0.70499   -0.70477   -0.70473   -0.70469   -0.70433
  -0.70411   -0.70410   -0.70370   -0.70359   -0.70331   -0.70328   -0.70313   -0.70311
  -0.42490   -0.41761   -0.39293   -0.39244   -0.21453   -0.21132   -0.18600   -0.17810
  -0.07659   -0.07039   -0.05166   -0.04862   -0.04299   -0.03341   -0.00941   -0.00116
   0.03193    0.04035    0.05537    0.06517    0.14025
 kpt#   8, nband= 61, wtk=  0.06250, kpt=  0.3125  0.3125  0.5000 (reduced coord)
  -1.71657   -1.71601   -1.71565   -1.71413   -1.71048   -1.71039   -1.71006   -1.70983
  -1.70921   -1.70818   -1.69316   -1.69210   -1.69155   -1.69126   -1.69080   -1.68945
  -1.68818   -1.68756   -1.68680   -1.68650   -0.70698   -0.70683   -0.70602   -0.70597
  -0.70522   -0.70506   -0.70500   -0.70496   -0.70472   -0.70469   -0.70459   -0.70456
  -0.70450   -0.70449   -0.70387   -0.70375   -0.70362   -0.70359   -0.70285   -0.70283
  -0.42759   -0.41465   -0.38982   -0.38946   -0.20137   -0.19508   -0.16975   -0.15958
  -0.12412   -0.09706   -0.07101   -0.06365   -0.04273   -0.04222   -0.03721   -0.01549
   0.01367    0.02758    0.04536    0.06868    0.14517
 kpt#   9, nband= 61, wtk=  0.12500, kpt=  0.4375  0.3125  0.5000 (reduced coord)
  -1.71726   -1.71505   -1.71404   -1.71337   -1.71247   -1.71087   -1.71055   -1.70979
  -1.70939   -1.70925   -1.69286   -1.69187   -1.69098   -1.69037   -1.68959   -1.68953
  -1.68895   -1.68824   -1.68794   -1.68762   -0.70748   -0.70712   -0.70610   -0.70606
  -0.70520   -0.70506   -0.70496   -0.70491   -0.70481   -0.70479   -0.70465   -0.70438
  -0.70431   -0.70423   -0.70383   -0.70374   -0.70367   -0.70354   -0.70296   -0.70288
  -0.41779   -0.41257   -0.38719   -0.38685   -0.19909   -0.19671   -0.16791   -0.16542
  -0.11639   -0.09539   -0.08224   -0.07213   -0.06114   -0.05865   -0.03686   -0.02984
  -0.01724   -0.00120    0.04112    0.05437    0.16225
 kpt#  10, nband= 61, wtk=  0.06250, kpt=  0.4375  0.4375  0.5000 (reduced coord)
  -1.71597   -1.71471   -1.71413   -1.71358   -1.71188   -1.71038   -1.71021   -1.70986
  -1.70979   -1.70910   -1.69265   -1.69042   -1.69020   -1.68988   -1.68925   -1.68913
  -1.68899   -1.68821   -1.68748   -1.68691   -0.70740   -0.70724   -0.70626   -0.70601
  -0.70513   -0.70502   -0.70500   -0.70495   -0.70487   -0.70463   -0.70453   -0.70448
  -0.70446   -0.70424   -0.70384   -0.70365   -0.70342   -0.70333   -0.70274   -0.70268
  -0.41149   -0.40955   -0.38280   -0.38268   -0.18298   -0.18200   -0.15281   -0.14327
  -0.14032   -0.11312   -0.11296   -0.10087   -0.07900   -0.06937   -0.05693   -0.04446
  -0.03710   -0.03142    0.04562    0.05081    0.17866
