 Fermi (or HOMO) energy (hartree) =   0.04849   Average Vxc (hartree)=  -0.23378
 Eigenvalues (hartree) for nkpt=  10  k points:
 kpt#   1, nband= 52, wtk=  0.06250, kpt=  0.0625  0.0625  0.2500 (reduced coord)
  -4.85038   -4.85038   -3.08792   -3.08770   -3.08521   -3.08514   -3.08451   -3.08445
  -1.80131   -1.80060   -1.79995   -1.79916   -1.79820   -1.79498   -1.79492   -1.79390
  -1.79172   -1.79149   -1.72267   -1.72168   -1.71844   -1.71777   -1.71708   -0.75995
  -0.75715   -0.75704   -0.75285   -0.75269   -0.52292   -0.49695   -0.43441   -0.31275
  -0.31173   -0.31059   -0.31045   -0.30904   -0.29751   -0.29710   -0.29607   -0.29065
  -0.29012   -0.20483   -0.15715   -0.12708   -0.12451   -0.08414   -0.06079   -0.05797
  -0.04871   -0.03914   -0.02713    0.03192
 kpt#   2, nband= 52, wtk=  0.12500, kpt=  0.1875  0.0625  0.2500 (reduced coord)
  -4.85038   -4.85037   -3.08716   -3.08604   -3.08552   -3.08518   -3.08491   -3.08471
  -1.80046   -1.79983   -1.79939   -1.79900   -1.79722   -1.79565   -1.79363   -1.79210
  -1.79103   -1.79069   -1.72191   -1.72054   -1.71771   -1.71730   -1.71659   -0.75981
  -0.75714   -0.75693   -0.75274   -0.75237   -0.51894   -0.49638   -0.42988   -0.31241
  -0.30957   -0.30886   -0.30785   -0.30720   -0.29843   -0.29569   -0.29494   -0.29452
  -0.29064   -0.21137   -0.17801   -0.16150   -0.11733   -0.08660   -0.07240   -0.06040
  -0.04907   -0.03058   -0.00079    0.05006
 kpt#   3, nband= 52, wtk=  0.12500, kpt=  0.3125  0.0625  0.2500 (reduced coord)
  -4.85038   -4.85037   -3.08652   -3.08518   -3.08508   -3.08493   -3.08482   -3.08464
  -1.79985   -1.79889   -1.79838   -1.79592   -1.79539   -1.79408   -1.79308   -1.79185
  -1.79009   -1.78898   -1.72045   -1.71861   -1.71723   -1.71677   -1.71512   -0.75934
  -0.75725   -0.75697   -0.75231   -0.75204   -0.51227   -0.49640   -0.42267   -0.31032
  -0.30669   -0.30597   -0.30495   -0.30401   -0.30088   -0.29592   -0.29525   -0.29376
  -0.29174   -0.22813   -0.19814   -0.19473   -0.10342   -0.09701   -0.07714   -0.06259
  -0.03645   -0.02460    0.02971    0.06315
 kpt#   4, nband= 52, wtk=  0.12500, kpt=  0.4375  0.0625  0.2500 (reduced coord)
  -4.85038   -4.85038   -3.08664   -3.08599   -3.08583   -3.08509   -3.08493   -3.08448
  -1.80057   -1.79940   -1.79901   -1.79783   -1.79688   -1.79408   -1.79310   -1.79262
  -1.79174   -1.79079   -1.72150   -1.71946   -1.71757   -1.71714   -1.71693   -0.75944
  -0.75721   -0.75698   -0.75262   -0.75231   -0.50549   -0.49831   -0.41678   -0.30773
  -0.30481   -0.30467   -0.30205   -0.30160   -0.30029   -0.29938   -0.29871   -0.29765
  -0.29373   -0.24398   -0.21304   -0.20928   -0.09796   -0.08735   -0.08426   -0.07162
  -0.01902   -0.01668    0.04849    0.05138
 kpt#   5, nband= 52, wtk=  0.06250, kpt=  0.1875  0.1875  0.2500 (reduced coord)
  -4.85038   -4.85037   -3.08653   -3.08560   -3.08556   -3.08510   -3.08484   -3.08447
  -1.80046   -1.80004   -1.79910   -1.79680   -1.79571   -1.79429   -1.79299   -1.79210
  -1.79071   -1.78961   -1.72082   -1.71981   -1.71775   -1.71674   -1.71540   -0.75950
  -0.75714   -0.75702   -0.75238   -0.75233   -0.51521   -0.49558   -0.42544   -0.31417
  -0.30758   -0.30687   -0.30649   -0.30495   -0.29748   -0.29602   -0.29508   -0.29433
  -0.29182   -0.21482   -0.18432   -0.16112   -0.14368   -0.08607   -0.08536   -0.07235
  -0.07160   -0.02620    0.03544    0.07808
 kpt#   6, nband= 52, wtk=  0.12500, kpt=  0.3125  0.1875  0.2500 (reduced coord)
  -4.85038   -4.85037   -3.08621   -3.08585   -3.08525   -3.08496   -3.08491   -3.08458
  -1.79950   -1.79853   -1.79804   -1.79751   -1.79525   -1.79416   -1.79273   -1.79209
  -1.79150   -1.79019   -1.72133   -1.71780   -1.71728   -1.71691   -1.71630   -0.75932
  -0.75712   -0.75702   -0.75286   -0.75184   -0.50903   -0.49514   -0.41842   -0.31373
  -0.30540   -0.30469   -0.30346   -0.30196   -0.30112   -0.29676   -0.29630   -0.29385
  -0.29247   -0.22463   -0.19638   -0.18871   -0.13399   -0.10016   -0.08758   -0.07955
  -0.07596   -0.02059    0.02805    0.07593
 kpt#   7, nband= 52, wtk=  0.12500, kpt=  0.4375  0.1875  0.2500 (reduced coord)
  -4.85038   -4.85038   -3.08684   -3.08645   -3.08538   -3.08508   -3.08494   -3.08474
  -1.79995   -1.79948   -1.79859   -1.79806   -1.79770   -1.79446   -1.79352   -1.79281
  -1.79193   -1.79138   -1.72167   -1.72036   -1.71792   -1.71735   -1.71645   -0.75938
  -0.75730   -0.75694   -0.75298   -0.75222   -0.50299   -0.49634   -0.41278   -0.31062
  -0.30638   -0.30450   -0.30324   -0.30168   -0.29921   -0.29808   -0.29742   -0.29644
  -0.29341   -0.23560   -0.20793   -0.20450   -0.11582   -0.10165   -0.09798   -0.08954
  -0.06334   -0.01365   -0.00513    0.06532
 kpt#   8, nband= 52, wtk=  0.06250, kpt=  0.3125  0.3125  0.2500 (reduced coord)
  -4.85038   -4.85038   -3.08644   -3.08607   -3.08552   -3.08525   -3.08507   -3.08457
  -1.79988   -1.79960   -1.79877   -1.79819   -1.79580   -1.79477   -1.79345   -1.79231
  -1.79203   -1.79085   -1.72249   -1.71853   -1.71787   -1.71696   -1.71683   -0.75936
  -0.75715   -0.75709   -0.75335   -0.75174   -0.50386   -0.49373   -0.41184   -0.31539
  -0.30577   -0.30465   -0.30355   -0.30224   -0.29904   -0.29664   -0.29615   -0.29361
  -0.29295   -0.22112   -0.19718   -0.18881   -0.15074   -0.11295   -0.10427   -0.09800
  -0.08823   -0.02004   -0.01421    0.07678
 kpt#   9, nband= 52, wtk=  0.12500, kpt=  0.4375  0.3125  0.2500 (reduced coord)
  -4.85039   -4.85038   -3.08691   -3.08619   -3.08572   -3.08529   -3.08509   -3.08497
  -1.80046   -1.80002   -1.79940   -1.79847   -1.79742   -1.79421   -1.79372   -1.79325
  -1.79271   -1.79213   -1.72149   -1.72024   -1.71877   -1.71825   -1.71707   -0.75931
  -0.75735   -0.75731   -0.75338   -0.75189   -0.49928   -0.49350   -0.40669   -0.31428
  -0.30954   -0.30387   -0.30304   -0.30066   -0.29785   -0.29645   -0.29633   -0.29530
  -0.29374   -0.22073   -0.20277   -0.19894   -0.13814   -0.12025   -0.11339   -0.10236
  -0.09664   -0.05918   -0.00902    0.07148
 kpt#  10, nband= 52, wtk=  0.06250, kpt=  0.4375  0.4375  0.2500 (reduced coord)
  -4.85038   -4.85038   -3.08669   -3.08596   -3.08568   -3.08558   -3.08496   -3.08452
  -1.79991   -1.79942   -1.79834   -1.79751   -1.79735   -1.79468   -1.79392   -1.79333
  -1.79203   -1.79159   -1.72133   -1.72101   -1.71841   -1.71685   -1.71629   -0.75905
  -0.75735   -0.75716   -0.75359   -0.75183   -0.49647   -0.49146   -0.40203   -0.31522
  -0.31293   -0.30269   -0.30261   -0.29829   -0.29612   -0.29566   -0.29524   -0.29455
  -0.29395   -0.20728   -0.20176   -0.19775   -0.13666   -0.12968   -0.12440   -0.11666
  -0.11421   -0.09766   -0.00518    0.07161
