 Eigenvalues (hartree) for nkpt=  42  k points:
 kpt#   1, nband= 51, wtk=  0.01389, kpt=  0.0417  0.0417  0.1250 (reduced coord)
  -1.74731   -1.74724   -1.74710   -1.74652   -1.74591   -1.72397   -1.72350   -1.72230
  -1.72155   -1.71935   -1.71817   -1.71755   -1.71743   -1.71588   -1.71563   -0.73789
  -0.73773   -0.73598   -0.73579   -0.73575   -0.73566   -0.73562   -0.73553   -0.73551
  -0.73540   -0.73044   -0.73038   -0.72961   -0.72810   -0.72799   -0.48427   -0.44377
  -0.42308   -0.18904   -0.18235   -0.12478   -0.11402   -0.09203   -0.08376   -0.05380
  -0.04663   -0.02990   -0.02312   -0.00341    0.00944    0.14430    0.15183    0.17490
   0.20362    0.21595    0.21850
 kpt#   2, nband= 51, wtk=  0.02778, kpt=  0.1250  0.0417  0.1250 (reduced coord)
  -1.74829   -1.74706   -1.74613   -1.74568   -1.74513   -1.72341   -1.72285   -1.72243
  -1.72168   -1.72021   -1.71888   -1.71824   -1.71769   -1.71700   -1.71629   -0.73790
  -0.73775   -0.73592   -0.73579   -0.73573   -0.73566   -0.73561   -0.73556   -0.73542
  -0.73536   -0.73044   -0.73035   -0.72974   -0.72821   -0.72814   -0.48165   -0.44171
  -0.42272   -0.19728   -0.19398   -0.14053   -0.11579   -0.09160   -0.06946   -0.05360
  -0.03566   -0.02929   -0.01202    0.00774    0.01086    0.14148    0.14859    0.18593
   0.18979    0.20215    0.20714
 kpt#   3, nband= 51, wtk=  0.02778, kpt=  0.2083  0.0417  0.1250 (reduced coord)
  -1.74834   -1.74740   -1.74629   -1.74409   -1.74366   -1.72302   -1.72158   -1.72060
  -1.72018   -1.71979   -1.71910   -1.71864   -1.71800   -1.71740   -1.71583   -0.73778
  -0.73765   -0.73607   -0.73596   -0.73584   -0.73567   -0.73540   -0.73523   -0.73513
  -0.73507   -0.73028   -0.73007   -0.72942   -0.72846   -0.72822   -0.47664   -0.43793
  -0.42248   -0.21196   -0.21001   -0.16294   -0.11391   -0.08465   -0.05354   -0.04779
  -0.02947   -0.02414    0.00076    0.01451    0.02907    0.12494    0.15292    0.15943
   0.16898    0.18812    0.19611
 kpt#   4, nband= 51, wtk=  0.02778, kpt=  0.2917  0.0417  0.1250 (reduced coord)
  -1.74794   -1.74709   -1.74600   -1.74294   -1.74149   -1.72235   -1.72133   -1.72027
  -1.71954   -1.71899   -1.71879   -1.71735   -1.71710   -1.71601   -1.71479   -0.73761
  -0.73741   -0.73618   -0.73606   -0.73582   -0.73568   -0.73506   -0.73497   -0.73481
  -0.73466   -0.73017   -0.72992   -0.72898   -0.72859   -0.72817   -0.46987   -0.43318
  -0.42308   -0.22747   -0.22541   -0.18554   -0.10684   -0.07301   -0.04187   -0.03828
  -0.03028   -0.01780    0.01578    0.02707    0.05055    0.10368    0.13389    0.13624
   0.16041    0.16139    0.17214
 kpt#   5, nband= 51, wtk=  0.02778, kpt=  0.3750  0.0417  0.1250 (reduced coord)
  -1.74673   -1.74623   -1.74522   -1.74404   -1.74272   -1.72135   -1.72051   -1.71979
  -1.71934   -1.71872   -1.71803   -1.71745   -1.71669   -1.71637   -1.71561   -0.73748
  -0.73718   -0.73604   -0.73583   -0.73568   -0.73562   -0.73508   -0.73502   -0.73496
  -0.73488   -0.72998   -0.72990   -0.72923   -0.72840   -0.72810   -0.46254   -0.42867
  -0.42502   -0.24108   -0.23478   -0.20459   -0.09555   -0.05828   -0.05033   -0.02576
  -0.02243   -0.01394    0.03139    0.04377    0.06775    0.08874    0.10805    0.11546
   0.13632    0.14496    0.14774
 kpt#   6, nband= 51, wtk=  0.02778, kpt=  0.4583  0.0417  0.1250 (reduced coord)
  -1.74823   -1.74750   -1.74631   -1.74578   -1.74453   -1.72387   -1.72233   -1.72154
  -1.72080   -1.72033   -1.71932   -1.71887   -1.71821   -1.71709   -1.71672   -0.73780
  -0.73725   -0.73633   -0.73615   -0.73582   -0.73561   -0.73547   -0.73542   -0.73524
  -0.73494   -0.73041   -0.73007   -0.72951   -0.72872   -0.72811   -0.45710   -0.42751
  -0.42571   -0.24898   -0.23787   -0.21658   -0.08156   -0.06504   -0.04357   -0.02463
  -0.01410   -0.01047    0.04205    0.05926    0.07301    0.08853    0.08931    0.10495
   0.11736    0.12919    0.13726
 kpt#   7, nband= 51, wtk=  0.01389, kpt=  0.1250  0.1250  0.1250 (reduced coord)
  -1.74838   -1.74621   -1.74606   -1.74570   -1.74387   -1.72309   -1.72304   -1.72133
  -1.72125   -1.71965   -1.71843   -1.71762   -1.71745   -1.71646   -1.71535   -0.73777
  -0.73766   -0.73588   -0.73578   -0.73572   -0.73562   -0.73553   -0.73539   -0.73532
  -0.73525   -0.73037   -0.73033   -0.72952   -0.72829   -0.72799   -0.47905   -0.43966
  -0.42228   -0.20274   -0.19990   -0.14963   -0.11422   -0.10489   -0.06597   -0.04952
  -0.03972   -0.02464   -0.00008    0.01759    0.02535    0.13289    0.15060    0.16108
   0.17063    0.19687    0.20730
 kpt#   8, nband= 51, wtk=  0.02778, kpt=  0.2083  0.1250  0.1250 (reduced coord)
  -1.74791   -1.74654   -1.74615   -1.74351   -1.74163   -1.72216   -1.72139   -1.72025
  -1.71968   -1.71922   -1.71871   -1.71757   -1.71731   -1.71663   -1.71361   -0.73762
  -0.73746   -0.73606   -0.73591   -0.73577   -0.73566   -0.73532   -0.73504   -0.73486
  -0.73480   -0.73027   -0.72987   -0.72914   -0.72842   -0.72814   -0.47412   -0.43593
  -0.42183   -0.21318   -0.21080   -0.16589   -0.11063   -0.10809   -0.06923   -0.04228
  -0.03396   -0.02533    0.01539    0.03296    0.04106    0.11690    0.13506    0.14008
   0.15777    0.17134    0.20846
 kpt#   9, nband= 51, wtk=  0.02778, kpt=  0.2917  0.1250  0.1250 (reduced coord)
  -1.74790   -1.74715   -1.74666   -1.74294   -1.74155   -1.72206   -1.72100   -1.72010
  -1.71999   -1.71907   -1.71845   -1.71780   -1.71707   -1.71634   -1.71560   -0.73757
  -0.73737   -0.73620   -0.73608   -0.73595   -0.73574   -0.73527   -0.73509   -0.73466
  -0.73456   -0.73025   -0.72967   -0.72911   -0.72856   -0.72834   -0.46749   -0.43124
  -0.42211   -0.22615   -0.22271   -0.18481   -0.10386   -0.10179   -0.06418   -0.03878
  -0.03371   -0.02424    0.03014    0.04425    0.04665    0.10936    0.10962    0.12622
   0.14022    0.16666    0.19521
 kpt#  10, nband= 51, wtk=  0.02778, kpt=  0.3750  0.1250  0.1250 (reduced coord)
  -1.74729   -1.74654   -1.74587   -1.74504   -1.74252   -1.72294   -1.72100   -1.72022
  -1.71976   -1.71918   -1.71856   -1.71776   -1.71742   -1.71710   -1.71592   -0.73747
  -0.73724   -0.73610   -0.73598   -0.73584   -0.73576   -0.73555   -0.73529   -0.73488
  -0.73462   -0.73041   -0.72972   -0.72927   -0.72845   -0.72826   -0.46041   -0.42681
  -0.42360   -0.23808   -0.23088   -0.20181   -0.09352   -0.08875   -0.05691   -0.04347
  -0.03845   -0.01848    0.03155    0.04094    0.05445    0.09817    0.10552    0.11860
   0.13023    0.17428    0.17768
 kpt#  11, nband= 51, wtk=  0.02778, kpt=  0.4583  0.1250  0.1250 (reduced coord)
  -1.74793   -1.74658   -1.74623   -1.74544   -1.74459   -1.72322   -1.72264   -1.72160
  -1.72114   -1.72004   -1.71904   -1.71860   -1.71808   -1.71702   -1.71594   -0.73766
  -0.73722   -0.73619   -0.73602   -0.73592   -0.73569   -0.73558   -0.73543   -0.73513
  -0.73492   -0.73061   -0.72999   -0.72940   -0.72856   -0.72811   -0.45525   -0.42568
  -0.42390   -0.24518   -0.23389   -0.21267   -0.08074   -0.07194   -0.06471   -0.05078
  -0.04037   -0.01212    0.02869    0.03235    0.05842    0.08921    0.11520    0.11564
   0.12778    0.16224    0.17761
 kpt#  12, nband= 51, wtk=  0.01389, kpt=  0.2083  0.2083  0.1250 (reduced coord)
  -1.74780   -1.74656   -1.74633   -1.74258   -1.74211   -1.72319   -1.72103   -1.71969
  -1.71947   -1.71935   -1.71853   -1.71798   -1.71702   -1.71600   -1.71367   -0.73770
  -0.73734   -0.73601   -0.73597   -0.73581   -0.73558   -0.73544   -0.73495   -0.73484
  -0.73466   -0.73053   -0.72956   -0.72921   -0.72833   -0.72823   -0.46937   -0.43227
  -0.42096   -0.21736   -0.21315   -0.17305   -0.12381   -0.10469   -0.08410   -0.05504
  -0.02962   -0.02451    0.03016    0.04076    0.04726    0.11250    0.11854    0.13157
   0.14331    0.16589    0.21912
 kpt#  13, nband= 51, wtk=  0.02778, kpt=  0.2917  0.2083  0.1250 (reduced coord)
  -1.74767   -1.74686   -1.74643   -1.74540   -1.74177   -1.72285   -1.72208   -1.72111
  -1.72101   -1.71959   -1.71831   -1.71769   -1.71696   -1.71631   -1.71575   -0.73764
  -0.73728   -0.73621   -0.73612   -0.73589   -0.73580   -0.73566   -0.73547   -0.73467
  -0.73445   -0.73075   -0.72963   -0.72922   -0.72846   -0.72825   -0.46308   -0.42772
  -0.42056   -0.22458   -0.21814   -0.18444   -0.12701   -0.09845   -0.08654   -0.05899
  -0.03847   -0.02736    0.01979    0.03478    0.04931    0.11247    0.11838    0.12730
   0.14858    0.17702    0.21956
 kpt#  14, nband= 51, wtk=  0.02778, kpt=  0.3750  0.2083  0.1250 (reduced coord)
  -1.74734   -1.74658   -1.74628   -1.74529   -1.74278   -1.72431   -1.72223   -1.72118
  -1.72034   -1.71949   -1.71879   -1.71809   -1.71745   -1.71684   -1.71484   -0.73744
  -0.73730   -0.73631   -0.73628   -0.73607   -0.73588   -0.73554   -0.73528   -0.73488
  -0.73443   -0.73079   -0.72968   -0.72916   -0.72845   -0.72828   -0.45653   -0.42347
  -0.42112   -0.23257   -0.22343   -0.19672   -0.11868   -0.09193   -0.07811   -0.06295
  -0.05072   -0.03570    0.01136    0.01228    0.04490    0.10801    0.12941    0.13723
   0.16858    0.18781    0.21174
 kpt#  15, nband= 51, wtk=  0.02778, kpt=  0.4583  0.2083  0.1250 (reduced coord)
  -1.74744   -1.74727   -1.74636   -1.74491   -1.74415   -1.72271   -1.72204   -1.72174
  -1.72131   -1.72091   -1.71971   -1.71866   -1.71822   -1.71685   -1.71561   -0.73751
  -0.73719   -0.73628   -0.73626   -0.73619   -0.73587   -0.73570   -0.73540   -0.73496
  -0.73470   -0.73080   -0.72967   -0.72935   -0.72862   -0.72831   -0.45193   -0.42239
  -0.42067   -0.23780   -0.22608   -0.20502   -0.10280   -0.08207   -0.08067   -0.06925
  -0.06374   -0.03011   -0.00496    0.00022    0.04312    0.09995    0.14808    0.15497
   0.16925    0.18440    0.21549
 kpt#  16, nband= 51, wtk=  0.01389, kpt=  0.2917  0.2917  0.1250 (reduced coord)
  -1.74745   -1.74688   -1.74589   -1.74570   -1.74160   -1.72302   -1.72165   -1.72155
  -1.72084   -1.72019   -1.71854   -1.71748   -1.71605   -1.71555   -1.71517   -0.73752
  -0.73703   -0.73630   -0.73619   -0.73613   -0.73603   -0.73560   -0.73545   -0.73448
  -0.73431   -0.73102   -0.72929   -0.72920   -0.72838   -0.72832   -0.45738   -0.42340
  -0.41908   -0.22422   -0.21424   -0.18602   -0.14221   -0.10194   -0.08955   -0.07078
  -0.04882   -0.04645    0.00700    0.00851    0.04062    0.11760    0.13722    0.14497
   0.18224    0.19205    0.21990
 kpt#  17, nband= 51, wtk=  0.02778, kpt=  0.3750  0.2917  0.1250 (reduced coord)
  -1.74751   -1.74676   -1.74610   -1.74454   -1.74236   -1.72172   -1.72127   -1.72106
  -1.72025   -1.71979   -1.71922   -1.71836   -1.71635   -1.71623   -1.71550   -0.73754
  -0.73700   -0.73629   -0.73618   -0.73604   -0.73596   -0.73560   -0.73558   -0.73448
  -0.73434   -0.73097   -0.72932   -0.72918   -0.72846   -0.72830   -0.45168   -0.41945
  -0.41823   -0.22570   -0.21366   -0.19013   -0.14264   -0.10476   -0.08257   -0.08242
  -0.06490   -0.05786   -0.01433   -0.01158    0.03688    0.11325    0.16491    0.16878
   0.20352    0.21074    0.21703
 kpt#  18, nband= 51, wtk=  0.02778, kpt=  0.4583  0.2917  0.1250 (reduced coord)
  -1.74796   -1.74732   -1.74703   -1.74523   -1.74305   -1.72351   -1.72273   -1.72145
  -1.72104   -1.72006   -1.71958   -1.71898   -1.71782   -1.71727   -1.71631   -0.73757
  -0.73714   -0.73658   -0.73633   -0.73618   -0.73610   -0.73581   -0.73578   -0.73452
  -0.73443   -0.73119   -0.72937   -0.72927   -0.72862   -0.72847   -0.44790   -0.41841
  -0.41675   -0.22750   -0.21485   -0.19405   -0.12962   -0.10749   -0.09804   -0.08505
  -0.06304   -0.05656   -0.03293   -0.02790    0.03873    0.10913    0.18582    0.19062
   0.19864    0.21217    0.22476
 kpt#  19, nband= 51, wtk=  0.01389, kpt=  0.3750  0.3750  0.1250 (reduced coord)
  -1.74790   -1.74782   -1.74751   -1.74595   -1.74415   -1.72356   -1.72328   -1.72253
  -1.72190   -1.72134   -1.72010   -1.71951   -1.71793   -1.71665   -1.71551   -0.73763
  -0.73703   -0.73669   -0.73656   -0.73652   -0.73609   -0.73592   -0.73557   -0.73467
  -0.73448   -0.73141   -0.72936   -0.72935   -0.72861   -0.72858   -0.44709   -0.41621
  -0.41533   -0.21945   -0.20503   -0.18313   -0.15612   -0.11552   -0.10301   -0.08775
  -0.08311   -0.06286   -0.03868   -0.02979    0.03735    0.11613    0.19132    0.20109
   0.20789    0.20913    0.24087
 kpt#  20, nband= 51, wtk=  0.02778, kpt=  0.4583  0.3750  0.1250 (reduced coord)
  -1.74770   -1.74708   -1.74634   -1.74458   -1.74424   -1.72350   -1.72278   -1.72211
  -1.72106   -1.72046   -1.71976   -1.71920   -1.71659   -1.71582   -1.71379   -0.73762
  -0.73686   -0.73668   -0.73633   -0.73630   -0.73611   -0.73569   -0.73542   -0.73470
  -0.73434   -0.73138   -0.72938   -0.72921   -0.72853   -0.72832   -0.44420   -0.41476
  -0.41318   -0.21591   -0.20126   -0.18061   -0.15043   -0.12941   -0.11510   -0.10232
  -0.07954   -0.06202   -0.06011   -0.03731    0.03914    0.11743    0.19991    0.20450
   0.21605    0.22660    0.23645
 kpt#  21, nband= 51, wtk=  0.01389, kpt=  0.4583  0.4583  0.1250 (reduced coord)
  -1.74753   -1.74746   -1.74693   -1.74462   -1.74443   -1.72326   -1.72284   -1.72236
  -1.72148   -1.72127   -1.72058   -1.71992   -1.71584   -1.71557   -1.71416   -0.73744
  -0.73684   -0.73666   -0.73665   -0.73656   -0.73632   -0.73561   -0.73544   -0.73451
  -0.73444   -0.73150   -0.72926   -0.72914   -0.72862   -0.72848   -0.44198   -0.41257
  -0.41102   -0.20707   -0.18856   -0.16682   -0.16351   -0.14741   -0.12275   -0.11784
  -0.08977   -0.08269   -0.05786   -0.03992    0.04014    0.12277    0.20075    0.20118
   0.21985    0.23474    0.24239
 kpt#  22, nband= 51, wtk=  0.01389, kpt=  0.0417  0.0417  0.3750 (reduced coord)
  -1.75155   -1.74877   -1.74771   -1.74628   -1.74520   -1.72582   -1.72329   -1.72249
  -1.72200   -1.72200   -1.72126   -1.72072   -1.71948   -1.71702   -1.71684   -0.73873
  -0.73838   -0.73637   -0.73598   -0.73574   -0.73573   -0.73564   -0.73553   -0.73545
  -0.73538   -0.73051   -0.73032   -0.73027   -0.72846   -0.72826   -0.48428   -0.44377
  -0.42309   -0.18906   -0.18238   -0.12479   -0.11404   -0.09204   -0.08377   -0.05380
  -0.04663   -0.02990   -0.02311   -0.00334    0.00942    0.14095    0.15265    0.17503
   0.21601    0.21700    0.21910
 kpt#  23, nband= 51, wtk=  0.02778, kpt=  0.1250  0.0417  0.3750 (reduced coord)
  -1.75045   -1.74811   -1.74716   -1.74602   -1.74583   -1.72391   -1.72323   -1.72290
  -1.72194   -1.72174   -1.72041   -1.72018   -1.71945   -1.71772   -1.71690   -0.73840
  -0.73820   -0.73608   -0.73595   -0.73589   -0.73572   -0.73568   -0.73555   -0.73550
  -0.73531   -0.73043   -0.73038   -0.73026   -0.72840   -0.72823   -0.48165   -0.44171
  -0.42273   -0.19728   -0.19399   -0.14054   -0.11580   -0.09161   -0.06947   -0.05360
  -0.03569   -0.02929   -0.01201    0.00777    0.01089    0.14138    0.14590    0.18605
   0.19010    0.20209    0.21490
 kpt#  24, nband= 51, wtk=  0.02778, kpt=  0.2083  0.0417  0.3750 (reduced coord)
  -1.74807   -1.74696   -1.74551   -1.74438   -1.74344   -1.72212   -1.72141   -1.72090
  -1.72032   -1.71986   -1.71884   -1.71798   -1.71725   -1.71654   -1.71537   -0.73784
  -0.73764   -0.73587   -0.73580   -0.73572   -0.73564   -0.73537   -0.73522   -0.73511
  -0.73502   -0.73021   -0.73013   -0.72954   -0.72822   -0.72814   -0.47664   -0.43793
  -0.42247   -0.21196   -0.21001   -0.16294   -0.11392   -0.08465   -0.05354   -0.04779
  -0.02948   -0.02414    0.00078    0.01450    0.02913    0.12523    0.14996    0.15958
   0.16896    0.18822    0.19608
 kpt#  25, nband= 51, wtk=  0.02778, kpt=  0.2917  0.0417  0.3750 (reduced coord)
  -1.74716   -1.74666   -1.74542   -1.74287   -1.74077   -1.72142   -1.72020   -1.71920
  -1.71858   -1.71813   -1.71755   -1.71704   -1.71645   -1.71576   -1.71494   -0.73762
  -0.73730   -0.73589   -0.73582   -0.73574   -0.73570   -0.73501   -0.73492   -0.73465
  -0.73457   -0.73005   -0.72980   -0.72899   -0.72828   -0.72817   -0.46987   -0.43318
  -0.42307   -0.22747   -0.22541   -0.18553   -0.10683   -0.07301   -0.04188   -0.03826
  -0.03027   -0.01779    0.01581    0.02707    0.05063    0.10379    0.13403    0.13624
   0.15897    0.16046    0.17213
 kpt#  26, nband= 51, wtk=  0.02778, kpt=  0.3750  0.0417  0.3750 (reduced coord)
  -1.74679   -1.74670   -1.74624   -1.74492   -1.74326   -1.72222   -1.72153   -1.72024
  -1.71969   -1.71935   -1.71898   -1.71830   -1.71771   -1.71712   -1.71620   -0.73746
  -0.73725   -0.73614   -0.73597   -0.73582   -0.73571   -0.73543   -0.73522   -0.73503
  -0.73478   -0.73031   -0.72988   -0.72930   -0.72854   -0.72821   -0.46254   -0.42867
  -0.42502   -0.24109   -0.23478   -0.20460   -0.09554   -0.05829   -0.05035   -0.02574
  -0.02244   -0.01395    0.03142    0.04374    0.06783    0.08877    0.10803    0.11555
   0.13629    0.14496    0.14767
 kpt#  27, nband= 51, wtk=  0.02778, kpt=  0.4583  0.0417  0.3750 (reduced coord)
  -1.74812   -1.74689   -1.74610   -1.74491   -1.74479   -1.72337   -1.72159   -1.72133
  -1.72035   -1.71985   -1.71944   -1.71878   -1.71757   -1.71731   -1.71672   -0.73751
  -0.73732   -0.73630   -0.73592   -0.73582   -0.73571   -0.73548   -0.73541   -0.73520
  -0.73493   -0.73036   -0.72997   -0.72948   -0.72858   -0.72820   -0.45710   -0.42751
  -0.42571   -0.24898   -0.23787   -0.21658   -0.08156   -0.06504   -0.04357   -0.02463
  -0.01410   -0.01046    0.04208    0.05924    0.07307    0.08853    0.08936    0.10504
   0.11740    0.12916    0.13728
 kpt#  28, nband= 51, wtk=  0.01389, kpt=  0.1250  0.1250  0.3750 (reduced coord)
  -1.74894   -1.74795   -1.74568   -1.74463   -1.74439   -1.72292   -1.72189   -1.72139
  -1.72108   -1.72032   -1.72020   -1.71864   -1.71741   -1.71732   -1.71659   -0.73810
  -0.73789   -0.73617   -0.73576   -0.73574   -0.73559   -0.73545   -0.73535   -0.73527
  -0.73510   -0.73025   -0.73018   -0.72993   -0.72838   -0.72811   -0.47905   -0.43967
  -0.42228   -0.20274   -0.19990   -0.14963   -0.11424   -0.10490   -0.06597   -0.04952
  -0.03972   -0.02466   -0.00007    0.01758    0.02541    0.13323    0.14737    0.16146
   0.17055    0.19688    0.20730
 kpt#  29, nband= 51, wtk=  0.02778, kpt=  0.2083  0.1250  0.3750 (reduced coord)
  -1.74811   -1.74715   -1.74534   -1.74374   -1.74257   -1.72222   -1.72144   -1.72050
  -1.72027   -1.71896   -1.71859   -1.71785   -1.71706   -1.71631   -1.71481   -0.73780
  -0.73756   -0.73602   -0.73578   -0.73569   -0.73559   -0.73528   -0.73512   -0.73500
  -0.73490   -0.73031   -0.72998   -0.72936   -0.72825   -0.72815   -0.47412   -0.43593
  -0.42183   -0.21318   -0.21080   -0.16589   -0.11063   -0.10809   -0.06923   -0.04228
  -0.03395   -0.02534    0.01541    0.03295    0.04113    0.11697    0.13499    0.14040
   0.15490    0.17134    0.20849
 kpt#  30, nband= 51, wtk=  0.02778, kpt=  0.2917  0.1250  0.3750 (reduced coord)
  -1.74652   -1.74578   -1.74572   -1.74304   -1.74113   -1.72118   -1.71969   -1.71909
  -1.71869   -1.71822   -1.71753   -1.71684   -1.71620   -1.71560   -1.71526   -0.73744
  -0.73727   -0.73592   -0.73577   -0.73573   -0.73560   -0.73523   -0.73502   -0.73460
  -0.73450   -0.73014   -0.72961   -0.72911   -0.72829   -0.72810   -0.46749   -0.43124
  -0.42211   -0.22615   -0.22270   -0.18481   -0.10386   -0.10179   -0.06417   -0.03877
  -0.03370   -0.02422    0.03014    0.04427    0.04670    0.10941    0.10960    0.12641
   0.14026    0.16424    0.19521
 kpt#  31, nband= 51, wtk=  0.02778, kpt=  0.3750  0.1250  0.3750 (reduced coord)
  -1.74675   -1.74667   -1.74614   -1.74500   -1.74238   -1.72244   -1.72103   -1.72020
  -1.71936   -1.71926   -1.71880   -1.71827   -1.71736   -1.71628   -1.71575   -0.73739
  -0.73728   -0.73614   -0.73601   -0.73579   -0.73563   -0.73551   -0.73538   -0.73487
  -0.73460   -0.73041   -0.72968   -0.72930   -0.72854   -0.72811   -0.46041   -0.42681
  -0.42360   -0.23809   -0.23088   -0.20181   -0.09352   -0.08873   -0.05691   -0.04347
  -0.03845   -0.01846    0.03156    0.04092    0.05450    0.09825    0.10548    0.11867
   0.13030    0.17294    0.17766
 kpt#  32, nband= 51, wtk=  0.02778, kpt=  0.4583  0.1250  0.3750 (reduced coord)
  -1.74759   -1.74692   -1.74608   -1.74523   -1.74483   -1.72350   -1.72218   -1.72211
  -1.72096   -1.72053   -1.71945   -1.71882   -1.71762   -1.71721   -1.71606   -0.73751
  -0.73739   -0.73630   -0.73597   -0.73587   -0.73581   -0.73562   -0.73546   -0.73503
  -0.73495   -0.73064   -0.73005   -0.72937   -0.72856   -0.72816   -0.45525   -0.42568
  -0.42390   -0.24518   -0.23390   -0.21267   -0.08074   -0.07194   -0.06471   -0.05077
  -0.04037   -0.01211    0.02867    0.03236    0.05844    0.08931    0.11523    0.11560
   0.12779    0.16192    0.17768
 kpt#  33, nband= 51, wtk=  0.01389, kpt=  0.2083  0.2083  0.3750 (reduced coord)
  -1.74777   -1.74723   -1.74548   -1.74289   -1.74197   -1.72238   -1.72086   -1.72045
  -1.71937   -1.71905   -1.71803   -1.71760   -1.71686   -1.71650   -1.71478   -0.73774
  -0.73737   -0.73613   -0.73586   -0.73578   -0.73561   -0.73529   -0.73508   -0.73482
  -0.73462   -0.73045   -0.72951   -0.72937   -0.72838   -0.72816   -0.46937   -0.43227
  -0.42096   -0.21736   -0.21314   -0.17305   -0.12382   -0.10470   -0.08411   -0.05504
  -0.02963   -0.02449    0.03016    0.04084    0.04726    0.11245    0.11860    0.13176
   0.14337    0.16315    0.21911
 kpt#  34, nband= 51, wtk=  0.02778, kpt=  0.2917  0.2083  0.3750 (reduced coord)
  -1.74774   -1.74705   -1.74589   -1.74513   -1.74180   -1.72323   -1.72192   -1.72074
  -1.71975   -1.71907   -1.71876   -1.71788   -1.71704   -1.71676   -1.71564   -0.73751
  -0.73739   -0.73621   -0.73612   -0.73595   -0.73586   -0.73554   -0.73536   -0.73466
  -0.73445   -0.73071   -0.72961   -0.72923   -0.72844   -0.72827   -0.46308   -0.42772
  -0.42055   -0.22458   -0.21814   -0.18444   -0.12701   -0.09845   -0.08654   -0.05899
  -0.03847   -0.02736    0.01980    0.03478    0.04935    0.11253    0.11826    0.12745
   0.14867    0.17474    0.21957
 kpt#  35, nband= 51, wtk=  0.02778, kpt=  0.3750  0.2083  0.3750 (reduced coord)
  -1.74781   -1.74683   -1.74640   -1.74594   -1.74309   -1.72415   -1.72243   -1.72119
  -1.72020   -1.71995   -1.71925   -1.71848   -1.71779   -1.71709   -1.71611   -0.73751
  -0.73739   -0.73636   -0.73615   -0.73607   -0.73583   -0.73568   -0.73550   -0.73477
  -0.73464   -0.73087   -0.72972   -0.72928   -0.72850   -0.72829   -0.45653   -0.42348
  -0.42112   -0.23257   -0.22343   -0.19672   -0.11869   -0.09193   -0.07812   -0.06295
  -0.05072   -0.03570    0.01136    0.01228    0.04493    0.10814    0.12944    0.13702
   0.16869    0.18624    0.21171
 kpt#  36, nband= 51, wtk=  0.02778, kpt=  0.4583  0.2083  0.3750 (reduced coord)
  -1.74740   -1.74667   -1.74578   -1.74482   -1.74372   -1.72246   -1.72173   -1.72081
  -1.72059   -1.72006   -1.71922   -1.71822   -1.71753   -1.71627   -1.71562   -0.73743
  -0.73732   -0.73613   -0.73607   -0.73592   -0.73575   -0.73561   -0.73542   -0.73488
  -0.73474   -0.73068   -0.72980   -0.72926   -0.72841   -0.72824   -0.45193   -0.42239
  -0.42067   -0.23780   -0.22608   -0.20502   -0.10279   -0.08206   -0.08065   -0.06925
  -0.06374   -0.03010   -0.00496    0.00023    0.04315    0.10010    0.14807    0.15482
   0.16928    0.18362    0.21504
 kpt#  37, nband= 51, wtk=  0.01389, kpt=  0.2917  0.2917  0.3750 (reduced coord)
  -1.74772   -1.74703   -1.74682   -1.74637   -1.74149   -1.72404   -1.72225   -1.72093
  -1.72064   -1.71956   -1.71899   -1.71765   -1.71734   -1.71678   -1.71607   -0.73747
  -0.73735   -0.73641   -0.73615   -0.73614   -0.73606   -0.73580   -0.73555   -0.73441
  -0.73433   -0.73110   -0.72947   -0.72917   -0.72844   -0.72838   -0.45739   -0.42340
  -0.41908   -0.22422   -0.21424   -0.18602   -0.14221   -0.10194   -0.08956   -0.07078
  -0.04884   -0.04646    0.00700    0.00849    0.04065    0.11774    0.13724    0.14460
   0.18240    0.19022    0.21984
 kpt#  38, nband= 51, wtk=  0.02778, kpt=  0.3750  0.2917  0.3750 (reduced coord)
  -1.74793   -1.74692   -1.74673   -1.74619   -1.74249   -1.72392   -1.72314   -1.72151
  -1.72050   -1.72005   -1.71904   -1.71862   -1.71810   -1.71655   -1.71619   -0.73737
  -0.73723   -0.73652   -0.73642   -0.73620   -0.73602   -0.73582   -0.73562   -0.73452
  -0.73443   -0.73125   -0.72936   -0.72930   -0.72854   -0.72844   -0.45168   -0.41945
  -0.41823   -0.22570   -0.21367   -0.19014   -0.14264   -0.10476   -0.08256   -0.08242
  -0.06490   -0.05786   -0.01433   -0.01158    0.03691    0.11338    0.16485    0.16821
   0.20264    0.21092    0.21686
 kpt#  39, nband= 51, wtk=  0.02778, kpt=  0.4583  0.2917  0.3750 (reduced coord)
  -1.74774   -1.74682   -1.74638   -1.74446   -1.74302   -1.72251   -1.72227   -1.72198
  -1.72085   -1.71940   -1.71834   -1.71779   -1.71735   -1.71663   -1.71558   -0.73744
  -0.73727   -0.73642   -0.73630   -0.73596   -0.73586   -0.73579   -0.73560   -0.73451
  -0.73440   -0.73107   -0.72935   -0.72930   -0.72843   -0.72834   -0.44790   -0.41841
  -0.41675   -0.22750   -0.21485   -0.19405   -0.12962   -0.10748   -0.09804   -0.08505
  -0.06305   -0.05655   -0.03292   -0.02791    0.03876    0.10928    0.18532    0.19059
   0.19817    0.21224    0.22452
 kpt#  40, nband= 51, wtk=  0.01389, kpt=  0.3750  0.3750  0.3750 (reduced coord)
  -1.74764   -1.74647   -1.74625   -1.74482   -1.74370   -1.72225   -1.72160   -1.72143
  -1.72058   -1.72017   -1.71882   -1.71877   -1.71672   -1.71636   -1.71635   -0.73736
  -0.73717   -0.73643   -0.73639   -0.73611   -0.73581   -0.73572   -0.73571   -0.73461
  -0.73440   -0.73118   -0.72931   -0.72929   -0.72841   -0.72839   -0.44709   -0.41620
  -0.41533   -0.21945   -0.20502   -0.18313   -0.15612   -0.11552   -0.10302   -0.08774
  -0.08311   -0.06286   -0.03866   -0.02978    0.03739    0.11626    0.19037    0.20108
   0.20783    0.20895    0.24119
 kpt#  41, nband= 51, wtk=  0.02778, kpt=  0.4583  0.3750  0.3750 (reduced coord)
  -1.74790   -1.74739   -1.74691   -1.74599   -1.74368   -1.72480   -1.72223   -1.72179
  -1.72120   -1.72032   -1.71992   -1.71908   -1.71761   -1.71683   -1.71651   -0.73733
  -0.73721   -0.73685   -0.73655   -0.73626   -0.73609   -0.73579   -0.73578   -0.73462
  -0.73438   -0.73150   -0.72932   -0.72922   -0.72861   -0.72851   -0.44421   -0.41477
  -0.41318   -0.21592   -0.20126   -0.18061   -0.15044   -0.12941   -0.11510   -0.10232
  -0.07954   -0.06202   -0.06011   -0.03731    0.03915    0.11755    0.19933    0.20437
   0.21557    0.22665    0.23577
 kpt#  42, nband= 51, wtk=  0.01389, kpt=  0.4583  0.4583  0.3750 (reduced coord)
  -1.74712   -1.74651   -1.74628   -1.74468   -1.74393   -1.72267   -1.72118   -1.72107
  -1.72037   -1.72007   -1.71974   -1.71861   -1.71738   -1.71679   -1.71656   -0.73714
  -0.73693   -0.73668   -0.73643   -0.73623   -0.73621   -0.73582   -0.73572   -0.73445
  -0.73433   -0.73150   -0.72916   -0.72903   -0.72856   -0.72845   -0.44198   -0.41257
  -0.41102   -0.20707   -0.18856   -0.16682   -0.16350   -0.14741   -0.12275   -0.11784
  -0.08977   -0.08270   -0.05786   -0.03991    0.04017    0.12287    0.20077    0.20085
   0.21936    0.23430    0.24281
