 Eigenvalues (hartree) for nkpt=  57  k points:
 kpt#   1, nband= 51, wtk=  1.00000, kpt=  0.5000  0.5000  0.0000 (reduced coord)
  -1.74859   -1.74859   -1.74717   -1.74362   -1.74352   -1.72211   -1.72211   -1.72154
  -1.72110   -1.71981   -1.71926   -1.71913   -1.71833   -1.71754   -1.71754   -0.73733
  -0.73709   -0.73653   -0.73649   -0.73649   -0.73633   -0.73595   -0.73595   -0.73445
  -0.73418   -0.73127   -0.72909   -0.72908   -0.72872   -0.72872   -0.44141   -0.41198
  -0.41045   -0.20416   -0.18200   -0.16445   -0.16445   -0.15569   -0.12368   -0.12368
  -0.09063   -0.09063   -0.05726   -0.04029    0.04045    0.12433    0.19993    0.19993
   0.22158    0.23522    0.24464
 kpt#   2, nband= 51, wtk=  1.00000, kpt=  0.4500  0.4500  0.0500 (reduced coord)
  -1.74739   -1.74717   -1.74697   -1.74491   -1.74474   -1.72351   -1.72316   -1.72197
  -1.72188   -1.72102   -1.72058   -1.72023   -1.71544   -1.71524   -1.71461   -0.73740
  -0.73680   -0.73678   -0.73661   -0.73645   -0.73640   -0.73554   -0.73547   -0.73461
  -0.73445   -0.73160   -0.72931   -0.72911   -0.72856   -0.72847   -0.44224   -0.41282
  -0.41128   -0.20820   -0.19047   -0.16833   -0.16309   -0.14399   -0.12235   -0.11546
  -0.08940   -0.07952   -0.05817   -0.03966    0.04000    0.12213    0.20125    0.20165
   0.21874    0.23534    0.24088
 kpt#   3, nband= 51, wtk=  1.00000, kpt=  0.4000  0.4000  0.1000 (reduced coord)
  -1.74803   -1.74793   -1.74745   -1.74624   -1.74452   -1.72471   -1.72346   -1.72272
  -1.72210   -1.72201   -1.72015   -1.71959   -1.71839   -1.71651   -1.71578   -0.73768
  -0.73704   -0.73680   -0.73668   -0.73662   -0.73610   -0.73595   -0.73560   -0.73474
  -0.73443   -0.73158   -0.72937   -0.72936   -0.72864   -0.72862   -0.44496   -0.41494
  -0.41367   -0.21599   -0.20085   -0.17886   -0.15908   -0.11842   -0.11816   -0.09678
  -0.08577   -0.06154   -0.05390   -0.03504    0.03848    0.11777    0.20111    0.20501
   0.20804    0.21914    0.24377
 kpt#   4, nband= 51, wtk=  1.00000, kpt=  0.3500  0.3500  0.1500 (reduced coord)
  -1.74841   -1.74678   -1.74666   -1.74518   -1.74287   -1.72366   -1.72215   -1.72209
  -1.72087   -1.72014   -1.71976   -1.71910   -1.71729   -1.71675   -1.71435   -0.73772
  -0.73712   -0.73645   -0.73643   -0.73619   -0.73612   -0.73570   -0.73543   -0.73450
  -0.73436   -0.73127   -0.72944   -0.72923   -0.72847   -0.72840   -0.44972   -0.41782
  -0.41688   -0.22210   -0.20858   -0.18593   -0.15257   -0.11205   -0.08690   -0.08321
  -0.07993   -0.06093   -0.02308   -0.02167    0.03632    0.11541    0.17870    0.18174
   0.20888    0.21120    0.22933
 kpt#   5, nband= 51, wtk=  1.00000, kpt=  0.3000  0.3000  0.2000 (reduced coord)
  -1.74734   -1.74631   -1.74604   -1.74582   -1.74171   -1.72309   -1.72197   -1.72104
  -1.72096   -1.72039   -1.71834   -1.71739   -1.71678   -1.71579   -1.71513   -0.73757
  -0.73712   -0.73626   -0.73619   -0.73614   -0.73609   -0.73549   -0.73542   -0.73448
  -0.73428   -0.73111   -0.72942   -0.72919   -0.72835   -0.72824   -0.45620   -0.42253
  -0.41883   -0.22428   -0.21370   -0.18654   -0.14385   -0.10354   -0.08807   -0.07222
  -0.05392   -0.04865    0.00303    0.00433    0.03892    0.11714    0.14253    0.15011
   0.18874    0.19494    0.21866
 kpt#   6, nband= 51, wtk=  1.00000, kpt=  0.2500  0.2500  0.2500 (reduced coord)
  -1.74636   -1.74605   -1.74530   -1.74475   -1.74164   -1.72305   -1.72069   -1.71992
  -1.71929   -1.71870   -1.71854   -1.71744   -1.71623   -1.71597   -1.71592   -0.73738
  -0.73719   -0.73611   -0.73603   -0.73589   -0.73562   -0.73555   -0.73534   -0.73456
  -0.73448   -0.73066   -0.72931   -0.72929   -0.72825   -0.72825   -0.46346   -0.42786
  -0.42012   -0.22212   -0.21525   -0.18118   -0.13338   -0.09737   -0.09336   -0.06314
  -0.03732   -0.02837    0.01845    0.03417    0.04881    0.11476    0.12030    0.12912
   0.15123    0.17609    0.22380
 kpt#   7, nband= 51, wtk=  1.00000, kpt=  0.2000  0.2000  0.3000 (reduced coord)
  -1.74811   -1.74811   -1.74715   -1.74223   -1.74125   -1.72208   -1.72117   -1.72035
  -1.72029   -1.71908   -1.71856   -1.71806   -1.71658   -1.71646   -1.71508   -0.73764
  -0.73753   -0.73615   -0.73613   -0.73595   -0.73583   -0.73516   -0.73501   -0.73482
  -0.73447   -0.73042   -0.72943   -0.72927   -0.72847   -0.72843   -0.47049   -0.43312
  -0.42111   -0.21614   -0.21233   -0.17109   -0.12186   -0.10600   -0.08222   -0.05341
  -0.02837   -0.02542    0.02928    0.04034    0.04631    0.11501    0.11802    0.13223
   0.14796    0.16197    0.21774
 kpt#   8, nband= 51, wtk=  1.00000, kpt=  0.1500  0.1500  0.3500 (reduced coord)
  -1.74900   -1.74840   -1.74566   -1.74482   -1.74437   -1.72339   -1.72208   -1.72171
  -1.72150   -1.72105   -1.72052   -1.71834   -1.71817   -1.71744   -1.71648   -0.73802
  -0.73776   -0.73623   -0.73590   -0.73579   -0.73570   -0.73561   -0.73543   -0.73524
  -0.73501   -0.73046   -0.73015   -0.72976   -0.72850   -0.72822   -0.47655   -0.43773
  -0.42193   -0.20757   -0.20490   -0.15740   -0.11231   -0.11029   -0.07112   -0.04398
  -0.03921   -0.02345    0.00885    0.02696    0.03567    0.12388    0.14642    0.14841
   0.15390    0.18584    0.20511
 kpt#   9, nband= 51, wtk=  1.00000, kpt=  0.1000  0.1000  0.4000 (reduced coord)
  -1.75028   -1.74765   -1.74734   -1.74541   -1.74535   -1.72404   -1.72282   -1.72216
  -1.72141   -1.72108   -1.72051   -1.72034   -1.71914   -1.71739   -1.71732   -0.73840
  -0.73817   -0.73610   -0.73594   -0.73580   -0.73572   -0.73564   -0.73541   -0.73538
  -0.73532   -0.73035   -0.73033   -0.73022   -0.72833   -0.72828   -0.48114   -0.44130
  -0.42260   -0.19789   -0.19446   -0.14158   -0.11520   -0.10005   -0.06136   -0.06080
  -0.03595   -0.02952   -0.00748    0.01142    0.01468    0.14044    0.14562    0.17796
   0.18884    0.19182    0.21900
 kpt#  10, nband= 51, wtk=  1.00000, kpt=  0.0500  0.0500  0.4500 (reduced coord)
  -1.75141   -1.74806   -1.74773   -1.74751   -1.74546   -1.72511   -1.72360   -1.72288
  -1.72279   -1.72195   -1.72157   -1.72058   -1.71960   -1.71832   -1.71779   -0.73860
  -0.73844   -0.73618   -0.73599   -0.73585   -0.73583   -0.73570   -0.73562   -0.73556
  -0.73546   -0.73059   -0.73047   -0.73035   -0.72842   -0.72834   -0.48398   -0.44354
  -0.42303   -0.18997   -0.18382   -0.12674   -0.11440   -0.09283   -0.08120   -0.05454
  -0.04447   -0.03049   -0.02106   -0.00196    0.00945    0.14074    0.15180    0.17636
   0.21329    0.21626    0.22206
 kpt#  11, nband= 51, wtk=  1.00000, kpt=  0.0000  0.0000  0.5000 (reduced coord)
  -1.75309   -1.75030   -1.75030   -1.74955   -1.74946   -1.72765   -1.72686   -1.72608
  -1.72514   -1.72514   -1.72407   -1.72314   -1.72286   -1.71850   -1.71850   -0.73897
  -0.73866   -0.73677   -0.73677   -0.73626   -0.73622   -0.73620   -0.73591   -0.73591
  -0.73554   -0.73085   -0.73082   -0.73074   -0.72879   -0.72879   -0.48495   -0.44430
  -0.42320   -0.18695   -0.17871   -0.11986   -0.11280   -0.09020   -0.09020   -0.05207
  -0.05207   -0.02855   -0.02855   -0.00614    0.00950    0.13978    0.15488    0.17170
   0.21525    0.22237    0.23069
 kpt#  12, nband= 51, wtk=  1.00000, kpt=  0.0000  0.0000  0.4583 (reduced coord)
  -1.75266   -1.74900   -1.74890   -1.74845   -1.74845   -1.72665   -1.72613   -1.72527
  -1.72394   -1.72295   -1.72283   -1.72227   -1.72227   -1.71828   -1.71828   -0.73886
  -0.73862   -0.73631   -0.73631   -0.73622   -0.73610   -0.73604   -0.73584   -0.73584
  -0.73552   -0.73078   -0.73076   -0.73065   -0.72854   -0.72854   -0.48495   -0.44430
  -0.42320   -0.18695   -0.17870   -0.11986   -0.11280   -0.09019   -0.09019   -0.05207
  -0.05207   -0.02855   -0.02855   -0.00612    0.00951    0.13986    0.15487    0.17173
   0.21531    0.22165    0.23071
 kpt#  13, nband= 51, wtk=  1.00000, kpt=  0.0000  0.0000  0.4167 (reduced coord)
  -1.75368   -1.74854   -1.74843   -1.74782   -1.74782   -1.72709   -1.72594   -1.72476
  -1.72394   -1.72246   -1.72230   -1.72139   -1.72139   -1.71687   -1.71687   -0.73910
  -0.73875   -0.73620   -0.73618   -0.73618   -0.73594   -0.73588   -0.73567   -0.73567
  -0.73548   -0.73086   -0.73060   -0.73056   -0.72836   -0.72836   -0.48495   -0.44430
  -0.42321   -0.18695   -0.17871   -0.11986   -0.11280   -0.09019   -0.09019   -0.05207
  -0.05207   -0.02855   -0.02855   -0.00615    0.00951    0.14005    0.15481    0.17173
   0.21531    0.21978    0.23071
 kpt#  14, nband= 51, wtk=  1.00000, kpt=  0.0000  0.0000  0.3750 (reduced coord)
  -1.75239   -1.74853   -1.74822   -1.74724   -1.74724   -1.72609   -1.72594   -1.72452
  -1.72226   -1.72214   -1.72168   -1.72037   -1.72037   -1.71590   -1.71590   -0.73888
  -0.73861   -0.73618   -0.73601   -0.73601   -0.73594   -0.73582   -0.73557   -0.73557
  -0.73547   -0.73056   -0.73056   -0.73055   -0.72821   -0.72821   -0.48495   -0.44430
  -0.42321   -0.18695   -0.17871   -0.11986   -0.11280   -0.09019   -0.09019   -0.05207
  -0.05207   -0.02855   -0.02855   -0.00615    0.00951    0.14039    0.15472    0.17173
   0.21532    0.21730    0.23072
 kpt#  15, nband= 51, wtk=  1.00000, kpt=  0.0000  0.0000  0.3333 (reduced coord)
  -1.75097   -1.74846   -1.74822   -1.74687   -1.74687   -1.72582   -1.72498   -1.72451
  -1.72224   -1.72214   -1.71972   -1.71972   -1.71964   -1.71581   -1.71581   -0.73869
  -0.73836   -0.73617   -0.73592   -0.73590   -0.73590   -0.73583   -0.73555   -0.73555
  -0.73546   -0.73055   -0.73055   -0.73023   -0.72815   -0.72815   -0.48495   -0.44430
  -0.42321   -0.18694   -0.17871   -0.11986   -0.11279   -0.09019   -0.09019   -0.05207
  -0.05207   -0.02855   -0.02855   -0.00616    0.00952    0.14086    0.15461    0.17173
   0.21456    0.21532    0.23072
 kpt#  16, nband= 51, wtk=  1.00000, kpt=  0.0000  0.0000  0.2917 (reduced coord)
  -1.75060   -1.74862   -1.74860   -1.74735   -1.74735   -1.72566   -1.72452   -1.72427
  -1.72261   -1.72239   -1.71958   -1.71847   -1.71847   -1.71655   -1.71655   -0.73862
  -0.73832   -0.73623   -0.73592   -0.73590   -0.73590   -0.73586   -0.73557   -0.73557
  -0.73548   -0.73056   -0.73055   -0.73021   -0.72812   -0.72812   -0.48494   -0.44430
  -0.42320   -0.18694   -0.17870   -0.11986   -0.11279   -0.09019   -0.09019   -0.05207
  -0.05207   -0.02855   -0.02855   -0.00617    0.00952    0.14141    0.15445    0.17175
   0.21182    0.21535    0.23073
 kpt#  17, nband= 51, wtk=  1.00000, kpt=  0.0000  0.0000  0.2500 (reduced coord)
  -1.75065   -1.74932   -1.74797   -1.74762   -1.74762   -1.72544   -1.72511   -1.72462
  -1.72393   -1.72202   -1.72073   -1.72073   -1.71963   -1.71651   -1.71651   -0.73865
  -0.73831   -0.73630   -0.73619   -0.73619   -0.73608   -0.73592   -0.73550   -0.73550
  -0.73533   -0.73078   -0.73049   -0.73023   -0.72828   -0.72828   -0.48495   -0.44430
  -0.42320   -0.18694   -0.17870   -0.11986   -0.11279   -0.09020   -0.09020   -0.05208
  -0.05208   -0.02855   -0.02855   -0.00619    0.00952    0.14203    0.15425    0.17173
   0.20924    0.21520    0.23073
 kpt#  18, nband= 51, wtk=  1.00000, kpt=  0.0000  0.0000  0.2083 (reduced coord)
  -1.74900   -1.74895   -1.74764   -1.74761   -1.74761   -1.72534   -1.72505   -1.72286
  -1.72140   -1.72075   -1.72035   -1.72035   -1.71957   -1.71738   -1.71738   -0.73840
  -0.73795   -0.73629   -0.73616   -0.73616   -0.73594   -0.73590   -0.73558   -0.73558
  -0.73525   -0.73067   -0.73044   -0.72991   -0.72832   -0.72832   -0.48494   -0.44430
  -0.42320   -0.18693   -0.17870   -0.11986   -0.11279   -0.09020   -0.09020   -0.05208
  -0.05208   -0.02855   -0.02855   -0.00620    0.00952    0.14271    0.15404    0.17174
   0.20690    0.21522    0.23073
 kpt#  19, nband= 51, wtk=  1.00000, kpt=  0.0000  0.0000  0.1667 (reduced coord)
  -1.74812   -1.74784   -1.74741   -1.74664   -1.74664   -1.72435   -1.72403   -1.72263
  -1.72113   -1.72005   -1.71804   -1.71738   -1.71738   -1.71614   -1.71614   -0.73823
  -0.73783   -0.73602   -0.73588   -0.73581   -0.73573   -0.73573   -0.73550   -0.73550
  -0.73522   -0.73057   -0.73037   -0.72969   -0.72800   -0.72800   -0.48494   -0.44430
  -0.42320   -0.18693   -0.17870   -0.11986   -0.11278   -0.09019   -0.09019   -0.05207
  -0.05207   -0.02855   -0.02855   -0.00621    0.00953    0.14338    0.15380    0.17175
   0.20490    0.21524    0.23074
 kpt#  20, nband= 51, wtk=  1.00000, kpt=  0.0000  0.0000  0.1250 (reduced coord)
  -1.74841   -1.74791   -1.74788   -1.74788   -1.74755   -1.72450   -1.72419   -1.72267
  -1.72112   -1.72041   -1.71835   -1.71835   -1.71792   -1.71652   -1.71652   -0.73827
  -0.73782   -0.73602   -0.73598   -0.73598   -0.73591   -0.73584   -0.73555   -0.73555
  -0.73522   -0.73058   -0.73038   -0.72973   -0.72812   -0.72812   -0.48494   -0.44430
  -0.42320   -0.18692   -0.17869   -0.11986   -0.11279   -0.09019   -0.09019   -0.05207
  -0.05207   -0.02855   -0.02855   -0.00623    0.00953    0.14396    0.15355    0.17176
   0.20327    0.21525    0.23074
 kpt#  21, nband= 51, wtk=  1.00000, kpt=  0.0000  0.0000  0.0833 (reduced coord)
  -1.74647   -1.74596   -1.74596   -1.74582   -1.74498   -1.72307   -1.72301   -1.71990
  -1.71960   -1.71706   -1.71664   -1.71664   -1.71580   -1.71559   -1.71559   -0.73772
  -0.73733   -0.73600   -0.73571   -0.73570   -0.73570   -0.73532   -0.73532   -0.73530
  -0.73490   -0.73030   -0.73012   -0.72935   -0.72791   -0.72791   -0.48494   -0.44430
  -0.42318   -0.18692   -0.17866   -0.11986   -0.11277   -0.09019   -0.09019   -0.05207
  -0.05207   -0.02855   -0.02855   -0.00623    0.00953    0.14449    0.15335    0.17185
   0.20208    0.21566    0.23075
 kpt#  22, nband= 51, wtk=  1.00000, kpt=  0.0000  0.0000  0.0417 (reduced coord)
  -1.74622   -1.74580   -1.74578   -1.74578   -1.74559   -1.72299   -1.72159   -1.71992
  -1.71952   -1.71810   -1.71646   -1.71646   -1.71645   -1.71409   -1.71409   -0.73782
  -0.73743   -0.73599   -0.73555   -0.73555   -0.73555   -0.73531   -0.73531   -0.73530
  -0.73489   -0.73029   -0.72999   -0.72950   -0.72779   -0.72779   -0.48494   -0.44430
  -0.42318   -0.18692   -0.17866   -0.11986   -0.11278   -0.09019   -0.09019   -0.05207
  -0.05207   -0.02855   -0.02855   -0.00625    0.00952    0.14481    0.15318    0.17185
   0.20135    0.21566    0.23076
 kpt#  23, nband= 51, wtk=  1.00000, kpt=  0.0000  0.0000  0.0000 (reduced coord)
  -1.74452   -1.74452   -1.74375   -1.74370   -1.74338   -1.72062   -1.72046   -1.71938
  -1.71776   -1.71609   -1.71571   -1.71571   -1.71507   -1.71364   -1.71364   -0.73747
  -0.73715   -0.73538   -0.73534   -0.73534   -0.73523   -0.73523   -0.73523   -0.73521
  -0.73458   -0.73008   -0.72976   -0.72929   -0.72768   -0.72768   -0.48494   -0.44430
  -0.42317   -0.18691   -0.17865   -0.11986   -0.11277   -0.09019   -0.09019   -0.05207
  -0.05207   -0.02855   -0.02855   -0.00622    0.00953    0.14496    0.15314    0.17198
   0.20110    0.21569    0.23076
 kpt#  24, nband= 51, wtk=  1.00000, kpt=  0.0278  0.0278  0.0278 (reduced coord)
  -1.74845   -1.74708   -1.74676   -1.74616   -1.74572   -1.72464   -1.72383   -1.72306
  -1.72208   -1.71849   -1.71789   -1.71693   -1.71652   -1.71628   -1.71530   -0.73775
  -0.73756   -0.73618   -0.73597   -0.73576   -0.73565   -0.73561   -0.73550   -0.73544
  -0.73535   -0.73071   -0.73033   -0.72956   -0.72806   -0.72792   -0.48464   -0.44406
  -0.42313   -0.18787   -0.18037   -0.12214   -0.11342   -0.09102   -0.08722   -0.05284
  -0.04956   -0.02915   -0.02600   -0.00504    0.00946    0.14501    0.15241    0.17316
   0.20138    0.21556    0.22499
 kpt#  25, nband= 51, wtk=  1.00000, kpt=  0.0556  0.0556  0.0556 (reduced coord)
  -1.74645   -1.74641   -1.74613   -1.74535   -1.74503   -1.72299   -1.72204   -1.72183
  -1.72019   -1.71858   -1.71739   -1.71723   -1.71619   -1.71573   -1.71470   -0.73772
  -0.73743   -0.73572   -0.73563   -0.73557   -0.73557   -0.73551   -0.73544   -0.73544
  -0.73531   -0.73029   -0.73019   -0.72950   -0.72804   -0.72789   -0.48376   -0.44336
  -0.42299   -0.19063   -0.18484   -0.12816   -0.11460   -0.09342   -0.07929   -0.05510
  -0.04289   -0.03093   -0.01961   -0.00097    0.00952    0.14507    0.15044    0.17742
   0.20181    0.21067    0.21651
 kpt#  26, nband= 51, wtk=  1.00000, kpt=  0.0833  0.0833  0.0833 (reduced coord)
  -1.74680   -1.74581   -1.74541   -1.74487   -1.74463   -1.72236   -1.72212   -1.72130
  -1.72098   -1.71839   -1.71752   -1.71714   -1.71702   -1.71620   -1.71459   -0.73774
  -0.73750   -0.73574   -0.73559   -0.73557   -0.73551   -0.73543   -0.73539   -0.73535
  -0.73527   -0.73028   -0.73026   -0.72950   -0.72809   -0.72788   -0.48229   -0.44220
  -0.42276   -0.19485   -0.19073   -0.13628   -0.11528   -0.09721   -0.06822   -0.05867
  -0.03429   -0.03378   -0.01204    0.00674    0.01084    0.14329    0.14889    0.18399
   0.18943    0.20526    0.20603
 kpt#  27, nband= 51, wtk=  1.00000, kpt=  0.1111  0.1111  0.1111 (reduced coord)
  -1.74840   -1.74660   -1.74615   -1.74591   -1.74476   -1.72391   -1.72345   -1.72207
  -1.72177   -1.72040   -1.71852   -1.71779   -1.71749   -1.71708   -1.71463   -0.73784
  -0.73770   -0.73599   -0.73585   -0.73571   -0.73569   -0.73554   -0.73541   -0.73541
  -0.73534   -0.73049   -0.73038   -0.72964   -0.72832   -0.72794   -0.48026   -0.44061
  -0.42246   -0.20001   -0.19691   -0.14517   -0.11488   -0.10212   -0.06333   -0.05574
  -0.03755   -0.02690   -0.00434    0.01382    0.01916    0.13726    0.14976    0.16980
   0.18244    0.19229    0.20857
 kpt#  28, nband= 51, wtk=  1.00000, kpt=  0.1389  0.1389  0.1389 (reduced coord)
  -1.74783   -1.74621   -1.74606   -1.74445   -1.74286   -1.72250   -1.72193   -1.72113
  -1.72015   -1.71927   -1.71801   -1.71791   -1.71660   -1.71547   -1.71493   -0.73765
  -0.73754   -0.73596   -0.73577   -0.73576   -0.73560   -0.73538   -0.73522   -0.73512
  -0.73493   -0.73025   -0.73010   -0.72933   -0.72830   -0.72806   -0.47771   -0.43862
  -0.42209   -0.20545   -0.20275   -0.15400   -0.11327   -0.10783   -0.06877   -0.04360
  -0.04203   -0.02355    0.00465    0.02246    0.03137    0.12787    0.15060    0.15397
   0.15968    0.19531    0.20155
 kpt#  29, nband= 51, wtk=  1.00000, kpt=  0.1667  0.1667  0.1667 (reduced coord)
  -1.74764   -1.74558   -1.74557   -1.74368   -1.74171   -1.72180   -1.72111   -1.72059
  -1.71939   -1.71924   -1.71787   -1.71759   -1.71600   -1.71571   -1.71436   -0.73768
  -0.73739   -0.73592   -0.73569   -0.73563   -0.73553   -0.73524   -0.73516   -0.73499
  -0.73478   -0.73025   -0.72992   -0.72920   -0.72824   -0.72805   -0.47467   -0.43629
  -0.42167   -0.21063   -0.20782   -0.16229   -0.11407   -0.11053   -0.07473   -0.04703
  -0.03344   -0.02422    0.01580    0.03421    0.04023    0.11883    0.13509    0.14144
   0.15715    0.17204    0.21258
 kpt#  30, nband= 51, wtk=  1.00000, kpt=  0.1944  0.1944  0.1944 (reduced coord)
  -1.74751   -1.74658   -1.74598   -1.74203   -1.74134   -1.72180   -1.72093   -1.71990
  -1.71902   -1.71901   -1.71734   -1.71733   -1.71628   -1.71590   -1.71363   -0.73755
  -0.73742   -0.73594   -0.73589   -0.73575   -0.73553   -0.73516   -0.73490   -0.73481
  -0.73467   -0.73036   -0.72959   -0.72913   -0.72825   -0.72814   -0.47122   -0.43367
  -0.42121   -0.21529   -0.21172   -0.16972   -0.12056   -0.10683   -0.08096   -0.05234
  -0.02774   -0.02614    0.02763    0.04056    0.04512    0.11740    0.11749    0.13317
   0.15137    0.16210    0.21671
 kpt#  31, nband= 51, wtk=  1.00000, kpt=  0.2222  0.2222  0.2222 (reduced coord)
  -1.74749   -1.74696   -1.74679   -1.74278   -1.74240   -1.72226   -1.72102   -1.72035
  -1.71997   -1.71953   -1.71928   -1.71801   -1.71702   -1.71640   -1.71514   -0.73753
  -0.73737   -0.73616   -0.73594   -0.73588   -0.73579   -0.73537   -0.73513   -0.73485
  -0.73470   -0.73050   -0.72960   -0.72928   -0.72844   -0.72829   -0.46745   -0.43083
  -0.42070   -0.21920   -0.21421   -0.17608   -0.12706   -0.10237   -0.08724   -0.05776
  -0.03197   -0.02399    0.02738    0.04395    0.04631    0.11149    0.11735    0.13450
   0.13753    0.16831    0.22119
 kpt#  32, nband= 51, wtk=  1.00000, kpt=  0.2500  0.2500  0.2500 (reduced coord)
  -1.74636   -1.74605   -1.74530   -1.74475   -1.74164   -1.72305   -1.72069   -1.71992
  -1.71929   -1.71870   -1.71854   -1.71744   -1.71623   -1.71597   -1.71592   -0.73738
  -0.73719   -0.73611   -0.73603   -0.73589   -0.73562   -0.73555   -0.73534   -0.73456
  -0.73448   -0.73066   -0.72931   -0.72929   -0.72825   -0.72825   -0.46346   -0.42786
  -0.42012   -0.22212   -0.21525   -0.18118   -0.13338   -0.09737   -0.09336   -0.06314
  -0.03732   -0.02837    0.01845    0.03417    0.04881    0.11476    0.12030    0.12912
   0.15123    0.17609    0.22380
 kpt#  33, nband= 51, wtk=  1.00000, kpt=  0.2778  0.2778  0.2778 (reduced coord)
  -1.74721   -1.74677   -1.74669   -1.74596   -1.74202   -1.72356   -1.72175   -1.72112
  -1.72071   -1.71976   -1.71850   -1.71756   -1.71744   -1.71635   -1.71567   -0.73746
  -0.73729   -0.73630   -0.73620   -0.73612   -0.73596   -0.73567   -0.73546   -0.73457
  -0.73435   -0.73098   -0.72947   -0.72923   -0.72840   -0.72834   -0.45939   -0.42487
  -0.41946   -0.22384   -0.21490   -0.18482   -0.13938   -0.09918   -0.09213   -0.06831
  -0.04350   -0.04041    0.01123    0.01712    0.04409    0.11797    0.13039    0.13608
   0.17157    0.18548    0.22178
 kpt#  34, nband= 51, wtk=  1.00000, kpt=  0.3056  0.3056  0.3056 (reduced coord)
  -1.74698   -1.74679   -1.74614   -1.74592   -1.74200   -1.72278   -1.72167   -1.72079
  -1.72065   -1.71943   -1.71933   -1.71825   -1.71688   -1.71605   -1.71544   -0.73733
  -0.73714   -0.73630   -0.73620   -0.73617   -0.73608   -0.73568   -0.73545   -0.73445
  -0.73437   -0.73109   -0.72933   -0.72921   -0.72842   -0.72836   -0.45542   -0.42196
  -0.41865   -0.22426   -0.21329   -0.18678   -0.14491   -0.10457   -0.08712   -0.07315
  -0.05747   -0.05009   -0.00017    0.00193    0.03804    0.11686    0.14638    0.15337
   0.19292    0.19676    0.21782
 kpt#  35, nband= 51, wtk=  1.00000, kpt=  0.3333  0.3333  0.3333 (reduced coord)
  -1.74752   -1.74663   -1.74620   -1.74515   -1.74243   -1.72226   -1.72108   -1.72089
  -1.72000   -1.71960   -1.71929   -1.71855   -1.71757   -1.71641   -1.71619   -0.73733
  -0.73722   -0.73623   -0.73621   -0.73614   -0.73598   -0.73568   -0.73568   -0.73451
  -0.73430   -0.73114   -0.72935   -0.72920   -0.72842   -0.72841   -0.45173   -0.41925
  -0.41764   -0.22331   -0.21061   -0.18686   -0.14989   -0.10943   -0.08349   -0.07755
  -0.07583   -0.05734   -0.01484   -0.01266    0.03613    0.11564    0.16727    0.17010
   0.20531    0.21359    0.21654
 kpt#  36, nband= 51, wtk=  1.00000, kpt=  0.3611  0.3611  0.3611 (reduced coord)
  -1.74772   -1.74693   -1.74673   -1.74441   -1.74390   -1.72207   -1.72159   -1.72155
  -1.72064   -1.72030   -1.71947   -1.71857   -1.71725   -1.71668   -1.71655   -0.73745
  -0.73719   -0.73636   -0.73623   -0.73620   -0.73586   -0.73575   -0.73571   -0.73464
  -0.73450   -0.73110   -0.72936   -0.72934   -0.72847   -0.72845   -0.44849   -0.41702
  -0.41625   -0.22103   -0.20707   -0.18488   -0.15422   -0.11366   -0.09415   -0.08444
  -0.08140   -0.06236   -0.02995   -0.02569    0.03676    0.11572    0.18386    0.19034
   0.20911    0.20958    0.23651
 kpt#  37, nband= 51, wtk=  1.00000, kpt=  0.3889  0.3889  0.3889 (reduced coord)
  -1.74771   -1.74695   -1.74638   -1.74538   -1.74394   -1.72315   -1.72169   -1.72160
  -1.72044   -1.72032   -1.71917   -1.71904   -1.71740   -1.71681   -1.71622   -0.73738
  -0.73717   -0.73665   -0.73639   -0.73615   -0.73589   -0.73578   -0.73571   -0.73459
  -0.73443   -0.73138   -0.72932   -0.72931   -0.72845   -0.72842   -0.44584   -0.41548
  -0.41438   -0.21761   -0.20278   -0.18091   -0.15784   -0.11720   -0.11158   -0.09246
  -0.08465   -0.06233   -0.04725   -0.03301    0.03803    0.11708    0.19617    0.20619
   0.20792    0.21182    0.24234
 kpt#  38, nband= 51, wtk=  1.00000, kpt=  0.4167  0.4167  0.4167 (reduced coord)
  -1.74764   -1.74685   -1.74640   -1.74480   -1.74391   -1.72319   -1.72185   -1.72154
  -1.72034   -1.72023   -1.71905   -1.71890   -1.71767   -1.71702   -1.71630   -0.73724
  -0.73713   -0.73660   -0.73648   -0.73608   -0.73602   -0.73590   -0.73575   -0.73453
  -0.73441   -0.73144   -0.72926   -0.72917   -0.72852   -0.72847   -0.44382   -0.41415
  -0.41271   -0.21338   -0.19768   -0.17542   -0.16070   -0.12755   -0.12000   -0.10346
  -0.08723   -0.06345   -0.06015   -0.03731    0.03915    0.11933    0.20251    0.20345
   0.21020    0.22902    0.23999
 kpt#  39, nband= 51, wtk=  1.00000, kpt=  0.4444  0.4444  0.4444 (reduced coord)
  -1.74738   -1.74649   -1.74568   -1.74462   -1.74392   -1.72236   -1.72156   -1.72115
  -1.72025   -1.71997   -1.71956   -1.71812   -1.71728   -1.71676   -1.71561   -0.73723
  -0.73706   -0.73652   -0.73646   -0.73615   -0.73589   -0.73576   -0.73573   -0.73446
  -0.73436   -0.73149   -0.72919   -0.72912   -0.72853   -0.72831   -0.44245   -0.41301
  -0.41146   -0.20900   -0.19174   -0.16942   -0.16277   -0.14153   -0.12203   -0.11371
  -0.08911   -0.07718   -0.05842   -0.03942    0.03992    0.12180    0.20146    0.20153
   0.21701    0.23522    0.24004
 kpt#  40, nband= 51, wtk=  1.00000, kpt=  0.4722  0.4722  0.4722 (reduced coord)
  -1.74726   -1.74672   -1.74544   -1.74388   -1.74378   -1.72150   -1.72147   -1.72106
  -1.72024   -1.71941   -1.71842   -1.71821   -1.71754   -1.71722   -1.71572   -0.73724
  -0.73661   -0.73653   -0.73638   -0.73608   -0.73605   -0.73594   -0.73582   -0.73448
  -0.73426   -0.73133   -0.72915   -0.72887   -0.72860   -0.72844   -0.44166   -0.41224
  -0.41070   -0.20552   -0.18548   -0.16499   -0.16403   -0.15207   -0.12326   -0.12100
  -0.09025   -0.08696   -0.05751   -0.04014    0.04035    0.12373    0.20025    0.20027
   0.22041    0.23421    0.24455
 kpt#  41, nband= 51, wtk=  1.00000, kpt=  0.5000  0.5000  0.5000 (reduced coord)
  -1.74673   -1.74525   -1.74525   -1.74443   -1.74423   -1.72203   -1.72155   -1.72065
  -1.71978   -1.71926   -1.71789   -1.71766   -1.71766   -1.71551   -1.71551   -0.73724
  -0.73701   -0.73663   -0.73646   -0.73579   -0.73579   -0.73561   -0.73561   -0.73460
  -0.73426   -0.73143   -0.72920   -0.72904   -0.72821   -0.72821   -0.44141   -0.41198
  -0.41044   -0.20417   -0.18200   -0.16444   -0.16444   -0.15569   -0.12367   -0.12367
  -0.09063   -0.09063   -0.05726   -0.04027    0.04050    0.12444    0.20006    0.20006
   0.22086    0.23472    0.24545
 kpt#  42, nband= 51, wtk=  1.00000, kpt=  0.4375  0.5000  0.5000 (reduced coord)
  -1.74692   -1.74691   -1.74609   -1.74577   -1.74466   -1.72354   -1.72259   -1.72191
  -1.72092   -1.72031   -1.71930   -1.71910   -1.71763   -1.71726   -1.71594   -0.73725
  -0.73682   -0.73674   -0.73670   -0.73610   -0.73609   -0.73592   -0.73589   -0.73459
  -0.73445   -0.73169   -0.72930   -0.72895   -0.72857   -0.72854   -0.44204   -0.41266
  -0.41109   -0.20752   -0.18942   -0.17042   -0.15605   -0.15069   -0.12090   -0.11876
  -0.08662   -0.08444   -0.05784   -0.03997    0.04017    0.12262    0.20027    0.20128
   0.22056    0.23272    0.24369
 kpt#  43, nband= 51, wtk=  1.00000, kpt=  0.3750  0.5000  0.5000 (reduced coord)
  -1.74813   -1.74722   -1.74705   -1.74577   -1.74488   -1.72430   -1.72325   -1.72279
  -1.72235   -1.71997   -1.71958   -1.71915   -1.71784   -1.71708   -1.71674   -0.73719
  -0.73708   -0.73686   -0.73657   -0.73648   -0.73615   -0.73599   -0.73571   -0.73483
  -0.73436   -0.73157   -0.72939   -0.72918   -0.72873   -0.72858   -0.44381   -0.41459
  -0.41288   -0.21547   -0.20091   -0.18070   -0.14116   -0.14094   -0.11276   -0.10671
  -0.07541   -0.06846   -0.05945   -0.03838    0.03945    0.11772    0.19942    0.20334
   0.22199    0.22905    0.23198
 kpt#  44, nband= 51, wtk=  1.00000, kpt=  0.3125  0.5000  0.5000 (reduced coord)
  -1.74846   -1.74699   -1.74646   -1.74627   -1.74416   -1.72355   -1.72289   -1.72284
  -1.72272   -1.71929   -1.71904   -1.71899   -1.71824   -1.71746   -1.71675   -0.73725
  -0.73713   -0.73659   -0.73656   -0.73632   -0.73619   -0.73603   -0.73575   -0.73462
  -0.73452   -0.73146   -0.72940   -0.72922   -0.72871   -0.72845   -0.44641   -0.41738
  -0.41547   -0.22476   -0.21176   -0.19132   -0.12718   -0.12346   -0.09967   -0.09286
  -0.06203   -0.05875   -0.04654   -0.03316    0.03904    0.11107    0.19477    0.19708
   0.20711    0.21775    0.22794
 kpt#  45, nband= 51, wtk=  1.00000, kpt=  0.2500  0.5000  0.5000 (reduced coord)
  -1.74654   -1.74592   -1.74479   -1.74350   -1.74336   -1.72214   -1.72054   -1.72019
  -1.71991   -1.71857   -1.71737   -1.71737   -1.71575   -1.71575   -1.71427   -0.73726
  -0.73705   -0.73605   -0.73600   -0.73568   -0.73563   -0.73563   -0.73535   -0.73467
  -0.73450   -0.73074   -0.72940   -0.72916   -0.72832   -0.72795   -0.44933   -0.42053
  -0.41840   -0.23348   -0.22113   -0.20082   -0.10952   -0.10307   -0.08256   -0.08231
  -0.06451   -0.03999   -0.02119   -0.02040    0.04034    0.10381    0.17585    0.17718
   0.18723    0.18724    0.22891
 kpt#  46, nband= 51, wtk=  1.00000, kpt=  0.1875  0.5000  0.5000 (reduced coord)
  -1.74724   -1.74696   -1.74681   -1.74417   -1.74371   -1.72253   -1.72135   -1.72071
  -1.72013   -1.72001   -1.71921   -1.71860   -1.71794   -1.71671   -1.71648   -0.73732
  -0.73720   -0.73617   -0.73597   -0.73591   -0.73582   -0.73574   -0.73561   -0.73488
  -0.73475   -0.73064   -0.72967   -0.72931   -0.72854   -0.72831   -0.45216   -0.42354
  -0.42123   -0.24075   -0.22865   -0.20857   -0.08869   -0.08034   -0.07770   -0.06714
  -0.06151   -0.02239    0.00020    0.00650    0.04581    0.09627    0.14416    0.14863
   0.15375    0.17649    0.21356
 kpt#  47, nband= 51, wtk=  1.00000, kpt=  0.1250  0.5000  0.5000 (reduced coord)
  -1.74776   -1.74641   -1.74615   -1.74539   -1.74503   -1.72333   -1.72308   -1.72215
  -1.72091   -1.71999   -1.71953   -1.71864   -1.71817   -1.71692   -1.71603   -0.73756
  -0.73731   -0.73629   -0.73611   -0.73602   -0.73572   -0.73560   -0.73534   -0.73509
  -0.73486   -0.73063   -0.73002   -0.72941   -0.72853   -0.72826   -0.45447   -0.42601
  -0.42355   -0.24612   -0.23412   -0.21424   -0.07622   -0.06917   -0.06613   -0.05630
  -0.03901   -0.01092    0.02653    0.03260    0.05846    0.08791    0.11807    0.11917
   0.12286    0.15880    0.18298
 kpt#  48, nband= 51, wtk=  1.00000, kpt=  0.0625  0.5000  0.5000 (reduced coord)
  -1.74730   -1.74653   -1.74589   -1.74500   -1.74474   -1.72272   -1.72169   -1.72119
  -1.72092   -1.72033   -1.71877   -1.71858   -1.71782   -1.71671   -1.71632   -0.73745
  -0.73730   -0.73631   -0.73591   -0.73575   -0.73559   -0.73554   -0.73534   -0.73514
  -0.73500   -0.73037   -0.72997   -0.72940   -0.72852   -0.72821   -0.45598   -0.42761
  -0.42506   -0.24940   -0.23744   -0.21768   -0.07596   -0.07052   -0.04529   -0.03321
  -0.01803   -0.00826    0.04451    0.05434    0.07293    0.08610    0.09162    0.10537
   0.10969    0.13417    0.15140
 kpt#  49, nband= 51, wtk=  1.00000, kpt=  0.0000  0.5000  0.5000 (reduced coord)
  -1.74943   -1.74837   -1.74701   -1.74661   -1.74577   -1.72467   -1.72250   -1.72167
  -1.72135   -1.72115   -1.72114   -1.72000   -1.71939   -1.71835   -1.71808   -0.73784
  -0.73723   -0.73644   -0.73625   -0.73604   -0.73593   -0.73555   -0.73554   -0.73546
  -0.73520   -0.73043   -0.73030   -0.72958   -0.72870   -0.72859   -0.45651   -0.42816
  -0.42558   -0.25051   -0.23855   -0.21884   -0.07596   -0.07099   -0.03535   -0.01676
  -0.01457   -0.00794    0.04114    0.07108    0.07337    0.07961    0.09119    0.11641
   0.11746    0.11780    0.12544
 kpt#  50, nband= 51, wtk=  1.00000, kpt=  0.0000  0.5000  0.4375 (reduced coord)
  -1.74864   -1.74724   -1.74644   -1.74578   -1.74546   -1.72457   -1.72240   -1.72107
  -1.72098   -1.71971   -1.71940   -1.71894   -1.71891   -1.71792   -1.71765   -0.73770
  -0.73745   -0.73614   -0.73596   -0.73586   -0.73564   -0.73551   -0.73551   -0.73545
  -0.73520   -0.73040   -0.73027   -0.72963   -0.72851   -0.72824   -0.45650   -0.42816
  -0.42558   -0.25051   -0.23855   -0.21884   -0.07597   -0.07099   -0.03534   -0.01676
  -0.01457   -0.00792    0.04114    0.07109    0.07338    0.07961    0.09119    0.11641
   0.11746    0.11780    0.12544
 kpt#  51, nband= 51, wtk=  1.00000, kpt=  0.0000  0.5000  0.3750 (reduced coord)
  -1.74731   -1.74623   -1.74561   -1.74447   -1.74416   -1.72396   -1.72086   -1.71995
  -1.71955   -1.71926   -1.71858   -1.71798   -1.71752   -1.71693   -1.71566   -0.73738
  -0.73707   -0.73611   -0.73583   -0.73576   -0.73552   -0.73547   -0.73541   -0.73518
  -0.73484   -0.73026   -0.72996   -0.72935   -0.72849   -0.72808   -0.45650   -0.42816
  -0.42558   -0.25051   -0.23854   -0.21883   -0.07596   -0.07098   -0.03533   -0.01675
  -0.01456   -0.00792    0.04116    0.07110    0.07342    0.07962    0.09119    0.11643
   0.11746    0.11781    0.12546
 kpt#  52, nband= 51, wtk=  1.00000, kpt=  0.0000  0.5000  0.3125 (reduced coord)
  -1.74771   -1.74626   -1.74542   -1.74434   -1.74433   -1.72291   -1.72099   -1.72023
  -1.72001   -1.71977   -1.71807   -1.71799   -1.71681   -1.71662   -1.71649   -0.73754
  -0.73721   -0.73616   -0.73576   -0.73569   -0.73550   -0.73549   -0.73525   -0.73510
  -0.73485   -0.73022   -0.72994   -0.72946   -0.72844   -0.72808   -0.45650   -0.42816
  -0.42558   -0.25051   -0.23855   -0.21884   -0.07597   -0.07099   -0.03533   -0.01676
  -0.01455   -0.00792    0.04115    0.07111    0.07341    0.07963    0.09117    0.11640
   0.11745    0.11781    0.12547
 kpt#  53, nband= 51, wtk=  1.00000, kpt=  0.0000  0.5000  0.2500 (reduced coord)
  -1.74789   -1.74585   -1.74518   -1.74413   -1.74395   -1.72260   -1.72104   -1.71995
  -1.71973   -1.71972   -1.71870   -1.71815   -1.71730   -1.71606   -1.71584   -0.73750
  -0.73736   -0.73619   -0.73576   -0.73560   -0.73544   -0.73533   -0.73519   -0.73516
  -0.73481   -0.73020   -0.72992   -0.72947   -0.72841   -0.72805   -0.45650   -0.42816
  -0.42558   -0.25051   -0.23855   -0.21884   -0.07596   -0.07098   -0.03533   -0.01676
  -0.01456   -0.00791    0.04114    0.07112    0.07340    0.07963    0.09114    0.11639
   0.11743    0.11782    0.12547
 kpt#  54, nband= 51, wtk=  1.00000, kpt=  0.0000  0.5000  0.1875 (reduced coord)
  -1.74768   -1.74747   -1.74600   -1.74500   -1.74459   -1.72295   -1.72142   -1.72081
  -1.72064   -1.72057   -1.71979   -1.71926   -1.71817   -1.71730   -1.71633   -0.73770
  -0.73711   -0.73628   -0.73601   -0.73579   -0.73572   -0.73547   -0.73539   -0.73524
  -0.73488   -0.73037   -0.72998   -0.72945   -0.72855   -0.72832   -0.45650   -0.42816
  -0.42558   -0.25051   -0.23854   -0.21883   -0.07597   -0.07099   -0.03534   -0.01677
  -0.01456   -0.00792    0.04113    0.07112    0.07340    0.07963    0.09110    0.11637
   0.11741    0.11779    0.12543
 kpt#  55, nband= 51, wtk=  1.00000, kpt=  0.0000  0.5000  0.1250 (reduced coord)
  -1.74805   -1.74724   -1.74641   -1.74490   -1.74464   -1.72450   -1.72164   -1.72088
  -1.72082   -1.72067   -1.71922   -1.71841   -1.71778   -1.71752   -1.71523   -0.73775
  -0.73697   -0.73633   -0.73596   -0.73587   -0.73563   -0.73547   -0.73547   -0.73528
  -0.73488   -0.73030   -0.73002   -0.72948   -0.72862   -0.72824   -0.45650   -0.42816
  -0.42558   -0.25051   -0.23854   -0.21883   -0.07597   -0.07099   -0.03533   -0.01677
  -0.01456   -0.00791    0.04112    0.07114    0.07340    0.07962    0.09107    0.11635
   0.11740    0.11782    0.12545
 kpt#  56, nband= 51, wtk=  1.00000, kpt=  0.0000  0.5000  0.0625 (reduced coord)
  -1.74827   -1.74815   -1.74617   -1.74508   -1.74468   -1.72438   -1.72186   -1.72152
  -1.72089   -1.72054   -1.72045   -1.71881   -1.71804   -1.71669   -1.71592   -0.73775
  -0.73707   -0.73649   -0.73630   -0.73580   -0.73547   -0.73546   -0.73545   -0.73537
  -0.73481   -0.73035   -0.72999   -0.72951   -0.72891   -0.72807   -0.45650   -0.42816
  -0.42558   -0.25051   -0.23854   -0.21883   -0.07597   -0.07099   -0.03533   -0.01677
  -0.01456   -0.00791    0.04110    0.07115    0.07339    0.07961    0.09104    0.11634
   0.11739    0.11781    0.12544
 kpt#  57, nband= 51, wtk=  1.00000, kpt=  0.0000  0.5000  0.0000 (reduced coord)
  -1.75059   -1.74861   -1.74770   -1.74573   -1.74567   -1.72554   -1.72395   -1.72285
  -1.72189   -1.72129   -1.72092   -1.71962   -1.71961   -1.71831   -1.71685   -0.73779
  -0.73721   -0.73681   -0.73672   -0.73606   -0.73570   -0.73567   -0.73554   -0.73548
  -0.73489   -0.73044   -0.73014   -0.72959   -0.72927   -0.72834   -0.45650   -0.42816
  -0.42558   -0.25051   -0.23855   -0.21883   -0.07597   -0.07099   -0.03534   -0.01678
  -0.01456   -0.00792    0.04109    0.07114    0.07337    0.07958    0.09102    0.11633
   0.11738    0.11779    0.12542
