 Fermi (or HOMO) energy (hartree) =   0.08893   Average Vxc (hartree)=  -0.27665
 Eigenvalues (hartree) for nkpt=   6  k points:
 kpt#   1, nband= 83, wtk=  0.11111, kpt=  0.0833  0.0833  0.5000 (reduced coord)
  -4.78656   -4.78655   -3.02394   -3.02374   -3.02183   -3.02171   -3.02155   -3.02141
  -1.73773   -1.73750   -1.73690   -1.73662   -1.73608   -1.73189   -1.73188   -1.72963
  -1.72843   -1.72776   -1.72135   -1.72020   -1.71995   -1.71880   -1.71838   -1.69864
  -1.69851   -1.69794   -1.69517   -1.69503   -1.69469   -1.69364   -1.69236   -1.69117
  -1.69071   -0.71337   -0.71185   -0.71104   -0.71097   -0.71076   -0.71049   -0.70964
  -0.70959   -0.70944   -0.70921   -0.70387   -0.70376   -0.70372   -0.70190   -0.70184
  -0.45930   -0.45554   -0.43366   -0.41669   -0.39686   -0.24975   -0.24794   -0.24694
  -0.24650   -0.24600   -0.23470   -0.23419   -0.23312   -0.22901   -0.22664   -0.16930
  -0.16721   -0.13729   -0.10973   -0.09016   -0.07180   -0.06856   -0.06416   -0.04254
  -0.03390   -0.01142   -0.00867   -0.00752    0.00417    0.00567    0.01400    0.03321
   0.04494    0.10186    0.11959
 kpt#   2, nband= 83, wtk=  0.22222, kpt=  0.2500  0.0833  0.5000 (reduced coord)
  -4.78655   -4.78654   -3.02319   -3.02189   -3.02151   -3.02134   -3.02118   -3.02086
  -1.73618   -1.73541   -1.73505   -1.73290   -1.73164   -1.73115   -1.72924   -1.72798
  -1.72702   -1.72596   -1.72023   -1.71855   -1.71787   -1.71567   -1.71445   -1.69756
  -1.69565   -1.69461   -1.69394   -1.69365   -1.69278   -1.69135   -1.69053   -1.68896
  -1.68845   -0.71279   -0.71137   -0.71100   -0.71075   -0.71016   -0.70999   -0.70959
  -0.70930   -0.70886   -0.70870   -0.70381   -0.70336   -0.70269   -0.70192   -0.70161
  -0.45245   -0.44581   -0.43282   -0.40959   -0.39642   -0.24873   -0.24408   -0.24372
  -0.24327   -0.24223   -0.23587   -0.23206   -0.23166   -0.22957   -0.22853   -0.19445
  -0.19288   -0.15348   -0.13608   -0.11736   -0.08542   -0.06679   -0.05196   -0.03304
  -0.02418   -0.01405   -0.00752   -0.00367    0.00136    0.00196    0.03998    0.05769
   0.07364    0.12191    0.13063
 kpt#   3, nband= 83, wtk=  0.22222, kpt=  0.4167  0.0833  0.5000 (reduced coord)
  -4.78655   -4.78655   -3.02298   -3.02236   -3.02204   -3.02147   -3.02144   -3.02125
  -1.73609   -1.73545   -1.73499   -1.73461   -1.73336   -1.73118   -1.72965   -1.72902
  -1.72858   -1.72708   -1.71931   -1.71898   -1.71838   -1.71823   -1.71589   -1.69812
  -1.69554   -1.69519   -1.69517   -1.69444   -1.69397   -1.69150   -1.69110   -1.69079
  -1.69010   -0.71253   -0.71120   -0.71104   -0.71086   -0.71059   -0.71008   -0.70971
  -0.70944   -0.70932   -0.70873   -0.70388   -0.70336   -0.70290   -0.70208   -0.70176
  -0.44310   -0.43435   -0.43168   -0.40221   -0.39896   -0.24560   -0.24167   -0.24078
  -0.23955   -0.23884   -0.23720   -0.23565   -0.23519   -0.23374   -0.23037   -0.21966
  -0.20957   -0.18728   -0.14909   -0.14880   -0.06701   -0.03989   -0.03660   -0.03010
  -0.02936   -0.01746   -0.01013   -0.00456   -0.00350    0.01362    0.06581    0.07470
   0.08893    0.11482    0.11953
 kpt#   4, nband= 83, wtk=  0.11111, kpt=  0.2500  0.2500  0.5000 (reduced coord)
  -4.78655   -4.78654   -3.02247   -3.02227   -3.02183   -3.02172   -3.02098   -3.02084
  -1.73514   -1.73484   -1.73366   -1.73339   -1.73186   -1.73040   -1.72906   -1.72853
  -1.72818   -1.72743   -1.71926   -1.71843   -1.71733   -1.71706   -1.71411   -1.69742
  -1.69525   -1.69519   -1.69420   -1.69414   -1.69310   -1.69081   -1.69043   -1.68994
  -1.68920   -0.71258   -0.71110   -0.71099   -0.71087   -0.71076   -0.70972   -0.70947
  -0.70942   -0.70934   -0.70834   -0.70409   -0.70302   -0.70278   -0.70185   -0.70174
  -0.44650   -0.43674   -0.43133   -0.40276   -0.39421   -0.25165   -0.24272   -0.24110
  -0.24099   -0.23883   -0.23677   -0.23329   -0.23232   -0.22991   -0.22946   -0.19733
  -0.18988   -0.15920   -0.13779   -0.11428   -0.10708   -0.09101   -0.07115   -0.06877
  -0.03890   -0.02863   -0.02776   -0.01907   -0.00813   -0.00125    0.04656    0.06134
   0.07597    0.14039    0.14448
 kpt#   5, nband= 83, wtk=  0.22222, kpt=  0.4167  0.2500  0.5000 (reduced coord)
  -4.78656   -4.78655   -3.02354   -3.02268   -3.02204   -3.02165   -3.02147   -3.02145
  -1.73663   -1.73594   -1.73573   -1.73522   -1.73406   -1.73092   -1.73002   -1.72968
  -1.72958   -1.72861   -1.72024   -1.71961   -1.71922   -1.71783   -1.71652   -1.69860
  -1.69672   -1.69655   -1.69561   -1.69536   -1.69364   -1.69310   -1.69146   -1.69102
  -1.69066   -0.71252   -0.71130   -0.71126   -0.71109   -0.71100   -0.70990   -0.70987
  -0.70975   -0.70962   -0.70857   -0.70448   -0.70308   -0.70290   -0.70218   -0.70196
  -0.43878   -0.43138   -0.42469   -0.39617   -0.39298   -0.25036   -0.24349   -0.24127
  -0.24012   -0.23839   -0.23519   -0.23494   -0.23414   -0.23222   -0.23010   -0.20671
  -0.19401   -0.17452   -0.14402   -0.13939   -0.09933   -0.07470   -0.06683   -0.05802
  -0.05692   -0.04478   -0.03829   -0.03490   -0.02897   -0.02150    0.01671    0.02036
   0.06455    0.13297    0.16277
 kpt#   6, nband= 83, wtk=  0.11111, kpt=  0.4167  0.4167  0.5000 (reduced coord)
  -4.78656   -4.78655   -3.02311   -3.02290   -3.02238   -3.02186   -3.02172   -3.02107
  -1.73641   -1.73637   -1.73500   -1.73473   -1.73425   -1.73128   -1.73107   -1.73061
  -1.72922   -1.72912   -1.72002   -1.71905   -1.71903   -1.71818   -1.71733   -1.69897
  -1.69779   -1.69721   -1.69709   -1.69554   -1.69402   -1.69346   -1.69086   -1.69005
  -1.68958   -0.71229   -0.71173   -0.71139   -0.71131   -0.71075   -0.71030   -0.70980
  -0.70970   -0.70967   -0.70841   -0.70504   -0.70284   -0.70275   -0.70222   -0.70209
  -0.43400   -0.42846   -0.41678   -0.38979   -0.38638   -0.25234   -0.24878   -0.23984
  -0.23959   -0.23627   -0.23328   -0.23223   -0.23221   -0.23179   -0.23161   -0.18870
  -0.17155   -0.15337   -0.14166   -0.13837   -0.13418   -0.10279   -0.09549   -0.08357
  -0.07593   -0.06412   -0.06281   -0.05582   -0.04771   -0.03602   -0.03458   -0.00374
   0.06337    0.13844    0.16526
