 Eigenvalues (hartree) for nkpt=  10  k points:
 kpt#   1, nband=165, wtk=  0.06250, kpt=  0.0625  0.0625  0.5000 (reduced coord)
  -4.70555   -4.70555   -2.94281   -2.94255   -2.94052   -2.94048   -2.94002   -2.94001
  -1.66622   -1.66478   -1.66397   -1.66330   -1.66287   -1.66251   -1.66205   -1.66158
  -1.66151   -1.66126   -1.66022   -1.66006   -1.65981   -1.65957   -1.65907   -1.65880
  -1.65747   -1.65740   -1.65689   -1.65663   -1.65657   -1.65604   -1.65586   -1.65534
  -1.65507   -1.65453   -1.65374   -1.65367   -1.65315   -1.65311   -1.65290   -1.65245
  -1.65206   -1.64910   -1.64874   -1.64858   -1.64838   -1.64736   -1.64531   -1.64405
  -1.63800   -1.63673   -1.63631   -1.63509   -1.63452   -1.63381   -1.63369   -1.63277
  -1.63089   -1.63029   -0.65834   -0.65754   -0.65670   -0.65653   -0.65567   -0.65565
  -0.65564   -0.65563   -0.65541   -0.65470   -0.65449   -0.65404   -0.65383   -0.65356
  -0.65337   -0.65322   -0.65268   -0.65262   -0.65205   -0.65199   -0.65134   -0.64968
  -0.64957   -0.64947   -0.64914   -0.64900   -0.64876   -0.64859   -0.64855   -0.64843
  -0.64841   -0.64744   -0.64703   -0.64697   -0.64688   -0.64664   -0.64644   -0.64642
  -0.64606   -0.64604   -0.41264   -0.40605   -0.39604   -0.38424   -0.37870   -0.36844
  -0.35576   -0.35151   -0.34113   -0.33945   -0.16813   -0.16648   -0.16608   -0.16548
  -0.16487   -0.15306   -0.15280   -0.15148   -0.14631   -0.14473   -0.13033   -0.12965
  -0.11746   -0.11218   -0.09396   -0.08916   -0.06938   -0.06104   -0.05114   -0.03741
  -0.03216   -0.02566   -0.01767   -0.00602   -0.00579   -0.00153    0.00766    0.00957
   0.01632    0.01679    0.02142    0.02404    0.02681    0.03714    0.03859    0.04123
   0.04946    0.04959    0.05365    0.06039    0.07091    0.07338    0.08420    0.08896
   0.08935    0.09575    0.12591    0.13149    0.17550    0.19399    0.21340    0.22193
   0.23579    0.24639    0.25483    0.26342    0.26710
 kpt#   2, nband=165, wtk=  0.12500, kpt=  0.1875  0.0625  0.5000 (reduced coord)
  -4.70555   -4.70554   -2.94230   -2.94105   -2.94050   -2.94043   -2.94008   -2.93988
  -1.66487   -1.66304   -1.66262   -1.66162   -1.66099   -1.66032   -1.65978   -1.65943
  -1.65933   -1.65901   -1.65881   -1.65856   -1.65846   -1.65820   -1.65799   -1.65742
  -1.65698   -1.65660   -1.65647   -1.65563   -1.65546   -1.65521   -1.65497   -1.65466
  -1.65395   -1.65342   -1.65311   -1.65289   -1.65224   -1.65184   -1.65173   -1.65119
  -1.65037   -1.64982   -1.64846   -1.64807   -1.64696   -1.64529   -1.64492   -1.64457
  -1.63742   -1.63617   -1.63463   -1.63424   -1.63396   -1.63322   -1.63275   -1.63091
  -1.63057   -1.62982   -0.65792   -0.65702   -0.65638   -0.65625   -0.65557   -0.65546
  -0.65542   -0.65531   -0.65501   -0.65456   -0.65448   -0.65369   -0.65363   -0.65350
  -0.65335   -0.65304   -0.65251   -0.65249   -0.65220   -0.65184   -0.65087   -0.64936
  -0.64918   -0.64910   -0.64901   -0.64891   -0.64871   -0.64860   -0.64827   -0.64819
  -0.64809   -0.64744   -0.64693   -0.64679   -0.64678   -0.64670   -0.64634   -0.64614
  -0.64610   -0.64587   -0.40615   -0.39995   -0.39064   -0.37979   -0.37481   -0.36545
  -0.35449   -0.35122   -0.34032   -0.33919   -0.16763   -0.16421   -0.16392   -0.16349
  -0.16247   -0.15383   -0.15073   -0.14975   -0.14942   -0.14665   -0.14606   -0.14501
  -0.13162   -0.13098   -0.11600   -0.10621   -0.08344   -0.07455   -0.06663   -0.05576
  -0.03761   -0.02179   -0.01884   -0.01618   -0.00451    0.00119    0.00963    0.02303
   0.02519    0.02772    0.02930    0.03419    0.03837    0.04189    0.04967    0.05169
   0.05202    0.05532    0.05588    0.06835    0.07578    0.08701    0.09443    0.09974
   0.10626    0.10789    0.13101    0.13971    0.19055    0.20145    0.21070    0.22367
   0.22637    0.22652    0.23346    0.24019    0.24647
 kpt#   3, nband=165, wtk=  0.12500, kpt=  0.3125  0.0625  0.5000 (reduced coord)
  -4.70555   -4.70554   -2.94166   -2.94036   -2.94029   -2.94023   -2.94016   -2.94006
  -1.66344   -1.66292   -1.66253   -1.66229   -1.66189   -1.66129   -1.66020   -1.65974
  -1.65903   -1.65823   -1.65801   -1.65752   -1.65734   -1.65710   -1.65627   -1.65586
  -1.65548   -1.65528   -1.65486   -1.65428   -1.65404   -1.65393   -1.65375   -1.65334
  -1.65290   -1.65254   -1.65251   -1.65213   -1.65140   -1.65118   -1.65015   -1.64966
  -1.64952   -1.64819   -1.64771   -1.64733   -1.64709   -1.64593   -1.64448   -1.64330
  -1.63676   -1.63434   -1.63376   -1.63363   -1.63323   -1.63254   -1.63114   -1.63050
  -1.63020   -1.62925   -0.65762   -0.65662   -0.65617   -0.65578   -0.65576   -0.65545
  -0.65528   -0.65492   -0.65479   -0.65464   -0.65452   -0.65361   -0.65348   -0.65300
  -0.65290   -0.65275   -0.65254   -0.65244   -0.65240   -0.65205   -0.65050   -0.64924
  -0.64916   -0.64894   -0.64880   -0.64876   -0.64857   -0.64819   -0.64804   -0.64771
  -0.64762   -0.64724   -0.64710   -0.64694   -0.64679   -0.64673   -0.64631   -0.64604
  -0.64600   -0.64571   -0.39410   -0.38889   -0.38132   -0.37280   -0.36858   -0.36232
  -0.35511   -0.35235   -0.34008   -0.33898   -0.16761   -0.16582   -0.16496   -0.16178
  -0.16112   -0.16054   -0.15930   -0.15622   -0.15417   -0.15129   -0.15109   -0.15079
  -0.14896   -0.14712   -0.13795   -0.13289   -0.11425   -0.10210   -0.06517   -0.06018
  -0.05249   -0.02914   -0.00438   -0.00373    0.00737    0.01016    0.01365    0.02340
   0.03308    0.03512    0.03985    0.04189    0.05160    0.05275    0.05756    0.06021
   0.06048    0.06404    0.06992    0.08009    0.08285    0.08924    0.11228    0.12276
   0.12895    0.13104    0.13755    0.15280    0.17954    0.18255    0.18975    0.19030
   0.19727    0.19909    0.20880    0.21476    0.22319
 kpt#   4, nband=165, wtk=  0.12500, kpt=  0.4375  0.0625  0.5000 (reduced coord)
  -4.70555   -4.70555   -2.94154   -2.94123   -2.94094   -2.94056   -2.94015   -2.94006
  -1.66308   -1.66297   -1.66183   -1.66179   -1.66160   -1.66074   -1.66054   -1.66033
  -1.65972   -1.65931   -1.65921   -1.65837   -1.65808   -1.65734   -1.65726   -1.65686
  -1.65672   -1.65657   -1.65616   -1.65605   -1.65546   -1.65527   -1.65507   -1.65470
  -1.65434   -1.65391   -1.65343   -1.65305   -1.65257   -1.65241   -1.65206   -1.65065
  -1.65058   -1.64931   -1.64873   -1.64782   -1.64693   -1.64665   -1.64620   -1.64520
  -1.63731   -1.63491   -1.63483   -1.63434   -1.63398   -1.63390   -1.63205   -1.63175
  -1.63081   -1.63073   -0.65732   -0.65651   -0.65640   -0.65601   -0.65583   -0.65563
  -0.65549   -0.65510   -0.65494   -0.65462   -0.65427   -0.65386   -0.65357   -0.65340
  -0.65315   -0.65296   -0.65288   -0.65261   -0.65242   -0.65214   -0.65025   -0.64942
  -0.64932   -0.64904   -0.64898   -0.64867   -0.64849   -0.64838   -0.64827   -0.64801
  -0.64781   -0.64742   -0.64730   -0.64709   -0.64683   -0.64679   -0.64652   -0.64631
  -0.64611   -0.64598   -0.37875   -0.37562   -0.37176   -0.36807   -0.36521   -0.36400
  -0.36307   -0.35341   -0.34045   -0.33908   -0.18028   -0.17828   -0.16746   -0.16350
  -0.16289   -0.16035   -0.15949   -0.15724   -0.15700   -0.15542   -0.15455   -0.15407
  -0.15307   -0.14986   -0.14940   -0.14616   -0.13648   -0.12860   -0.07131   -0.07054
  -0.04189   -0.01740   -0.01143    0.01157    0.01617    0.02173    0.03007    0.03355
   0.03781    0.04202    0.04620    0.04678    0.04755    0.05364    0.05756    0.05843
   0.06403    0.07009    0.07438    0.08252    0.10455    0.11779    0.12834    0.13114
   0.13573    0.13835    0.14965    0.15312    0.15883    0.16641    0.17328    0.17548
   0.18311    0.18502    0.19221    0.19683    0.20133
 kpt#   5, nband=165, wtk=  0.06250, kpt=  0.1875  0.1875  0.5000 (reduced coord)
  -4.70556   -4.70554   -2.94193   -2.94066   -2.94060   -2.94057   -2.94037   -2.93976
  -1.66408   -1.66318   -1.66274   -1.66271   -1.66181   -1.66107   -1.66078   -1.66055
  -1.65996   -1.65931   -1.65904   -1.65857   -1.65769   -1.65718   -1.65654   -1.65643
  -1.65592   -1.65563   -1.65551   -1.65501   -1.65488   -1.65482   -1.65459   -1.65457
  -1.65382   -1.65381   -1.65359   -1.65303   -1.65240   -1.65193   -1.65105   -1.64946
  -1.64916   -1.64914   -1.64801   -1.64725   -1.64702   -1.64642   -1.64607   -1.64371
  -1.63694   -1.63539   -1.63475   -1.63464   -1.63356   -1.63226   -1.63218   -1.63116
  -1.63110   -1.62900   -0.65774   -0.65685   -0.65622   -0.65598   -0.65571   -0.65562
  -0.65531   -0.65509   -0.65495   -0.65481   -0.65468   -0.65367   -0.65345   -0.65324
  -0.65305   -0.65294   -0.65259   -0.65251   -0.65231   -0.65222   -0.65067   -0.64922
  -0.64915   -0.64910   -0.64908   -0.64899   -0.64872   -0.64816   -0.64809   -0.64791
  -0.64784   -0.64734   -0.64716   -0.64708   -0.64701   -0.64670   -0.64622   -0.64621
  -0.64607   -0.64591   -0.39981   -0.39401   -0.38539   -0.37550   -0.37114   -0.36258
  -0.35315   -0.35070   -0.33902   -0.33792   -0.16938   -0.16312   -0.16262   -0.16158
  -0.16059   -0.15339   -0.15196   -0.15079   -0.15019   -0.14994   -0.14931   -0.14734
  -0.13712   -0.13546   -0.12003   -0.11420   -0.09304   -0.07978   -0.06692   -0.05610
  -0.05086   -0.04257   -0.03021   -0.02974   -0.01847   -0.01481   -0.00208    0.00123
   0.01273    0.01753    0.02043    0.03006    0.03556    0.04166    0.04693    0.05727
   0.06539    0.06547    0.06831    0.07861    0.08594    0.09299    0.11211    0.11428
   0.12397    0.12628    0.14385    0.15699    0.18358    0.18638    0.19816    0.20024
   0.20818    0.21256    0.21542    0.22609    0.22618
 kpt#   6, nband=165, wtk=  0.12500, kpt=  0.3125  0.1875  0.5000 (reduced coord)
  -4.70555   -4.70554   -2.94134   -2.94131   -2.94039   -2.94016   -2.94015   -2.94007
  -1.66407   -1.66351   -1.66199   -1.66156   -1.66119   -1.66111   -1.66078   -1.66010
  -1.65982   -1.65944   -1.65841   -1.65780   -1.65737   -1.65695   -1.65680   -1.65624
  -1.65593   -1.65538   -1.65488   -1.65449   -1.65426   -1.65419   -1.65373   -1.65335
  -1.65317   -1.65290   -1.65241   -1.65202   -1.65169   -1.65120   -1.65086   -1.65039
  -1.64983   -1.64935   -1.64902   -1.64818   -1.64666   -1.64635   -1.64592   -1.64482
  -1.63727   -1.63454   -1.63398   -1.63391   -1.63340   -1.63338   -1.63082   -1.63065
  -1.63024   -1.63016   -0.65745   -0.65685   -0.65649   -0.65596   -0.65570   -0.65562
  -0.65557   -0.65471   -0.65470   -0.65466   -0.65443   -0.65406   -0.65357   -0.65343
  -0.65286   -0.65269   -0.65259   -0.65240   -0.65230   -0.65216   -0.65034   -0.64970
  -0.64921   -0.64903   -0.64895   -0.64880   -0.64857   -0.64821   -0.64812   -0.64780
  -0.64743   -0.64725   -0.64704   -0.64699   -0.64684   -0.64672   -0.64657   -0.64621
  -0.64615   -0.64558   -0.38825   -0.38342   -0.37650   -0.36886   -0.36537   -0.35959
  -0.35356   -0.35092   -0.33762   -0.33626   -0.16905   -0.16313   -0.16072   -0.16033
  -0.15984   -0.15912   -0.15723   -0.15655   -0.15206   -0.15168   -0.15004   -0.14928
  -0.14786   -0.14492   -0.13061   -0.12969   -0.11209   -0.10100   -0.06205   -0.05619
  -0.05148   -0.04616   -0.04179   -0.03358   -0.01849   -0.01674   -0.00197    0.00393
   0.00818    0.01384    0.02230    0.02634    0.02698    0.03206    0.04248    0.04549
   0.05406    0.05787    0.06139    0.07712    0.08717    0.10455    0.10917    0.11080
   0.11734    0.12732    0.13217    0.15284    0.18247    0.18732    0.19153    0.19194
   0.20197    0.20949    0.21111    0.22499    0.22927
 kpt#   7, nband=165, wtk=  0.12500, kpt=  0.4375  0.1875  0.5000 (reduced coord)
  -4.70555   -4.70555   -2.94184   -2.94182   -2.94056   -2.94030   -2.94026   -2.94020
  -1.66333   -1.66320   -1.66316   -1.66248   -1.66180   -1.66099   -1.66088   -1.66048
  -1.66003   -1.65911   -1.65884   -1.65866   -1.65813   -1.65794   -1.65732   -1.65717
  -1.65670   -1.65646   -1.65622   -1.65585   -1.65568   -1.65542   -1.65513   -1.65478
  -1.65404   -1.65391   -1.65324   -1.65299   -1.65269   -1.65239   -1.65149   -1.65136
  -1.65118   -1.65051   -1.65001   -1.64804   -1.64744   -1.64707   -1.64624   -1.64590
  -1.63741   -1.63618   -1.63485   -1.63463   -1.63414   -1.63343   -1.63327   -1.63147
  -1.63134   -1.63000   -0.65740   -0.65705   -0.65649   -0.65620   -0.65585   -0.65583
  -0.65545   -0.65497   -0.65495   -0.65457   -0.65444   -0.65438   -0.65377   -0.65339
  -0.65303   -0.65289   -0.65273   -0.65260   -0.65234   -0.65211   -0.65041   -0.64992
  -0.64931   -0.64913   -0.64898   -0.64888   -0.64883   -0.64835   -0.64825   -0.64802
  -0.64770   -0.64738   -0.64724   -0.64709   -0.64682   -0.64678   -0.64669   -0.64638
  -0.64607   -0.64586   -0.37396   -0.37110   -0.36766   -0.36440   -0.36193   -0.36089
  -0.36047   -0.35125   -0.33692   -0.33531   -0.17194   -0.17010   -0.16602   -0.16187
  -0.15974   -0.15909   -0.15855   -0.15694   -0.15546   -0.15442   -0.15369   -0.15254
  -0.15170   -0.14874   -0.14092   -0.13775   -0.12816   -0.12157   -0.06682   -0.06495
  -0.03982   -0.03094   -0.02168   -0.01838   -0.01603   -0.00398   -0.00043    0.00050
   0.00621    0.01130    0.01463    0.01851    0.02520    0.02810    0.03220    0.03572
   0.04697    0.05075    0.05270    0.06778    0.07879    0.08786    0.09173    0.09884
   0.10195    0.10674    0.12513    0.13860    0.18736    0.20277    0.20501    0.20608
   0.21321    0.21860    0.22765    0.22855    0.23563
 kpt#   8, nband=165, wtk=  0.06250, kpt=  0.3125  0.3125  0.5000 (reduced coord)
  -4.70556   -4.70554   -2.94194   -2.94118   -2.94072   -2.94054   -2.94035   -2.94020
  -1.66513   -1.66472   -1.66423   -1.66320   -1.66238   -1.66236   -1.66172   -1.66085
  -1.66014   -1.65960   -1.65942   -1.65878   -1.65831   -1.65814   -1.65768   -1.65758
  -1.65703   -1.65673   -1.65648   -1.65584   -1.65537   -1.65514   -1.65456   -1.65357
  -1.65314   -1.65293   -1.65265   -1.65261   -1.65181   -1.65136   -1.65133   -1.65096
  -1.65047   -1.65047   -1.64887   -1.64887   -1.64733   -1.64704   -1.64636   -1.64577
  -1.63824   -1.63542   -1.63476   -1.63453   -1.63418   -1.63324   -1.63175   -1.63113
  -1.63100   -1.63057   -0.65749   -0.65739   -0.65659   -0.65647   -0.65572   -0.65572
  -0.65553   -0.65492   -0.65478   -0.65472   -0.65464   -0.65459   -0.65373   -0.65360
  -0.65288   -0.65275   -0.65258   -0.65236   -0.65233   -0.65227   -0.65045   -0.65031
  -0.64943   -0.64935   -0.64915   -0.64908   -0.64851   -0.64839   -0.64804   -0.64773
  -0.64740   -0.64733   -0.64721   -0.64715   -0.64704   -0.64694   -0.64674   -0.64631
  -0.64626   -0.64549   -0.37796   -0.37401   -0.36862   -0.36295   -0.36049   -0.35651
  -0.35292   -0.34915   -0.33408   -0.33238   -0.17080   -0.16081   -0.16002   -0.15885
  -0.15819   -0.15726   -0.15506   -0.15438   -0.15199   -0.15196   -0.14970   -0.14912
  -0.14533   -0.13938   -0.12616   -0.12081   -0.11029   -0.10344   -0.07853   -0.07001
  -0.06117   -0.05728   -0.04585   -0.04255   -0.04146   -0.02451   -0.01513   -0.00827
  -0.00707   -0.00225    0.00236    0.00672    0.01344    0.01347    0.01899    0.02214
   0.02858    0.03823    0.04090    0.04974    0.06247    0.07534    0.07781    0.09166
   0.09289    0.10767    0.11455    0.13926    0.19733    0.22164    0.22306    0.22498
   0.23411    0.23491    0.24610    0.24826    0.25702
 kpt#   9, nband=165, wtk=  0.12500, kpt=  0.4375  0.3125  0.5000 (reduced coord)
  -4.70555   -4.70555   -2.94189   -2.94125   -2.94064   -2.94040   -2.94021   -2.94014
  -1.66337   -1.66304   -1.66300   -1.66180   -1.66166   -1.66104   -1.66073   -1.66036
  -1.65993   -1.65920   -1.65891   -1.65836   -1.65801   -1.65762   -1.65725   -1.65686
  -1.65663   -1.65628   -1.65605   -1.65578   -1.65520   -1.65493   -1.65470   -1.65436
  -1.65417   -1.65389   -1.65298   -1.65250   -1.65247   -1.65196   -1.65181   -1.65130
  -1.65125   -1.65102   -1.64836   -1.64788   -1.64694   -1.64679   -1.64627   -1.64609
  -1.63690   -1.63579   -1.63455   -1.63418   -1.63401   -1.63341   -1.63271   -1.63122
  -1.63087   -1.63058   -0.65752   -0.65726   -0.65665   -0.65637   -0.65579   -0.65567
  -0.65552   -0.65501   -0.65475   -0.65468   -0.65466   -0.65447   -0.65355   -0.65336
  -0.65278   -0.65270   -0.65263   -0.65245   -0.65241   -0.65230   -0.65047   -0.65032
  -0.64942   -0.64926   -0.64918   -0.64913   -0.64850   -0.64825   -0.64794   -0.64774
  -0.64737   -0.64720   -0.64712   -0.64711   -0.64698   -0.64696   -0.64691   -0.64631
  -0.64628   -0.64551   -0.36614   -0.36388   -0.36135   -0.35900   -0.35738   -0.35671
  -0.35665   -0.34816   -0.33155   -0.32962   -0.16942   -0.16456   -0.15896   -0.15798
  -0.15687   -0.15573   -0.15540   -0.15294   -0.15164   -0.15139   -0.15028   -0.14877
  -0.14333   -0.14086   -0.12488   -0.12274   -0.11208   -0.10956   -0.06883   -0.06524
  -0.06234   -0.05776   -0.05363   -0.04079   -0.03743   -0.03538   -0.02710   -0.02477
  -0.02314   -0.01383   -0.00839   -0.00452   -0.00184    0.00222    0.00840    0.01379
   0.02114    0.02373    0.03228    0.04043    0.04189    0.05109    0.05326    0.05605
   0.07739    0.09057    0.12003    0.13124    0.20482    0.21837    0.24431    0.24677
   0.25285    0.25921    0.26411    0.26517    0.26819
 kpt#  10, nband=165, wtk=  0.06250, kpt=  0.4375  0.4375  0.5000 (reduced coord)
  -4.70555   -4.70555   -2.94156   -2.94107   -2.94106   -2.94082   -2.94025   -2.94011
  -1.66347   -1.66313   -1.66309   -1.66238   -1.66184   -1.66178   -1.66071   -1.65969
  -1.65945   -1.65935   -1.65882   -1.65845   -1.65836   -1.65788   -1.65757   -1.65753
  -1.65737   -1.65715   -1.65653   -1.65653   -1.65593   -1.65568   -1.65548   -1.65487
  -1.65432   -1.65340   -1.65285   -1.65232   -1.65227   -1.65204   -1.65186   -1.65120
  -1.65058   -1.64968   -1.64898   -1.64827   -1.64815   -1.64773   -1.64708   -1.64623
  -1.63694   -1.63617   -1.63428   -1.63416   -1.63364   -1.63347   -1.63343   -1.63143
  -1.63078   -1.63019   -0.65784   -0.65704   -0.65694   -0.65619   -0.65585   -0.65580
  -0.65543   -0.65507   -0.65490   -0.65489   -0.65473   -0.65453   -0.65353   -0.65326
  -0.65278   -0.65275   -0.65263   -0.65253   -0.65243   -0.65241   -0.65062   -0.65044
  -0.64975   -0.64935   -0.64924   -0.64918   -0.64845   -0.64815   -0.64778   -0.64771
  -0.64734   -0.64724   -0.64719   -0.64718   -0.64699   -0.64699   -0.64696   -0.64645
  -0.64635   -0.64548   -0.35869   -0.35736   -0.35623   -0.35533   -0.35522   -0.35441
  -0.35397   -0.34593   -0.32748   -0.32533   -0.17026   -0.16849   -0.15789   -0.15747
  -0.15397   -0.15130   -0.15064   -0.15048   -0.15035   -0.14994   -0.14148   -0.14086
  -0.12666   -0.12620   -0.10752   -0.10721   -0.09784   -0.09482   -0.08619   -0.08477
  -0.07327   -0.06734   -0.06444   -0.06029   -0.05963   -0.05645   -0.05501   -0.04567
  -0.03994   -0.02895   -0.02204   -0.01942   -0.01342   -0.00996   -0.00771   -0.00038
   0.00340    0.00750    0.01425    0.01773    0.02116    0.03044    0.03311    0.04179
   0.07842    0.08553    0.12387    0.12875    0.21468    0.22529    0.24320    0.24491
   0.25289    0.25533    0.25846    0.26309    0.27793
