 Fermi (or HOMO) energy (hartree) =   0.15698   Average Vxc (hartree)=  -0.32617
 Eigenvalues (hartree) for nkpt=  10  k points:
 kpt#   1, nband=159, wtk=  0.06250, kpt=  0.0625  0.0625  0.2500 (reduced coord)
  -4.70546   -4.70546   -2.94269   -2.94257   -2.94022   -2.94012   -2.93986   -2.93980
  -1.66510   -1.66476   -1.66374   -1.66277   -1.66267   -1.66216   -1.66182   -1.66180
  -1.66143   -1.66025   -1.65985   -1.65964   -1.65930   -1.65875   -1.65848   -1.65801
  -1.65759   -1.65725   -1.65705   -1.65669   -1.65636   -1.65621   -1.65552   -1.65493
  -1.65466   -1.65415   -1.65352   -1.65321   -1.65298   -1.65268   -1.65215   -1.65191
  -1.65045   -1.64907   -1.64827   -1.64818   -1.64749   -1.64678   -1.64473   -1.64309
  -1.63769   -1.63687   -1.63565   -1.63488   -1.63431   -1.63363   -1.63299   -1.63195
  -1.63006   -1.63000   -0.65820   -0.65733   -0.65671   -0.65649   -0.65572   -0.65562
  -0.65553   -0.65551   -0.65530   -0.65460   -0.65459   -0.65403   -0.65378   -0.65352
  -0.65334   -0.65315   -0.65266   -0.65253   -0.65193   -0.65191   -0.65115   -0.64973
  -0.64945   -0.64936   -0.64904   -0.64900   -0.64873   -0.64853   -0.64849   -0.64846
  -0.64837   -0.64741   -0.64697   -0.64694   -0.64676   -0.64672   -0.64640   -0.64639
  -0.64596   -0.64590   -0.41264   -0.40605   -0.39605   -0.38424   -0.37870   -0.36845
  -0.35576   -0.35150   -0.34112   -0.33944   -0.16785   -0.16661   -0.16560   -0.16551
  -0.16449   -0.15286   -0.15247   -0.15095   -0.14606   -0.14466   -0.13034   -0.12966
  -0.11746   -0.11219   -0.09395   -0.08917   -0.06937   -0.06104   -0.05112   -0.03742
  -0.03214   -0.02567   -0.01768   -0.00603   -0.00580   -0.00153    0.00765    0.00956
   0.01632    0.01679    0.02142    0.02404    0.02680    0.03713    0.03858    0.04122
   0.04945    0.04958    0.05365    0.06038    0.07090    0.07338    0.08422    0.08903
   0.08934    0.09574    0.12590    0.13147    0.17551    0.19406    0.21358
 kpt#   2, nband=159, wtk=  0.12500, kpt=  0.1875  0.0625  0.2500 (reduced coord)
  -4.70547   -4.70545   -2.94243   -2.94114   -2.94056   -2.94041   -2.94015   -2.93998
  -1.66497   -1.66420   -1.66303   -1.66239   -1.66179   -1.66118   -1.66074   -1.66037
  -1.66016   -1.65986   -1.65934   -1.65899   -1.65863   -1.65820   -1.65793   -1.65756
  -1.65710   -1.65699   -1.65642   -1.65614   -1.65562   -1.65524   -1.65497   -1.65475
  -1.65417   -1.65389   -1.65361   -1.65338   -1.65294   -1.65222   -1.65169   -1.65122
  -1.65056   -1.65000   -1.64883   -1.64853   -1.64721   -1.64582   -1.64533   -1.64488
  -1.63759   -1.63656   -1.63499   -1.63447   -1.63422   -1.63369   -1.63329   -1.63106
  -1.63068   -1.63045   -0.65797   -0.65707   -0.65643   -0.65632   -0.65565   -0.65557
  -0.65545   -0.65539   -0.65509   -0.65466   -0.65461   -0.65370   -0.65365   -0.65357
  -0.65342   -0.65312   -0.65263   -0.65259   -0.65217   -0.65199   -0.65091   -0.64940
  -0.64925   -0.64916   -0.64908   -0.64901   -0.64876   -0.64864   -0.64831   -0.64825
  -0.64814   -0.64750   -0.64702   -0.64690   -0.64685   -0.64680   -0.64637   -0.64621
  -0.64612   -0.64600   -0.40615   -0.39996   -0.39065   -0.37979   -0.37480   -0.36546
  -0.35449   -0.35122   -0.34032   -0.33919   -0.16778   -0.16438   -0.16410   -0.16366
  -0.16247   -0.15396   -0.15106   -0.15023   -0.14943   -0.14666   -0.14632   -0.14502
  -0.13163   -0.13099   -0.11601   -0.10622   -0.08345   -0.07456   -0.06663   -0.05573
  -0.03761   -0.02180   -0.01885   -0.01619   -0.00452    0.00117    0.00962    0.02302
   0.02517    0.02770    0.02929    0.03418    0.03836    0.04188    0.04966    0.05168
   0.05201    0.05531    0.05587    0.06835    0.07578    0.08693    0.09441    0.09973
   0.10626    0.10788    0.13100    0.13970    0.19058    0.20141    0.21089
 kpt#   3, nband=159, wtk=  0.12500, kpt=  0.3125  0.0625  0.2500 (reduced coord)
  -4.70546   -4.70545   -2.94150   -2.94054   -2.94028   -2.94022   -2.94008   -2.94004
  -1.66340   -1.66324   -1.66286   -1.66258   -1.66205   -1.66164   -1.66017   -1.65983
  -1.65905   -1.65842   -1.65827   -1.65756   -1.65737   -1.65697   -1.65656   -1.65606
  -1.65597   -1.65550   -1.65480   -1.65462   -1.65445   -1.65411   -1.65359   -1.65339
  -1.65306   -1.65287   -1.65240   -1.65212   -1.65189   -1.65101   -1.65056   -1.64970
  -1.64948   -1.64826   -1.64763   -1.64720   -1.64674   -1.64589   -1.64464   -1.64328
  -1.63658   -1.63453   -1.63399   -1.63348   -1.63333   -1.63263   -1.63122   -1.63068
  -1.63024   -1.62934   -0.65758   -0.65657   -0.65621   -0.65584   -0.65581   -0.65551
  -0.65531   -0.65494   -0.65476   -0.65465   -0.65458   -0.65366   -0.65350   -0.65302
  -0.65295   -0.65278   -0.65264   -0.65249   -0.65242   -0.65203   -0.65046   -0.64924
  -0.64917   -0.64902   -0.64883   -0.64871   -0.64859   -0.64821   -0.64806   -0.64775
  -0.64766   -0.64723   -0.64717   -0.64699   -0.64689   -0.64675   -0.64634   -0.64606
  -0.64600   -0.64571   -0.39411   -0.38889   -0.38132   -0.37281   -0.36858   -0.36232
  -0.35512   -0.35234   -0.34009   -0.33898   -0.16762   -0.16570   -0.16496   -0.16164
  -0.16124   -0.16041   -0.15944   -0.15641   -0.15418   -0.15135   -0.15123   -0.15078
  -0.14905   -0.14723   -0.13796   -0.13289   -0.11426   -0.10211   -0.06518   -0.06018
  -0.05249   -0.02914   -0.00439   -0.00374    0.00736    0.01015    0.01364    0.02339
   0.03307    0.03511    0.03985    0.04189    0.05160    0.05274    0.05756    0.06021
   0.06047    0.06404    0.06991    0.08008    0.08285    0.08924    0.11227    0.12276
   0.12894    0.13104    0.13755    0.15279    0.17955    0.18254    0.18974
 kpt#   4, nband=159, wtk=  0.12500, kpt=  0.4375  0.0625  0.2500 (reduced coord)
  -4.70546   -4.70546   -2.94160   -2.94113   -2.94080   -2.94032   -2.94028   -2.93996
  -1.66337   -1.66301   -1.66289   -1.66260   -1.66161   -1.66133   -1.66069   -1.65980
  -1.65975   -1.65925   -1.65894   -1.65838   -1.65811   -1.65764   -1.65741   -1.65709
  -1.65676   -1.65651   -1.65629   -1.65584   -1.65549   -1.65507   -1.65492   -1.65446
  -1.65409   -1.65362   -1.65340   -1.65282   -1.65235   -1.65188   -1.65110   -1.65087
  -1.65037   -1.64910   -1.64818   -1.64790   -1.64684   -1.64661   -1.64624   -1.64490
  -1.63748   -1.63504   -1.63473   -1.63442   -1.63410   -1.63335   -1.63188   -1.63129
  -1.63102   -1.63018   -0.65745   -0.65654   -0.65650   -0.65601   -0.65575   -0.65564
  -0.65546   -0.65511   -0.65488   -0.65461   -0.65437   -0.65393   -0.65360   -0.65338
  -0.65315   -0.65297   -0.65279   -0.65255   -0.65237   -0.65208   -0.65036   -0.64943
  -0.64927   -0.64902   -0.64898   -0.64861   -0.64853   -0.64843   -0.64830   -0.64809
  -0.64785   -0.64751   -0.64724   -0.64702   -0.64684   -0.64675   -0.64641   -0.64626
  -0.64606   -0.64596   -0.37876   -0.37563   -0.37176   -0.36807   -0.36521   -0.36401
  -0.36307   -0.35340   -0.34045   -0.33908   -0.18029   -0.17829   -0.16747   -0.16351
  -0.16300   -0.15999   -0.15953   -0.15725   -0.15720   -0.15561   -0.15434   -0.15418
  -0.15301   -0.14954   -0.14934   -0.14615   -0.13649   -0.12861   -0.07130   -0.07055
  -0.04190   -0.01742   -0.01145    0.01156    0.01616    0.02172    0.03007    0.03354
   0.03780    0.04201    0.04620    0.04678    0.04754    0.05365    0.05756    0.05842
   0.06404    0.07009    0.07438    0.08251    0.10453    0.11779    0.12833    0.13113
   0.13573    0.13835    0.14963    0.15312    0.15882    0.16640    0.17327
 kpt#   5, nband=159, wtk=  0.06250, kpt=  0.1875  0.1875  0.2500 (reduced coord)
  -4.70547   -4.70545   -2.94162   -2.94060   -2.94050   -2.94029   -2.93998   -2.93931
  -1.66395   -1.66271   -1.66211   -1.66119   -1.66077   -1.66015   -1.65941   -1.65924
  -1.65916   -1.65879   -1.65824   -1.65778   -1.65717   -1.65659   -1.65640   -1.65632
  -1.65550   -1.65533   -1.65533   -1.65455   -1.65444   -1.65428   -1.65398   -1.65363
  -1.65334   -1.65268   -1.65247   -1.65213   -1.65142   -1.65090   -1.65084   -1.64933
  -1.64914   -1.64823   -1.64747   -1.64700   -1.64656   -1.64521   -1.64517   -1.64315
  -1.63669   -1.63490   -1.63396   -1.63368   -1.63326   -1.63192   -1.63166   -1.63049
  -1.63008   -1.62846   -0.65774   -0.65677   -0.65615   -0.65593   -0.65555   -0.65554
  -0.65523   -0.65502   -0.65484   -0.65463   -0.65449   -0.65368   -0.65335   -0.65315
  -0.65297   -0.65286   -0.65245   -0.65240   -0.65220   -0.65213   -0.65062   -0.64908
  -0.64905   -0.64899   -0.64895   -0.64890   -0.64872   -0.64814   -0.64800   -0.64781
  -0.64779   -0.64726   -0.64697   -0.64696   -0.64679   -0.64659   -0.64612   -0.64607
  -0.64599   -0.64586   -0.39982   -0.39402   -0.38540   -0.37550   -0.37113   -0.36259
  -0.35315   -0.35070   -0.33902   -0.33792   -0.16926   -0.16274   -0.16153   -0.16144
  -0.16033   -0.15314   -0.15197   -0.15049   -0.15032   -0.14947   -0.14935   -0.14682
  -0.13713   -0.13547   -0.12003   -0.11420   -0.09304   -0.07978   -0.06694   -0.05607
  -0.05087   -0.04258   -0.03022   -0.02974   -0.01842   -0.01478   -0.00204    0.00123
   0.01273    0.01752    0.02042    0.03006    0.03555    0.04167    0.04693    0.05728
   0.06539    0.06563    0.06838    0.07861    0.08594    0.09297    0.11210    0.11427
   0.12397    0.12628    0.14384    0.15698    0.18359    0.18639    0.19817
 kpt#   6, nband=159, wtk=  0.12500, kpt=  0.3125  0.1875  0.2500 (reduced coord)
  -4.70547   -4.70545   -2.94122   -2.94119   -2.94044   -2.94030   -2.94017   -2.94003
  -1.66419   -1.66362   -1.66194   -1.66166   -1.66136   -1.66104   -1.66073   -1.66037
  -1.65973   -1.65923   -1.65860   -1.65808   -1.65792   -1.65700   -1.65668   -1.65634
  -1.65617   -1.65567   -1.65505   -1.65473   -1.65439   -1.65401   -1.65396   -1.65369
  -1.65351   -1.65311   -1.65243   -1.65215   -1.65184   -1.65144   -1.65083   -1.65051
  -1.65003   -1.64947   -1.64900   -1.64814   -1.64675   -1.64639   -1.64586   -1.64449
  -1.63721   -1.63476   -1.63445   -1.63394   -1.63358   -1.63303   -1.63128   -1.63088
  -1.63073   -1.62985   -0.65757   -0.65685   -0.65659   -0.65596   -0.65576   -0.65560
  -0.65551   -0.65482   -0.65471   -0.65463   -0.65453   -0.65407   -0.65355   -0.65349
  -0.65281   -0.65269   -0.65256   -0.65246   -0.65232   -0.65214   -0.65047   -0.64971
  -0.64923   -0.64903   -0.64893   -0.64885   -0.64854   -0.64834   -0.64818   -0.64777
  -0.64748   -0.64732   -0.64704   -0.64698   -0.64689   -0.64678   -0.64655   -0.64627
  -0.64610   -0.64556   -0.38826   -0.38342   -0.37650   -0.36886   -0.36537   -0.35960
  -0.35356   -0.35091   -0.33762   -0.33627   -0.16902   -0.16314   -0.16082   -0.16025
  -0.15982   -0.15912   -0.15745   -0.15658   -0.15218   -0.15157   -0.15006   -0.14953
  -0.14792   -0.14495   -0.13062   -0.12969   -0.11210   -0.10101   -0.06207   -0.05620
  -0.05150   -0.04616   -0.04180   -0.03358   -0.01850   -0.01674   -0.00197    0.00392
   0.00820    0.01383    0.02229    0.02633    0.02698    0.03206    0.04247    0.04548
   0.05406    0.05786    0.06139    0.07711    0.08716    0.10454    0.10917    0.11080
   0.11733    0.12731    0.13217    0.15282    0.18246    0.18731    0.19154
 kpt#   7, nband=159, wtk=  0.12500, kpt=  0.4375  0.1875  0.2500 (reduced coord)
  -4.70546   -4.70546   -2.94195   -2.94171   -2.94045   -2.94036   -2.94023   -2.94012
  -1.66377   -1.66349   -1.66305   -1.66221   -1.66164   -1.66103   -1.66095   -1.66072
  -1.66013   -1.65924   -1.65901   -1.65858   -1.65809   -1.65792   -1.65745   -1.65728
  -1.65698   -1.65671   -1.65654   -1.65603   -1.65583   -1.65549   -1.65522   -1.65494
  -1.65452   -1.65420   -1.65381   -1.65304   -1.65255   -1.65214   -1.65172   -1.65142
  -1.65091   -1.65028   -1.64969   -1.64815   -1.64759   -1.64688   -1.64639   -1.64596
  -1.63738   -1.63577   -1.63524   -1.63442   -1.63416   -1.63388   -1.63298   -1.63168
  -1.63109   -1.63049   -0.65744   -0.65707   -0.65652   -0.65620   -0.65585   -0.65579
  -0.65559   -0.65493   -0.65490   -0.65470   -0.65443   -0.65435   -0.65376   -0.65347
  -0.65300   -0.65284   -0.65277   -0.65260   -0.65243   -0.65224   -0.65043   -0.64991
  -0.64927   -0.64914   -0.64901   -0.64896   -0.64879   -0.64841   -0.64825   -0.64800
  -0.64767   -0.64741   -0.64726   -0.64702   -0.64698   -0.64684   -0.64671   -0.64637
  -0.64618   -0.64583   -0.37397   -0.37111   -0.36767   -0.36441   -0.36193   -0.36090
  -0.36046   -0.35125   -0.33692   -0.33531   -0.17195   -0.17011   -0.16597   -0.16190
  -0.15964   -0.15910   -0.15856   -0.15709   -0.15551   -0.15455   -0.15366   -0.15275
  -0.15155   -0.14870   -0.14093   -0.13775   -0.12817   -0.12158   -0.06682   -0.06494
  -0.03983   -0.03095   -0.02169   -0.01839   -0.01604   -0.00398   -0.00044    0.00048
   0.00620    0.01129    0.01463    0.01850    0.02518    0.02809    0.03219    0.03571
   0.04696    0.05074    0.05271    0.06777    0.07878    0.08786    0.09173    0.09883
   0.10194    0.10675    0.12514    0.13861    0.18736    0.20277    0.20499
 kpt#   8, nband=159, wtk=  0.06250, kpt=  0.3125  0.3125  0.2500 (reduced coord)
  -4.70547   -4.70546   -2.94177   -2.94122   -2.94058   -2.94041   -2.94022   -2.94011
  -1.66428   -1.66324   -1.66311   -1.66251   -1.66195   -1.66177   -1.66129   -1.66081
  -1.66069   -1.65992   -1.65973   -1.65891   -1.65809   -1.65803   -1.65762   -1.65670
  -1.65654   -1.65607   -1.65588   -1.65524   -1.65521   -1.65467   -1.65454   -1.65392
  -1.65350   -1.65310   -1.65248   -1.65241   -1.65209   -1.65157   -1.65138   -1.65115
  -1.65066   -1.65063   -1.64921   -1.64875   -1.64703   -1.64653   -1.64646   -1.64572
  -1.63837   -1.63555   -1.63445   -1.63441   -1.63371   -1.63351   -1.63142   -1.63102
  -1.63059   -1.63051   -0.65748   -0.65732   -0.65661   -0.65636   -0.65571   -0.65565
  -0.65547   -0.65487   -0.65476   -0.65475   -0.65458   -0.65453   -0.65378   -0.65362
  -0.65278   -0.65266   -0.65262   -0.65238   -0.65234   -0.65228   -0.65043   -0.65028
  -0.64948   -0.64938   -0.64913   -0.64907   -0.64844   -0.64827   -0.64813   -0.64772
  -0.64736   -0.64729   -0.64717   -0.64710   -0.64705   -0.64687   -0.64685   -0.64627
  -0.64626   -0.64545   -0.37796   -0.37402   -0.36863   -0.36295   -0.36049   -0.35652
  -0.35293   -0.34912   -0.33408   -0.33238   -0.17086   -0.16087   -0.15968   -0.15912
  -0.15821   -0.15740   -0.15506   -0.15465   -0.15201   -0.15154   -0.14929   -0.14849
  -0.14534   -0.13938   -0.12617   -0.12081   -0.11030   -0.10345   -0.07854   -0.07002
  -0.06119   -0.05729   -0.04584   -0.04257   -0.04147   -0.02451   -0.01513   -0.00828
  -0.00707   -0.00226    0.00235    0.00672    0.01344    0.01347    0.01898    0.02214
   0.02857    0.03820    0.04089    0.04972    0.06247    0.07533    0.07781    0.09166
   0.09289    0.10767    0.11456    0.13927    0.19734    0.22165    0.22306
 kpt#   9, nband=159, wtk=  0.12500, kpt=  0.4375  0.3125  0.2500 (reduced coord)
  -4.70547   -4.70546   -2.94187   -2.94122   -2.94056   -2.94019   -2.94019   -2.93999
  -1.66350   -1.66311   -1.66274   -1.66226   -1.66152   -1.66092   -1.66059   -1.66008
  -1.65961   -1.65903   -1.65854   -1.65830   -1.65776   -1.65758   -1.65743   -1.65680
  -1.65642   -1.65619   -1.65593   -1.65563   -1.65517   -1.65471   -1.65451   -1.65421
  -1.65396   -1.65359   -1.65318   -1.65279   -1.65249   -1.65206   -1.65136   -1.65080
  -1.65062   -1.65023   -1.64913   -1.64781   -1.64718   -1.64662   -1.64648   -1.64586
  -1.63681   -1.63579   -1.63452   -1.63404   -1.63375   -1.63348   -1.63276   -1.63108
  -1.63071   -1.63023   -0.65755   -0.65719   -0.65667   -0.65632   -0.65586   -0.65567
  -0.65553   -0.65506   -0.65475   -0.65467   -0.65462   -0.65442   -0.65350   -0.65335
  -0.65276   -0.65271   -0.65261   -0.65249   -0.65243   -0.65233   -0.65044   -0.65031
  -0.64942   -0.64926   -0.64920   -0.64907   -0.64849   -0.64820   -0.64788   -0.64775
  -0.64738   -0.64721   -0.64717   -0.64706   -0.64700   -0.64693   -0.64684   -0.64635
  -0.64626   -0.64551   -0.36615   -0.36389   -0.36135   -0.35900   -0.35738   -0.35670
  -0.35665   -0.34815   -0.33156   -0.32962   -0.16924   -0.16459   -0.15886   -0.15789
  -0.15688   -0.15570   -0.15540   -0.15278   -0.15179   -0.15120   -0.15022   -0.14872
  -0.14333   -0.14087   -0.12489   -0.12275   -0.11209   -0.10956   -0.06884   -0.06525
  -0.06234   -0.05779   -0.05363   -0.04080   -0.03744   -0.03539   -0.02711   -0.02478
  -0.02315   -0.01384   -0.00839   -0.00454   -0.00184    0.00222    0.00840    0.01379
   0.02113    0.02374    0.03227    0.04043    0.04188    0.05108    0.05325    0.05605
   0.07739    0.09056    0.12004    0.13124    0.20481    0.21839    0.24431
 kpt#  10, nband=159, wtk=  0.06250, kpt=  0.4375  0.4375  0.2500 (reduced coord)
  -4.70547   -4.70546   -2.94158   -2.94104   -2.94099   -2.94075   -2.94042   -2.94034
  -1.66466   -1.66368   -1.66286   -1.66261   -1.66251   -1.66201   -1.66096   -1.66055
  -1.66032   -1.65970   -1.65947   -1.65930   -1.65894   -1.65848   -1.65809   -1.65782
  -1.65769   -1.65763   -1.65731   -1.65657   -1.65625   -1.65617   -1.65529   -1.65467
  -1.65421   -1.65389   -1.65287   -1.65249   -1.65237   -1.65208   -1.65180   -1.65156
  -1.65142   -1.64941   -1.64892   -1.64817   -1.64810   -1.64745   -1.64697   -1.64682
  -1.63697   -1.63629   -1.63501   -1.63422   -1.63407   -1.63394   -1.63322   -1.63144
  -1.63092   -1.63089   -0.65784   -0.65724   -0.65696   -0.65637   -0.65587   -0.65586
  -0.65546   -0.65510   -0.65500   -0.65489   -0.65477   -0.65455   -0.65376   -0.65347
  -0.65281   -0.65277   -0.65268   -0.65249   -0.65244   -0.65239   -0.65062   -0.65054
  -0.64977   -0.64951   -0.64923   -0.64922   -0.64848   -0.64828   -0.64800   -0.64771
  -0.64738   -0.64733   -0.64722   -0.64718   -0.64717   -0.64703   -0.64698   -0.64641
  -0.64641   -0.64549   -0.35869   -0.35736   -0.35624   -0.35533   -0.35523   -0.35441
  -0.35396   -0.34592   -0.32748   -0.32533   -0.17027   -0.16836   -0.15786   -0.15750
  -0.15422   -0.15190   -0.15078   -0.15072   -0.15044   -0.15011   -0.14150   -0.14087
  -0.12667   -0.12621   -0.10753   -0.10722   -0.09785   -0.09483   -0.08620   -0.08478
  -0.07328   -0.06735   -0.06446   -0.06031   -0.05966   -0.05647   -0.05502   -0.04568
  -0.03994   -0.02896   -0.02205   -0.01944   -0.01343   -0.00998   -0.00772   -0.00039
   0.00339    0.00749    0.01425    0.01772    0.02116    0.03043    0.03309    0.04177
   0.07840    0.08552    0.12385    0.12873    0.21466    0.22527    0.24321
