 Fermi (or HOMO) energy (hartree) =   0.10676   Average Vxc (hartree)=  -0.29200
 Eigenvalues (hartree) for nkpt=  15  k points:
 kpt#   1, nband= 98, wtk=  0.04000, kpt=  0.0500  0.0500  0.2500 (reduced coord)
  -4.75305   -4.75304   -2.99047   -2.99027   -2.98791   -2.98776   -2.98765   -2.98726
  -1.70809   -1.70801   -1.70727   -1.70693   -1.70614   -1.70460   -1.70326   -1.70257
  -1.70240   -1.70190   -1.70134   -1.70109   -1.70004   -1.69984   -1.69877   -1.69679
  -1.69602   -1.69503   -1.69217   -1.69193   -1.68575   -1.68554   -1.68374   -1.68285
  -1.68258   -1.68157   -1.68099   -1.67945   -1.67704   -1.67700   -0.69905   -0.69859
  -0.69780   -0.69740   -0.69731   -0.69709   -0.69665   -0.69657   -0.69624   -0.69616
  -0.69605   -0.69592   -0.69584   -0.69448   -0.69437   -0.69422   -0.69346   -0.69331
  -0.69275   -0.69266   -0.45163   -0.43103   -0.42512   -0.40298   -0.39399   -0.38430
  -0.21565   -0.21471   -0.21346   -0.21337   -0.21259   -0.20067   -0.19983   -0.19839
  -0.19396   -0.19222   -0.16545   -0.15376   -0.12273   -0.11223   -0.09081   -0.07762
  -0.06152   -0.05045   -0.03749   -0.02859   -0.02840   -0.02543   -0.01274   -0.00680
   0.00059    0.00821    0.01966    0.03064    0.03811    0.04280    0.04300    0.08736
   0.12411    0.14228
 kpt#   2, nband= 98, wtk=  0.08000, kpt=  0.1500  0.0500  0.2500 (reduced coord)
  -4.75305   -4.75304   -2.98990   -2.98921   -2.98816   -2.98798   -2.98767   -2.98739
  -1.70793   -1.70763   -1.70685   -1.70565   -1.70459   -1.70337   -1.70279   -1.70230
  -1.70179   -1.70136   -1.70124   -1.70087   -1.70035   -1.69879   -1.69856   -1.69613
  -1.69457   -1.69362   -1.69253   -1.69188   -1.68537   -1.68473   -1.68279   -1.68217
  -1.68171   -1.68093   -1.68059   -1.67914   -1.67763   -1.67723   -0.69877   -0.69842
  -0.69736   -0.69724   -0.69705   -0.69690   -0.69658   -0.69655   -0.69626   -0.69614
  -0.69605   -0.69595   -0.69584   -0.69444   -0.69433   -0.69429   -0.69333   -0.69317
  -0.69274   -0.69270   -0.44765   -0.42810   -0.42234   -0.40197   -0.39249   -0.38416
  -0.21544   -0.21284   -0.21226   -0.21155   -0.21113   -0.20151   -0.19908   -0.19786
  -0.19611   -0.19311   -0.17603   -0.16781   -0.13965   -0.11647   -0.10057   -0.08836
  -0.06086   -0.05436   -0.03676   -0.03587   -0.02234   -0.01014   -0.00829   -0.00158
   0.00451    0.00933    0.02734    0.03762    0.04090    0.04359    0.04633    0.09267
   0.13714    0.14864
 kpt#   3, nband= 98, wtk=  0.08000, kpt=  0.2500  0.0500  0.2500 (reduced coord)
  -4.75305   -4.75303   -2.98955   -2.98812   -2.98802   -2.98785   -2.98763   -2.98689
  -1.70774   -1.70696   -1.70595   -1.70397   -1.70317   -1.70262   -1.70178   -1.70131
  -1.70001   -1.69967   -1.69920   -1.69857   -1.69804   -1.69725   -1.69691   -1.69564
  -1.69398   -1.69276   -1.69198   -1.69052   -1.68434   -1.68276   -1.68216   -1.68153
  -1.68089   -1.67919   -1.67888   -1.67845   -1.67791   -1.67605   -0.69828   -0.69818
  -0.69693   -0.69677   -0.69668   -0.69659   -0.69655   -0.69636   -0.69624   -0.69611
  -0.69600   -0.69573   -0.69519   -0.69463   -0.69443   -0.69422   -0.69294   -0.69285
  -0.69277   -0.69256   -0.44013   -0.42296   -0.41745   -0.40081   -0.38995   -0.38464
  -0.21440   -0.21093   -0.21007   -0.20965   -0.20881   -0.20275   -0.19806   -0.19793
  -0.19538   -0.19407   -0.19278   -0.18630   -0.16235   -0.13633   -0.10813   -0.09154
  -0.08056   -0.05097   -0.02799   -0.02587   -0.01289   -0.00920    0.00249    0.00674
   0.01205    0.01591    0.02111    0.03897    0.04227    0.06286    0.06819    0.09843
   0.13767    0.15363
 kpt#   4, nband= 98, wtk=  0.08000, kpt=  0.3500  0.0500  0.2500 (reduced coord)
  -4.75304   -4.75304   -2.98917   -2.98825   -2.98800   -2.98784   -2.98776   -2.98736
  -1.70722   -1.70670   -1.70540   -1.70449   -1.70303   -1.70214   -1.70158   -1.70099
  -1.70040   -1.70017   -1.69970   -1.69920   -1.69836   -1.69803   -1.69698   -1.69511
  -1.69469   -1.69330   -1.69277   -1.69121   -1.68416   -1.68303   -1.68172   -1.68118
  -1.68090   -1.68009   -1.67859   -1.67844   -1.67754   -1.67743   -0.69799   -0.69784
  -0.69709   -0.69688   -0.69678   -0.69667   -0.69653   -0.69647   -0.69631   -0.69607
  -0.69594   -0.69565   -0.69540   -0.69479   -0.69435   -0.69403   -0.69306   -0.69292
  -0.69275   -0.69267   -0.43011   -0.41709   -0.41245   -0.40056   -0.38776   -0.38630
  -0.21226   -0.20925   -0.20850   -0.20751   -0.20662   -0.20589   -0.20486   -0.20187
  -0.19951   -0.19924   -0.19818   -0.19511   -0.18114   -0.16094   -0.11357   -0.10919
  -0.07684   -0.03547   -0.02472   -0.01796   -0.01220   -0.00067    0.00831    0.01148
   0.01496    0.02087    0.03494    0.03588    0.05256    0.07745    0.08720    0.10426
   0.13395    0.13957
 kpt#   5, nband= 98, wtk=  0.08000, kpt=  0.4500  0.0500  0.2500 (reduced coord)
  -4.75304   -4.75304   -2.98919   -2.98879   -2.98848   -2.98806   -2.98782   -2.98776
  -1.70787   -1.70688   -1.70617   -1.70581   -1.70497   -1.70379   -1.70264   -1.70194
  -1.70163   -1.70086   -1.70043   -1.69996   -1.69923   -1.69864   -1.69778   -1.69550
  -1.69429   -1.69407   -1.69363   -1.69303   -1.68525   -1.68303   -1.68270   -1.68227
  -1.68181   -1.68114   -1.67996   -1.67912   -1.67850   -1.67796   -0.69804   -0.69779
  -0.69737   -0.69708   -0.69701   -0.69687   -0.69668   -0.69647   -0.69634   -0.69611
  -0.69604   -0.69585   -0.69569   -0.69483   -0.69446   -0.69411   -0.69325   -0.69310
  -0.69289   -0.69272   -0.41970   -0.41308   -0.41179   -0.40093   -0.38793   -0.38696
  -0.21531   -0.21231   -0.21046   -0.20784   -0.20702   -0.20498   -0.20476   -0.20273
  -0.20210   -0.20186   -0.20096   -0.19769   -0.18775   -0.17938   -0.12024   -0.11939
  -0.06177   -0.04323   -0.01820   -0.01003    0.00083    0.00472    0.00942    0.01149
   0.02015    0.02338    0.02795    0.03763    0.07490    0.08550    0.09789    0.10158
   0.12099    0.13100
 kpt#   6, nband= 98, wtk=  0.04000, kpt=  0.1500  0.1500  0.2500 (reduced coord)
  -4.75305   -4.75304   -2.98967   -2.98846   -2.98807   -2.98806   -2.98789   -2.98767
  -1.70754   -1.70718   -1.70598   -1.70432   -1.70398   -1.70344   -1.70282   -1.70249
  -1.70224   -1.70116   -1.70048   -1.70045   -1.69924   -1.69895   -1.69892   -1.69580
  -1.69427   -1.69283   -1.69258   -1.69257   -1.68478   -1.68411   -1.68269   -1.68184
  -1.68143   -1.68113   -1.68023   -1.67845   -1.67797   -1.67767   -0.69863   -0.69833
  -0.69726   -0.69715   -0.69688   -0.69672   -0.69669   -0.69653   -0.69620   -0.69620
  -0.69602   -0.69579   -0.69578   -0.69451   -0.69445   -0.69428   -0.69313   -0.69303
  -0.69281   -0.69277   -0.44373   -0.42528   -0.41963   -0.40100   -0.39083   -0.38377
  -0.21653   -0.21154   -0.21100   -0.21069   -0.20994   -0.20062   -0.19895   -0.19797
  -0.19720   -0.19394   -0.18160   -0.17352   -0.14745   -0.12190   -0.10437   -0.08728
  -0.07921   -0.05688   -0.05168   -0.04355   -0.02264   -0.02217   -0.00500    0.00083
   0.01062    0.01996    0.02633    0.02764    0.04416    0.06262    0.06848    0.10069
   0.14609    0.16347
 kpt#   7, nband= 98, wtk=  0.08000, kpt=  0.2500  0.1500  0.2500 (reduced coord)
  -4.75305   -4.75303   -2.98921   -2.98818   -2.98790   -2.98786   -2.98783   -2.98727
  -1.70784   -1.70645   -1.70558   -1.70420   -1.70300   -1.70232   -1.70139   -1.70116
  -1.70063   -1.70014   -1.69950   -1.69861   -1.69809   -1.69765   -1.69727   -1.69519
  -1.69404   -1.69337   -1.69239   -1.69139   -1.68440   -1.68269   -1.68244   -1.68146
  -1.68079   -1.67967   -1.67878   -1.67834   -1.67727   -1.67646   -0.69829   -0.69807
  -0.69709   -0.69683   -0.69673   -0.69665   -0.69653   -0.69637   -0.69626   -0.69614
  -0.69595   -0.69561   -0.69532   -0.69462   -0.69450   -0.69411   -0.69299   -0.69291
  -0.69280   -0.69258   -0.43636   -0.42038   -0.41489   -0.39980   -0.38808   -0.38368
  -0.21641   -0.21000   -0.20921   -0.20864   -0.20704   -0.20182   -0.19839   -0.19792
  -0.19643   -0.19573   -0.19229   -0.18483   -0.16203   -0.13801   -0.10752   -0.08724
  -0.08207   -0.07711   -0.05694   -0.03735   -0.02740   -0.01647   -0.00800   -0.00679
   0.01150    0.01664    0.02327    0.04043    0.05609    0.07124    0.08105    0.10676
   0.14170    0.14597
 kpt#   8, nband= 98, wtk=  0.08000, kpt=  0.3500  0.1500  0.2500 (reduced coord)
  -4.75305   -4.75304   -2.98895   -2.98880   -2.98823   -2.98812   -2.98777   -2.98771
  -1.70773   -1.70707   -1.70566   -1.70514   -1.70323   -1.70247   -1.70230   -1.70158
  -1.70087   -1.70065   -1.70015   -1.69978   -1.69949   -1.69874   -1.69783   -1.69548
  -1.69479   -1.69419   -1.69352   -1.69159   -1.68475   -1.68343   -1.68247   -1.68187
  -1.68135   -1.68076   -1.67953   -1.67920   -1.67866   -1.67794   -0.69817   -0.69797
  -0.69754   -0.69721   -0.69686   -0.69668   -0.69651   -0.69640   -0.69629   -0.69619
  -0.69604   -0.69582   -0.69526   -0.69478   -0.69457   -0.69403   -0.69341   -0.69307
  -0.69289   -0.69251   -0.42669   -0.41487   -0.41019   -0.39933   -0.38571   -0.38442
  -0.21509   -0.20861   -0.20775   -0.20670   -0.20525   -0.20477   -0.20362   -0.20090
  -0.19987   -0.19814   -0.19735   -0.19455   -0.17641   -0.15823   -0.11199   -0.10458
  -0.07418   -0.07106   -0.04714   -0.02871   -0.02357   -0.01914   -0.01043   -0.00750
   0.00787    0.01210    0.01746    0.03457    0.06378    0.06895    0.07481    0.10010
   0.13272    0.14656
 kpt#   9, nband= 98, wtk=  0.08000, kpt=  0.4500  0.1500  0.2500 (reduced coord)
  -4.75304   -4.75304   -2.98960   -2.98933   -2.98825   -2.98781   -2.98764   -2.98753
  -1.70735   -1.70628   -1.70604   -1.70475   -1.70404   -1.70334   -1.70261   -1.70197
  -1.70179   -1.70130   -1.70086   -1.70015   -1.69975   -1.69937   -1.69828   -1.69528
  -1.69474   -1.69402   -1.69372   -1.69294   -1.68507   -1.68405   -1.68242   -1.68220
  -1.68174   -1.68141   -1.68089   -1.67882   -1.67829   -1.67750   -0.69794   -0.69788
  -0.69778   -0.69734   -0.69685   -0.69674   -0.69662   -0.69647   -0.69642   -0.69627
  -0.69591   -0.69587   -0.69554   -0.69475   -0.69450   -0.69404   -0.69357   -0.69304
  -0.69280   -0.69270   -0.41684   -0.41093   -0.40983   -0.39945   -0.38555   -0.38445
  -0.21225   -0.20985   -0.20931   -0.20772   -0.20670   -0.20588   -0.20415   -0.20279
  -0.20137   -0.20042   -0.19981   -0.19665   -0.18181   -0.17433   -0.11677   -0.11589
  -0.06066   -0.05176   -0.04272   -0.03181   -0.02732   -0.01535   -0.01131   -0.00520
   0.00631    0.00686    0.01223    0.02951    0.05623    0.06076    0.07424    0.08224
   0.14059    0.14855
 kpt#  10, nband= 98, wtk=  0.04000, kpt=  0.2500  0.2500  0.2500 (reduced coord)
  -4.75305   -4.75303   -2.98896   -2.98882   -2.98831   -2.98788   -2.98759   -2.98747
  -1.70700   -1.70671   -1.70592   -1.70438   -1.70250   -1.70242   -1.70164   -1.70121
  -1.70073   -1.70046   -1.69994   -1.69965   -1.69894   -1.69893   -1.69821   -1.69575
  -1.69392   -1.69376   -1.69268   -1.69250   -1.68522   -1.68295   -1.68250   -1.68170
  -1.68129   -1.68026   -1.67902   -1.67813   -1.67791   -1.67747   -0.69806   -0.69795
  -0.69771   -0.69746   -0.69670   -0.69666   -0.69651   -0.69641   -0.69628   -0.69605
  -0.69595   -0.69573   -0.69527   -0.69457   -0.69449   -0.69409   -0.69354   -0.69282
  -0.69277   -0.69251   -0.42941   -0.41599   -0.41053   -0.39839   -0.38503   -0.38238
  -0.21791   -0.20889   -0.20763   -0.20732   -0.20510   -0.20345   -0.19975   -0.19862
  -0.19640   -0.19631   -0.19312   -0.18521   -0.16312   -0.14389   -0.10775   -0.10251
  -0.08210   -0.07818   -0.07517   -0.05311   -0.04401   -0.02383   -0.01772   -0.01399
   0.00360    0.00770    0.01201    0.03146    0.05746    0.06144    0.07562    0.10211
   0.13911    0.15458
 kpt#  11, nband= 98, wtk=  0.08000, kpt=  0.3500  0.2500  0.2500 (reduced coord)
  -4.75305   -4.75304   -2.98934   -2.98867   -2.98827   -2.98797   -2.98781   -2.98762
  -1.70736   -1.70675   -1.70634   -1.70548   -1.70318   -1.70264   -1.70193   -1.70144
  -1.70111   -1.70043   -1.70021   -1.69980   -1.69944   -1.69905   -1.69829   -1.69584
  -1.69421   -1.69383   -1.69366   -1.69285   -1.68556   -1.68296   -1.68275   -1.68193
  -1.68160   -1.68101   -1.67957   -1.67862   -1.67840   -1.67801   -0.69829   -0.69805
  -0.69786   -0.69772   -0.69679   -0.69668   -0.69648   -0.69635   -0.69619   -0.69611
  -0.69598   -0.69573   -0.69519   -0.69473   -0.69460   -0.69396   -0.69381   -0.69296
  -0.69283   -0.69241   -0.42052   -0.41115   -0.40644   -0.39740   -0.38242   -0.38122
  -0.21759   -0.20758   -0.20741   -0.20687   -0.20546   -0.20264   -0.20010   -0.19990
  -0.19717   -0.19676   -0.19538   -0.19018   -0.16736   -0.15453   -0.11016   -0.10306
  -0.09816   -0.07976   -0.06715   -0.04878   -0.04412   -0.03254   -0.03106   -0.02017
  -0.01055   -0.00479    0.00431    0.01725    0.03485    0.04318    0.06275    0.08436
   0.14883    0.17043
 kpt#  12, nband= 98, wtk=  0.08000, kpt=  0.4500  0.2500  0.2500 (reduced coord)
  -4.75305   -4.75304   -2.98983   -2.98910   -2.98812   -2.98805   -2.98784   -2.98735
  -1.70810   -1.70766   -1.70585   -1.70444   -1.70359   -1.70292   -1.70242   -1.70214
  -1.70181   -1.70118   -1.70094   -1.70050   -1.70005   -1.69879   -1.69836   -1.69533
  -1.69461   -1.69432   -1.69376   -1.69320   -1.68439   -1.68375   -1.68271   -1.68228
  -1.68175   -1.68134   -1.68062   -1.67924   -1.67891   -1.67824   -0.69830   -0.69805
  -0.69773   -0.69761   -0.69691   -0.69680   -0.69653   -0.69641   -0.69633   -0.69627
  -0.69606   -0.69568   -0.69535   -0.69485   -0.69467   -0.69392   -0.69375   -0.69312
  -0.69292   -0.69257   -0.41188   -0.40776   -0.40620   -0.39701   -0.38152   -0.38018
  -0.21524   -0.21064   -0.20682   -0.20622   -0.20430   -0.20178   -0.20023   -0.19961
  -0.19896   -0.19872   -0.19718   -0.19567   -0.17015   -0.16485   -0.11250   -0.10965
  -0.08679   -0.07041   -0.06002   -0.05408   -0.05030   -0.04314   -0.02958   -0.02390
  -0.01535   -0.00975   -0.00023    0.00705    0.01587    0.02653    0.05591    0.07037
   0.15950    0.17620
 kpt#  13, nband= 98, wtk=  0.04000, kpt=  0.3500  0.3500  0.2500 (reduced coord)
  -4.75305   -4.75304   -2.98940   -2.98900   -2.98838   -2.98833   -2.98792   -2.98730
  -1.70803   -1.70789   -1.70627   -1.70478   -1.70402   -1.70316   -1.70225   -1.70198
  -1.70159   -1.70085   -1.70029   -1.70025   -1.69966   -1.69919   -1.69900   -1.69546
  -1.69488   -1.69423   -1.69417   -1.69369   -1.68428   -1.68348   -1.68258   -1.68221
  -1.68178   -1.68140   -1.68027   -1.67922   -1.67882   -1.67838   -0.69847   -0.69813
  -0.69789   -0.69762   -0.69697   -0.69682   -0.69661   -0.69634   -0.69619   -0.69617
  -0.69607   -0.69574   -0.69519   -0.69484   -0.69476   -0.69413   -0.69383   -0.69304
  -0.69299   -0.69238   -0.41301   -0.40724   -0.40300   -0.39558   -0.37923   -0.37779
  -0.21844   -0.20994   -0.20706   -0.20558   -0.20472   -0.20046   -0.20013   -0.19946
  -0.19754   -0.19671   -0.18911   -0.18451   -0.15649   -0.15243   -0.12181   -0.10950
  -0.09969   -0.09372   -0.06746   -0.06214   -0.05299   -0.05023   -0.04736   -0.04043
  -0.02684   -0.01602   -0.00650   -0.00415    0.01069    0.01989    0.04985    0.07438
   0.16096    0.18849
 kpt#  14, nband= 98, wtk=  0.08000, kpt=  0.4500  0.3500  0.2500 (reduced coord)
  -4.75305   -4.75304   -2.98946   -2.98883   -2.98826   -2.98796   -2.98781   -2.98780
  -1.70800   -1.70737   -1.70613   -1.70511   -1.70316   -1.70273   -1.70214   -1.70189
  -1.70146   -1.70095   -1.70071   -1.70049   -1.70008   -1.69947   -1.69888   -1.69539
  -1.69488   -1.69437   -1.69377   -1.69322   -1.68471   -1.68387   -1.68234   -1.68192
  -1.68156   -1.68102   -1.68061   -1.67911   -1.67836   -1.67783   -0.69860   -0.69823
  -0.69801   -0.69774   -0.69688   -0.69682   -0.69662   -0.69636   -0.69623   -0.69607
  -0.69594   -0.69565   -0.69520   -0.69482   -0.69472   -0.69408   -0.69380   -0.69298
  -0.69295   -0.69236   -0.40639   -0.40467   -0.40231   -0.39450   -0.37721   -0.37565
  -0.21726   -0.21403   -0.20621   -0.20538   -0.20291   -0.20052   -0.19859   -0.19846
  -0.19769   -0.19693   -0.18487   -0.18291   -0.15422   -0.15189   -0.11462   -0.10937
  -0.10597   -0.09338   -0.08778   -0.07602   -0.06080   -0.05786   -0.04362   -0.03789
  -0.03412   -0.02493   -0.02162   -0.01267   -0.00648   -0.00156    0.05400    0.06662
   0.16907    0.18461
 kpt#  15, nband= 98, wtk=  0.04000, kpt=  0.4500  0.4500  0.2500 (reduced coord)
  -4.75305   -4.75304   -2.98932   -2.98871   -2.98858   -2.98837   -2.98813   -2.98783
  -1.70821   -1.70784   -1.70636   -1.70537   -1.70376   -1.70338   -1.70287   -1.70261
  -1.70209   -1.70128   -1.70108   -1.70064   -1.70043   -1.69990   -1.69909   -1.69580
  -1.69566   -1.69486   -1.69455   -1.69412   -1.68502   -1.68415   -1.68222   -1.68180
  -1.68171   -1.68151   -1.68132   -1.67920   -1.67898   -1.67844   -0.69876   -0.69830
  -0.69821   -0.69768   -0.69704   -0.69700   -0.69677   -0.69628   -0.69618   -0.69616
  -0.69603   -0.69566   -0.69514   -0.69491   -0.69485   -0.69438   -0.69382   -0.69307
  -0.69304   -0.69234   -0.40302   -0.40213   -0.40010   -0.39292   -0.37441   -0.37269
  -0.21807   -0.21652   -0.20529   -0.20529   -0.20148   -0.19934   -0.19898   -0.19827
  -0.19797   -0.19773   -0.17237   -0.17098   -0.14233   -0.13238   -0.13208   -0.11081
  -0.10866   -0.10840   -0.10349   -0.09689   -0.07219   -0.06634   -0.05318   -0.04984
  -0.04148   -0.03316   -0.02776   -0.02723   -0.01983   -0.01013    0.05619    0.06489
   0.17449    0.18866
