 Fermi (or HOMO) energy (hartree) =   0.17153   Average Vxc (hartree)=  -0.33225
 Eigenvalues (hartree) for nkpt=  10  k points:
 kpt#   1, nband=138, wtk=  0.06250, kpt=  0.0625  0.0625  0.5000 (reduced coord)
  -1.65089   -1.65085   -1.65039   -1.64905   -1.64866   -1.64860   -1.64842   -1.64809
  -1.64797   -1.64736   -1.64733   -1.64639   -1.64585   -1.64564   -1.64533   -1.64422
  -1.64400   -1.64390   -1.64343   -1.64330   -1.64305   -1.64262   -1.64258   -1.64204
  -1.64190   -1.64188   -1.64098   -1.64085   -1.64061   -1.64035   -1.63927   -1.63696
  -1.63651   -1.63368   -1.63320   -1.62395   -1.62320   -1.62233   -1.62197   -1.62098
  -1.61982   -1.61920   -1.61906   -1.61805   -1.61758   -0.64376   -0.64367   -0.64251
  -0.64223   -0.64201   -0.64199   -0.64196   -0.64116   -0.64102   -0.64098   -0.64087
  -0.64086   -0.64069   -0.64013   -0.63961   -0.63953   -0.63928   -0.63919   -0.63907
  -0.63898   -0.63879   -0.63815   -0.63804   -0.63777   -0.63770   -0.63750   -0.63712
  -0.63684   -0.63674   -0.63639   -0.63632   -0.63534   -0.63524   -0.63508   -0.63480
  -0.63478   -0.63468   -0.63416   -0.63415   -0.63393   -0.63385   -0.63373   -0.63366
  -0.63349   -0.63338   -0.39896   -0.39415   -0.38625   -0.37551   -0.36341   -0.34996
  -0.33790   -0.32829   -0.32661   -0.11703   -0.11668   -0.10623   -0.10436   -0.08753
  -0.08401   -0.06329   -0.06150   -0.03905   -0.03112   -0.01957   -0.01208   -0.00615
   0.00186    0.00339    0.01121    0.01566    0.01820    0.02500    0.02871    0.03334
   0.04255    0.04293    0.05328    0.05552    0.05619    0.06387    0.06430    0.06670
   0.06726    0.08429    0.08629    0.09944    0.11171    0.13377    0.14708    0.22306
   0.23984    0.25670
 kpt#   2, nband=138, wtk=  0.12500, kpt=  0.1875  0.0625  0.5000 (reduced coord)
  -1.65051   -1.64935   -1.64917   -1.64877   -1.64753   -1.64732   -1.64713   -1.64707
  -1.64668   -1.64569   -1.64554   -1.64517   -1.64483   -1.64461   -1.64418   -1.64374
  -1.64371   -1.64337   -1.64309   -1.64264   -1.64223   -1.64216   -1.64188   -1.64154
  -1.64102   -1.64065   -1.64026   -1.64014   -1.63918   -1.63837   -1.63763   -1.63635
  -1.63578   -1.63464   -1.63337   -1.62313   -1.62234   -1.62177   -1.62042   -1.61934
  -1.61917   -1.61897   -1.61807   -1.61787   -1.61755   -0.64345   -0.64325   -0.64209
  -0.64186   -0.64180   -0.64172   -0.64168   -0.64104   -0.64100   -0.64097   -0.64084
  -0.64048   -0.64043   -0.64012   -0.63955   -0.63945   -0.63937   -0.63893   -0.63892
  -0.63884   -0.63866   -0.63808   -0.63796   -0.63789   -0.63771   -0.63729   -0.63680
  -0.63656   -0.63644   -0.63613   -0.63601   -0.63527   -0.63511   -0.63507   -0.63487
  -0.63467   -0.63460   -0.63403   -0.63389   -0.63381   -0.63376   -0.63362   -0.63358
  -0.63352   -0.63340   -0.39243   -0.38794   -0.38058   -0.37063   -0.35961   -0.34761
  -0.33728   -0.32769   -0.32647   -0.13308   -0.13235   -0.12239   -0.12039   -0.10585
  -0.10409   -0.08554   -0.06990   -0.05904   -0.05366   -0.03065   -0.00852   -0.00717
   0.00440    0.00621    0.01756    0.02810    0.03387    0.03973    0.04332    0.04710
   0.04993    0.05431    0.05991    0.06294    0.06507    0.06652    0.06888    0.07127
   0.08573    0.11140    0.11648    0.11975    0.12904    0.13805    0.15501    0.21384
   0.22609    0.24042
 kpt#   3, nband=138, wtk=  0.12500, kpt=  0.3125  0.0625  0.5000 (reduced coord)
  -1.64966   -1.64954   -1.64952   -1.64908   -1.64813   -1.64793   -1.64756   -1.64676
  -1.64591   -1.64538   -1.64523   -1.64448   -1.64422   -1.64350   -1.64319   -1.64293
  -1.64282   -1.64252   -1.64207   -1.64173   -1.64105   -1.64063   -1.64040   -1.64016
  -1.63931   -1.63914   -1.63888   -1.63878   -1.63839   -1.63772   -1.63763   -1.63611
  -1.63498   -1.63290   -1.63287   -1.62254   -1.62072   -1.62039   -1.61932   -1.61909
  -1.61892   -1.61813   -1.61787   -1.61750   -1.61651   -0.64307   -0.64298   -0.64175
  -0.64170   -0.64159   -0.64140   -0.64121   -0.64114   -0.64112   -0.64101   -0.64086
  -0.64045   -0.63992   -0.63989   -0.63980   -0.63947   -0.63933   -0.63869   -0.63864
  -0.63840   -0.63825   -0.63820   -0.63810   -0.63794   -0.63780   -0.63701   -0.63653
  -0.63640   -0.63599   -0.63585   -0.63550   -0.63534   -0.63517   -0.63506   -0.63486
  -0.63474   -0.63462   -0.63404   -0.63377   -0.63373   -0.63371   -0.63349   -0.63343
  -0.63331   -0.63310   -0.38031   -0.37658   -0.37059   -0.36262   -0.35439   -0.34605
  -0.33992   -0.32756   -0.32639   -0.15365   -0.15278   -0.14325   -0.14138   -0.12776
  -0.12730   -0.11368   -0.09859   -0.08790   -0.05068   -0.02261    0.00429    0.00928
   0.01901    0.01928    0.02093    0.03260    0.04066    0.04349    0.04987    0.05389
   0.06728    0.06733    0.06960    0.07401    0.07553    0.07758    0.08323    0.09421
   0.11478    0.13428    0.14052    0.14288    0.14723    0.15622    0.16065    0.19191
   0.20113    0.20235
 kpt#   4, nband=138, wtk=  0.12500, kpt=  0.4375  0.0625  0.5000 (reduced coord)
  -1.64933   -1.64921   -1.64895   -1.64850   -1.64810   -1.64789   -1.64778   -1.64677
  -1.64618   -1.64609   -1.64547   -1.64506   -1.64467   -1.64452   -1.64412   -1.64386
  -1.64362   -1.64352   -1.64287   -1.64268   -1.64235   -1.64183   -1.64173   -1.64139
  -1.64121   -1.64077   -1.64032   -1.63976   -1.63966   -1.63956   -1.63912   -1.63733
  -1.63722   -1.63535   -1.63516   -1.62351   -1.62213   -1.62081   -1.62069   -1.62035
  -1.62000   -1.61940   -1.61904   -1.61845   -1.61790   -0.64295   -0.64282   -0.64201
  -0.64197   -0.64151   -0.64149   -0.64142   -0.64138   -0.64120   -0.64095   -0.64079
  -0.64068   -0.64010   -0.63998   -0.63975   -0.63963   -0.63942   -0.63917   -0.63888
  -0.63865   -0.63854   -0.63849   -0.63820   -0.63800   -0.63791   -0.63677   -0.63671
  -0.63634   -0.63627   -0.63613   -0.63573   -0.63549   -0.63522   -0.63512   -0.63502
  -0.63491   -0.63464   -0.63412   -0.63405   -0.63391   -0.63380   -0.63378   -0.63370
  -0.63350   -0.63339   -0.36481   -0.36268   -0.35955   -0.35576   -0.35300   -0.35076
  -0.34973   -0.32762   -0.32655   -0.16702   -0.16537   -0.15653   -0.15410   -0.14050
  -0.13902   -0.12767   -0.12235   -0.11446   -0.03058   -0.00578   -0.00385    0.02003
   0.02452    0.03496    0.04159    0.04308    0.04835    0.05254    0.05737    0.06066
   0.06142    0.06233    0.06813    0.07194    0.08138    0.08297    0.11765    0.12736
   0.14164    0.14287    0.14793    0.14937    0.15520    0.16104    0.17030    0.17446
   0.17786    0.18367
 kpt#   5, nband=138, wtk=  0.06250, kpt=  0.1875  0.1875  0.5000 (reduced coord)
  -1.64942   -1.64905   -1.64899   -1.64841   -1.64752   -1.64670   -1.64660   -1.64611
  -1.64587   -1.64548   -1.64523   -1.64494   -1.64405   -1.64382   -1.64352   -1.64332
  -1.64265   -1.64237   -1.64215   -1.64200   -1.64187   -1.64167   -1.64143   -1.64091
  -1.64086   -1.64079   -1.64042   -1.63979   -1.63922   -1.63822   -1.63699   -1.63568
  -1.63504   -1.63373   -1.63262   -1.62235   -1.62167   -1.62093   -1.62066   -1.61998
  -1.61882   -1.61862   -1.61760   -1.61724   -1.61604   -0.64320   -0.64316   -0.64188
  -0.64159   -0.64153   -0.64153   -0.64148   -0.64115   -0.64106   -0.64105   -0.64088
  -0.64020   -0.64018   -0.64010   -0.63961   -0.63946   -0.63931   -0.63886   -0.63861
  -0.63852   -0.63849   -0.63826   -0.63794   -0.63792   -0.63787   -0.63720   -0.63675
  -0.63629   -0.63615   -0.63583   -0.63577   -0.63528   -0.63513   -0.63503   -0.63479
  -0.63479   -0.63465   -0.63391   -0.63375   -0.63372   -0.63368   -0.63363   -0.63347
  -0.63344   -0.63341   -0.38607   -0.38189   -0.37507   -0.36589   -0.35595   -0.34533
  -0.33664   -0.32642   -0.32526   -0.13815   -0.13713   -0.12754   -0.12505   -0.11064
  -0.10954   -0.09383   -0.07788   -0.06521   -0.05439   -0.03731   -0.03113   -0.02287
  -0.02116   -0.00829    0.00561    0.01317    0.02103    0.03215    0.03506    0.04515
   0.04719    0.04946    0.05589    0.07004    0.07574    0.08000    0.09210    0.10068
   0.11741    0.12530    0.13347    0.13983    0.14476    0.15561    0.17153    0.19777
   0.19902    0.20991
 kpt#   6, nband=138, wtk=  0.12500, kpt=  0.3125  0.1875  0.5000 (reduced coord)
  -1.64980   -1.64962   -1.64903   -1.64778   -1.64710   -1.64663   -1.64636   -1.64621
  -1.64590   -1.64573   -1.64518   -1.64461   -1.64410   -1.64395   -1.64351   -1.64337
  -1.64286   -1.64243   -1.64214   -1.64181   -1.64145   -1.64119   -1.64072   -1.64030
  -1.64015   -1.63995   -1.63972   -1.63966   -1.63930   -1.63852   -1.63835   -1.63748
  -1.63598   -1.63541   -1.63516   -1.62321   -1.62161   -1.62020   -1.61986   -1.61951
  -1.61918   -1.61869   -1.61826   -1.61786   -1.61761   -0.64301   -0.64285   -0.64235
  -0.64219   -0.64163   -0.64133   -0.64116   -0.64110   -0.64103   -0.64096   -0.64095
  -0.64070   -0.63979   -0.63971   -0.63965   -0.63944   -0.63937   -0.63926   -0.63923
  -0.63830   -0.63825   -0.63819   -0.63812   -0.63800   -0.63777   -0.63717   -0.63673
  -0.63659   -0.63613   -0.63575   -0.63537   -0.63533   -0.63513   -0.63494   -0.63492
  -0.63473   -0.63464   -0.63433   -0.63408   -0.63397   -0.63376   -0.63371   -0.63351
  -0.63321   -0.63299   -0.37444   -0.37100   -0.36552   -0.35826   -0.35096   -0.34371
  -0.33862   -0.32485   -0.32369   -0.14910   -0.14806   -0.13827   -0.13675   -0.12284
  -0.12078   -0.10971   -0.09679   -0.08688   -0.04489   -0.03794   -0.03085   -0.02497
  -0.01102   -0.00944    0.00337    0.01549    0.01783    0.02587    0.03129    0.03747
   0.04108    0.04476    0.05558    0.05661    0.06862    0.07148    0.09683    0.11316
   0.12239    0.12495    0.12601    0.13527    0.13827    0.15403    0.16129    0.19669
   0.20036    0.20160
 kpt#   7, nband=138, wtk=  0.12500, kpt=  0.4375  0.1875  0.5000 (reduced coord)
  -1.65028   -1.64985   -1.64886   -1.64879   -1.64844   -1.64817   -1.64678   -1.64653
  -1.64638   -1.64621   -1.64543   -1.64512   -1.64472   -1.64440   -1.64409   -1.64399
  -1.64359   -1.64337   -1.64329   -1.64307   -1.64280   -1.64239   -1.64195   -1.64184
  -1.64150   -1.64138   -1.64112   -1.64063   -1.63972   -1.63944   -1.63920   -1.63709
  -1.63646   -1.63582   -1.63573   -1.62335   -1.62193   -1.62185   -1.62075   -1.62051
  -1.62044   -1.61942   -1.61891   -1.61838   -1.61792   -0.64289   -0.64287   -0.64262
  -0.64238   -0.64147   -0.64145   -0.64134   -0.64131   -0.64128   -0.64104   -0.64102
  -0.64098   -0.63999   -0.63991   -0.63969   -0.63955   -0.63942   -0.63932   -0.63925
  -0.63850   -0.63846   -0.63840   -0.63828   -0.63815   -0.63780   -0.63722   -0.63682
  -0.63670   -0.63623   -0.63604   -0.63564   -0.63546   -0.63518   -0.63509   -0.63497
  -0.63474   -0.63468   -0.63440   -0.63413   -0.63409   -0.63388   -0.63374   -0.63362
  -0.63350   -0.63330   -0.35999   -0.35808   -0.35529   -0.35191   -0.34951   -0.34754
  -0.34664   -0.32383   -0.32277   -0.15880   -0.15698   -0.14852   -0.14560   -0.13257
  -0.13035   -0.11864   -0.11467   -0.10743   -0.02817   -0.01792   -0.01027   -0.00741
  -0.00593    0.00559    0.00892    0.01055    0.01712    0.01843    0.02597    0.03015
   0.03119    0.03718    0.03978    0.04580    0.06149    0.06360    0.09177    0.09867
   0.10495    0.10921    0.11429    0.11591    0.12522    0.13874    0.15177    0.20388
   0.21293    0.21877
 kpt#   8, nband=138, wtk=  0.06250, kpt=  0.3125  0.3125  0.5000 (reduced coord)
  -1.65082   -1.65043   -1.64989   -1.64971   -1.64919   -1.64798   -1.64705   -1.64692
  -1.64675   -1.64625   -1.64611   -1.64582   -1.64554   -1.64505   -1.64490   -1.64471
  -1.64416   -1.64400   -1.64328   -1.64278   -1.64272   -1.64239   -1.64236   -1.64147
  -1.64121   -1.64113   -1.64032   -1.63990   -1.63939   -1.63907   -1.63785   -1.63782
  -1.63730   -1.63627   -1.63386   -1.62457   -1.62340   -1.62102   -1.62079   -1.62053
  -1.61994   -1.61933   -1.61868   -1.61822   -1.61806   -0.64315   -0.64290   -0.64281
  -0.64271   -0.64179   -0.64136   -0.64133   -0.64132   -0.64131   -0.64098   -0.64098
  -0.64087   -0.64022   -0.63981   -0.63972   -0.63958   -0.63958   -0.63953   -0.63941
  -0.63867   -0.63841   -0.63822   -0.63803   -0.63792   -0.63789   -0.63778   -0.63734
  -0.63660   -0.63613   -0.63573   -0.63537   -0.63536   -0.63521   -0.63510   -0.63495
  -0.63491   -0.63488   -0.63474   -0.63461   -0.63410   -0.63402   -0.63372   -0.63368
  -0.63317   -0.63294   -0.36407   -0.36132   -0.35704   -0.35147   -0.34631   -0.34145
  -0.33838   -0.32094   -0.31983   -0.14447   -0.14295   -0.13324   -0.13179   -0.11642
  -0.11543   -0.10159   -0.09705   -0.08926   -0.06500   -0.05864   -0.04836   -0.03507
  -0.03072   -0.02054   -0.00422   -0.00023    0.00401    0.01090    0.01379    0.02215
   0.02395    0.02760    0.03030    0.03124    0.04025    0.04151    0.06045    0.08059
   0.09129    0.10194    0.10629    0.11074    0.11388    0.14251    0.14403    0.22060
   0.22425    0.23727
 kpt#   9, nband=138, wtk=  0.12500, kpt=  0.4375  0.3125  0.5000 (reduced coord)
  -1.64861   -1.64838   -1.64787   -1.64702   -1.64664   -1.64648   -1.64619   -1.64553
  -1.64544   -1.64520   -1.64425   -1.64405   -1.64367   -1.64341   -1.64306   -1.64282
  -1.64258   -1.64252   -1.64229   -1.64194   -1.64127   -1.64091   -1.64049   -1.64021
  -1.64002   -1.63990   -1.63939   -1.63929   -1.63915   -1.63814   -1.63741   -1.63652
  -1.63612   -1.63572   -1.63354   -1.62229   -1.62139   -1.62078   -1.61981   -1.61972
  -1.61887   -1.61857   -1.61725   -1.61702   -1.61574   -0.64299   -0.64287   -0.64267
  -0.64240   -0.64182   -0.64125   -0.64106   -0.64103   -0.64097   -0.64092   -0.64077
  -0.64074   -0.63991   -0.63952   -0.63951   -0.63943   -0.63936   -0.63928   -0.63896
  -0.63833   -0.63814   -0.63805   -0.63795   -0.63787   -0.63780   -0.63755   -0.63714
  -0.63633   -0.63587   -0.63560   -0.63522   -0.63519   -0.63511   -0.63480   -0.63472
  -0.63463   -0.63458   -0.63436   -0.63428   -0.63386   -0.63372   -0.63356   -0.63345
  -0.63310   -0.63284   -0.35211   -0.35067   -0.34861   -0.34608   -0.34449   -0.34311
  -0.34255   -0.31813   -0.31709   -0.14401   -0.14186   -0.13404   -0.13005   -0.11821
  -0.11432   -0.10196   -0.10059   -0.09509   -0.05487   -0.05324   -0.04449   -0.03290
  -0.02452   -0.02291   -0.01970   -0.01498   -0.01219   -0.00915    0.00070    0.00498
   0.00795    0.01096    0.01356    0.01989    0.03198    0.03437    0.04647    0.05920
   0.06132    0.06990    0.07826    0.08991    0.11458    0.12992    0.14702    0.21946
   0.23731    0.25528
 kpt#  10, nband=138, wtk=  0.06250, kpt=  0.4375  0.4375  0.5000 (reduced coord)
  -1.65165   -1.65144   -1.65029   -1.65016   -1.64857   -1.64734   -1.64722   -1.64717
  -1.64675   -1.64666   -1.64620   -1.64565   -1.64534   -1.64476   -1.64449   -1.64431
  -1.64383   -1.64356   -1.64350   -1.64276   -1.64259   -1.64231   -1.64195   -1.64175
  -1.64109   -1.64096   -1.64076   -1.64066   -1.64032   -1.63932   -1.63845   -1.63722
  -1.63634   -1.63401   -1.63290   -1.62288   -1.62202   -1.62170   -1.62149   -1.62080
  -1.62071   -1.62003   -1.61871   -1.61779   -1.61677   -0.64331   -0.64323   -0.64311
  -0.64270   -0.64205   -0.64158   -0.64135   -0.64133   -0.64128   -0.64108   -0.64078
  -0.64074   -0.64054   -0.63979   -0.63976   -0.63949   -0.63948   -0.63945   -0.63938
  -0.63863   -0.63854   -0.63803   -0.63802   -0.63788   -0.63785   -0.63782   -0.63757
  -0.63669   -0.63625   -0.63555   -0.63534   -0.63531   -0.63517   -0.63510   -0.63499
  -0.63493   -0.63484   -0.63478   -0.63461   -0.63414   -0.63398   -0.63369   -0.63357
  -0.63303   -0.63280   -0.34457   -0.34384   -0.34288   -0.34177   -0.34134   -0.34094
  -0.34083   -0.31382   -0.31279   -0.12917   -0.12670   -0.11906   -0.11392   -0.10266
  -0.09717   -0.08841   -0.08303   -0.08129   -0.07485   -0.07050   -0.06443   -0.05431
  -0.05199   -0.05095   -0.04308   -0.03803   -0.03616   -0.02410   -0.01948   -0.00928
  -0.00633   -0.00389    0.00371    0.00443    0.00787    0.01384    0.02442    0.02675
   0.03654    0.04326    0.07521    0.08429    0.11793    0.12740    0.14850    0.22872
   0.25221    0.26216
