 Eigenvalues (hartree) for nkpt=  57  k points:
 kpt#   1, nband= 60, wtk=  1.00000, kpt=  0.5000  0.5000  0.0000 (reduced coord)
  -4.84863   -4.84863   -3.08526   -3.08492   -3.08460   -3.08460   -3.08440   -3.08405
  -1.80134   -1.80117   -1.80117   -1.79876   -1.79695   -1.79369   -1.79360   -1.79360
  -1.79353   -1.79296   -1.72706   -1.72675   -1.72524   -1.72521   -1.72521   -0.76280
  -0.76097   -0.76097   -0.75758   -0.75573   -0.49439   -0.48941   -0.40502   -0.31382
  -0.31382   -0.30115   -0.30115   -0.29617   -0.29617   -0.29572   -0.29549   -0.29540
  -0.29413   -0.20221   -0.20221   -0.19666   -0.13331   -0.13331   -0.12321   -0.12282
  -0.11761   -0.11761   -0.00713    0.07111    0.10452    0.10452    0.11292    0.14343
   0.23199    0.23199    0.27515    0.27515
 kpt#   2, nband= 60, wtk=  1.00000, kpt=  0.4500  0.4500  0.0500 (reduced coord)
  -4.84863   -4.84862   -3.08508   -3.08447   -3.08416   -3.08411   -3.08384   -3.08328
  -1.79959   -1.79939   -1.79796   -1.79632   -1.79614   -1.79373   -1.79332   -1.79261
  -1.79197   -1.79048   -1.72711   -1.72616   -1.72391   -1.72375   -1.72157   -0.76246
  -0.76076   -0.76057   -0.75748   -0.75564   -0.49486   -0.48984   -0.40588   -0.31369
  -0.31213   -0.30099   -0.30091   -0.29732   -0.29522   -0.29483   -0.29400   -0.29387
  -0.29267   -0.20561   -0.20093   -0.19843   -0.13342   -0.13189   -0.12669   -0.11869
  -0.11619   -0.10444   -0.00785    0.07101    0.10492    0.10522    0.11439    0.14366
   0.23326    0.23725    0.25923    0.27390
 kpt#   3, nband= 60, wtk=  1.00000, kpt=  0.4000  0.4000  0.1000 (reduced coord)
  -4.84862   -4.84862   -3.08462   -3.08415   -3.08376   -3.08307   -3.08299   -3.08272
  -1.79728   -1.79726   -1.79580   -1.79534   -1.79529   -1.79145   -1.79138   -1.79107
  -1.78975   -1.78854   -1.72564   -1.72472   -1.72169   -1.72133   -1.71970   -0.76224
  -0.76033   -0.76012   -0.75718   -0.75552   -0.49647   -0.49077   -0.40842   -0.31339
  -0.30901   -0.30144   -0.29988   -0.29853   -0.29431   -0.29396   -0.29292   -0.29189
  -0.29182   -0.21368   -0.19923   -0.19775   -0.14176   -0.12771   -0.11852   -0.11201
  -0.10698   -0.08153   -0.01012    0.07157    0.10571    0.10709    0.11822    0.14533
   0.23236    0.23693    0.24556    0.26285
 kpt#   4, nband= 60, wtk=  1.00000, kpt=  0.3500  0.3500  0.1500 (reduced coord)
  -4.84863   -4.84861   -3.08556   -3.08420   -3.08407   -3.08347   -3.08294   -3.08260
  -1.79815   -1.79802   -1.79675   -1.79594   -1.79572   -1.79199   -1.79194   -1.79112
  -1.79061   -1.79037   -1.72642   -1.72516   -1.72255   -1.72221   -1.72063   -0.76218
  -0.76051   -0.76046   -0.75711   -0.75571   -0.49950   -0.49175   -0.41241   -0.31420
  -0.30513   -0.30264   -0.30073   -0.30053   -0.29604   -0.29488   -0.29385   -0.29280
  -0.29192   -0.22043   -0.19867   -0.19252   -0.14752   -0.12103   -0.10988   -0.10536
  -0.09489   -0.05024   -0.01394    0.07350    0.10622    0.11174    0.12284    0.14777
   0.19908    0.23162    0.24173    0.25417
 kpt#   5, nband= 60, wtk=  1.00000, kpt=  0.3000  0.3000  0.2000 (reduced coord)
  -4.84862   -4.84861   -3.08490   -3.08439   -3.08372   -3.08339   -3.08306   -3.08291
  -1.79811   -1.79799   -1.79741   -1.79615   -1.79402   -1.79362   -1.79106   -1.79041
  -1.79024   -1.78932   -1.72784   -1.72334   -1.72184   -1.72164   -1.72106   -0.76234
  -0.76034   -0.76034   -0.75715   -0.75555   -0.50360   -0.49254   -0.41746   -0.31389
  -0.30315   -0.30313   -0.30232   -0.30054   -0.29827   -0.29475   -0.29402   -0.29185
  -0.29167   -0.22309   -0.19642   -0.18527   -0.14984   -0.11215   -0.10128   -0.09661
  -0.08490   -0.01941   -0.01322    0.07662    0.10509    0.11775    0.13059    0.14475
   0.16763    0.21228    0.22766    0.23885
 kpt#   6, nband= 60, wtk=  1.00000, kpt=  0.2500  0.2500  0.2500 (reduced coord)
  -4.84863   -4.84861   -3.08526   -3.08440   -3.08427   -3.08359   -3.08351   -3.08327
  -1.79899   -1.79852   -1.79789   -1.79704   -1.79528   -1.79432   -1.79264   -1.79173
  -1.79151   -1.78997   -1.72808   -1.72469   -1.72362   -1.72238   -1.72179   -0.76253
  -0.76061   -0.76045   -0.75698   -0.75592   -0.50821   -0.49331   -0.42298   -0.31364
  -0.30414   -0.30355   -0.30331   -0.30070   -0.29972   -0.29604   -0.29487   -0.29285
  -0.29265   -0.22164   -0.19264   -0.17544   -0.14862   -0.10164   -0.09342   -0.08642
  -0.07735   -0.02376    0.02207    0.07954    0.10003    0.11282    0.12452    0.14717
   0.16235    0.18348    0.20920    0.21756
 kpt#   7, nband= 60, wtk=  1.00000, kpt=  0.2000  0.2000  0.3000 (reduced coord)
  -4.84863   -4.84861   -3.08479   -3.08379   -3.08379   -3.08339   -3.08298   -3.08243
  -1.79861   -1.79802   -1.79716   -1.79400   -1.79326   -1.79242   -1.79097   -1.79052
  -1.78977   -1.78750   -1.72578   -1.72334   -1.72241   -1.72229   -1.71898   -0.76237
  -0.76040   -0.76039   -0.75625   -0.75585   -0.51277   -0.49402   -0.42836   -0.31261
  -0.30558   -0.30466   -0.30402   -0.30274   -0.29650   -0.29409   -0.29310   -0.29177
  -0.29088   -0.21711   -0.18706   -0.16313   -0.14403   -0.09005   -0.08694   -0.07528
  -0.07217   -0.02757    0.03524    0.07901    0.08807    0.10804    0.12183    0.14966
   0.15683    0.18057    0.19859    0.20047
 kpt#   8, nband= 60, wtk=  1.00000, kpt=  0.1500  0.1500  0.3500 (reduced coord)
  -4.84863   -4.84861   -3.08538   -3.08426   -3.08372   -3.08363   -3.08343   -3.08340
  -1.79956   -1.79890   -1.79814   -1.79777   -1.79591   -1.79309   -1.79195   -1.79076
  -1.79016   -1.79007   -1.72625   -1.72624   -1.72243   -1.72229   -1.72201   -0.76286
  -0.76041   -0.76036   -0.75647   -0.75630   -0.51680   -0.49474   -0.43307   -0.31219
  -0.30734   -0.30683   -0.30639   -0.30534   -0.29629   -0.29452   -0.29375   -0.29286
  -0.28960   -0.21146   -0.17899   -0.14924   -0.13702   -0.08315   -0.07851   -0.06785
  -0.06436   -0.03063    0.01215    0.06893    0.07310    0.11555    0.12737    0.14244
   0.16076    0.18785    0.18888    0.19934
 kpt#   9, nband= 60, wtk=  1.00000, kpt=  0.1000  0.1000  0.4000 (reduced coord)
  -4.84862   -4.84862   -3.08594   -3.08542   -3.08347   -3.08339   -3.08335   -3.08276
  -1.79907   -1.79874   -1.79826   -1.79805   -1.79674   -1.79335   -1.79305   -1.79109
  -1.79103   -1.78931   -1.72693   -1.72677   -1.72310   -1.72269   -1.72121   -0.76304
  -0.76041   -0.76021   -0.75666   -0.75637   -0.51994   -0.49531   -0.43668   -0.31147
  -0.30928   -0.30803   -0.30741   -0.30677   -0.29603   -0.29494   -0.29438   -0.29078
  -0.28889   -0.20671   -0.16815   -0.13501   -0.12888   -0.08313   -0.06831   -0.06167
  -0.05485   -0.03491   -0.01570    0.04726    0.06375    0.09715    0.12832    0.15949
   0.18082    0.18235    0.18486    0.19539
 kpt#  10, nband= 60, wtk=  1.00000, kpt=  0.0500  0.0500  0.4500 (reduced coord)
  -4.84862   -4.84862   -3.08602   -3.08563   -3.08352   -3.08339   -3.08326   -3.08288
  -1.79896   -1.79865   -1.79780   -1.79773   -1.79670   -1.79370   -1.79350   -1.79327
  -1.79039   -1.78963   -1.72768   -1.72665   -1.72380   -1.72185   -1.72176   -0.76318
  -0.76027   -0.76027   -0.75666   -0.75648   -0.52193   -0.49566   -0.43895   -0.31123
  -0.31008   -0.30925   -0.30826   -0.30803   -0.29601   -0.29516   -0.29468   -0.28948
  -0.28784   -0.20390   -0.15686   -0.12326   -0.12165   -0.08499   -0.06114   -0.05605
  -0.04832   -0.04481   -0.03146    0.02979    0.05578    0.08310    0.13111    0.16374
   0.17222    0.18363    0.18410    0.21741
 kpt#  11, nband= 60, wtk=  1.00000, kpt=  0.0000  0.0000  0.5000 (reduced coord)
  -4.84862   -4.84862   -3.08575   -3.08575   -3.08392   -3.08318   -3.08287   -3.08287
  -1.79986   -1.79901   -1.79712   -1.79712   -1.79581   -1.79419   -1.79228   -1.79222
  -1.79063   -1.79063   -1.72693   -1.72598   -1.72452   -1.72156   -1.72156   -0.76331
  -0.76023   -0.76023   -0.75675   -0.75620   -0.52261   -0.49579   -0.43972   -0.31073
  -0.31065   -0.30967   -0.30967   -0.30909   -0.29467   -0.29467   -0.29446   -0.28922
  -0.28616   -0.20311   -0.15149   -0.11846   -0.11846   -0.08599   -0.05858   -0.05858
  -0.04609   -0.04609   -0.03601    0.02285    0.05268    0.07818    0.13217    0.16509
   0.16844    0.18443    0.18443    0.21754
 kpt#  12, nband= 60, wtk=  1.00000, kpt=  0.0000  0.0000  0.4583 (reduced coord)
  -4.84862   -4.84862   -3.08574   -3.08574   -3.08392   -3.08284   -3.08281   -3.08281
  -1.79950   -1.79892   -1.79689   -1.79689   -1.79577   -1.79380   -1.79235   -1.79223
  -1.79002   -1.79002   -1.72693   -1.72594   -1.72414   -1.72125   -1.72125   -0.76325
  -0.76016   -0.76016   -0.75675   -0.75620   -0.52261   -0.49579   -0.43972   -0.31061
  -0.31060   -0.30966   -0.30966   -0.30887   -0.29446   -0.29428   -0.29428   -0.28924
  -0.28616   -0.20305   -0.15148   -0.11845   -0.11845   -0.08599   -0.05858   -0.05858
  -0.04609   -0.04609   -0.03601    0.02285    0.05268    0.07818    0.13214    0.16520
   0.16844    0.18444    0.18444    0.21711
 kpt#  13, nband= 60, wtk=  1.00000, kpt=  0.0000  0.0000  0.4167 (reduced coord)
  -4.84862   -4.84862   -3.08574   -3.08574   -3.08391   -3.08284   -3.08281   -3.08281
  -1.79947   -1.79891   -1.79689   -1.79689   -1.79576   -1.79377   -1.79234   -1.79222
  -1.79001   -1.79001   -1.72693   -1.72593   -1.72411   -1.72124   -1.72124   -0.76325
  -0.76016   -0.76016   -0.75675   -0.75620   -0.52261   -0.49579   -0.43972   -0.31061
  -0.31059   -0.30965   -0.30965   -0.30886   -0.29444   -0.29429   -0.29429   -0.28924
  -0.28615   -0.20305   -0.15148   -0.11845   -0.11845   -0.08599   -0.05858   -0.05858
  -0.04609   -0.04609   -0.03600    0.02285    0.05268    0.07818    0.13207    0.16550
   0.16844    0.18444    0.18444    0.21679
 kpt#  14, nband= 60, wtk=  1.00000, kpt=  0.0000  0.0000  0.3750 (reduced coord)
  -4.84862   -4.84862   -3.08613   -3.08613   -3.08399   -3.08284   -3.08281   -3.08281
  -1.79980   -1.79899   -1.79698   -1.79698   -1.79689   -1.79386   -1.79355   -1.79234
  -1.79048   -1.79048   -1.72729   -1.72696   -1.72431   -1.72158   -1.72158   -0.76328
  -0.76021   -0.76021   -0.75675   -0.75642   -0.52261   -0.49579   -0.43972   -0.31061
  -0.31060   -0.30995   -0.30995   -0.30886   -0.29470   -0.29428   -0.29428   -0.28924
  -0.28768   -0.20305   -0.15148   -0.11847   -0.11847   -0.08600   -0.05860   -0.05860
  -0.04612   -0.04612   -0.03600    0.02285    0.05267    0.07818    0.13197    0.16600
   0.16843    0.18440    0.18440    0.21582
 kpt#  15, nband= 60, wtk=  1.00000, kpt=  0.0000  0.0000  0.3333 (reduced coord)
  -4.84862   -4.84862   -3.08578   -3.08578   -3.08333   -3.08313   -3.08313   -3.08260
  -1.79923   -1.79846   -1.79753   -1.79638   -1.79638   -1.79421   -1.79196   -1.79183
  -1.78990   -1.78990   -1.72796   -1.72650   -1.72288   -1.72097   -1.72097   -0.76307
  -0.76012   -0.76012   -0.75668   -0.75651   -0.52261   -0.49578   -0.43971   -0.31134
  -0.30996   -0.30883   -0.30883   -0.30808   -0.29493   -0.29493   -0.29433   -0.28940
  -0.28751   -0.20293   -0.15147   -0.11845   -0.11845   -0.08596   -0.05855   -0.05855
  -0.04601   -0.04601   -0.03596    0.02287    0.05266    0.07825    0.13184    0.16667
   0.16857    0.18445    0.18445    0.21433
 kpt#  16, nband= 60, wtk=  1.00000, kpt=  0.0000  0.0000  0.2917 (reduced coord)
  -4.84862   -4.84862   -3.08578   -3.08578   -3.08331   -3.08312   -3.08312   -3.08259
  -1.79915   -1.79844   -1.79753   -1.79637   -1.79637   -1.79420   -1.79195   -1.79179
  -1.78984   -1.78984   -1.72795   -1.72649   -1.72282   -1.72093   -1.72093   -0.76306
  -0.76011   -0.76011   -0.75668   -0.75651   -0.52261   -0.49578   -0.43971   -0.31133
  -0.30995   -0.30881   -0.30881   -0.30806   -0.29491   -0.29491   -0.29428   -0.28939
  -0.28751   -0.20292   -0.15146   -0.11845   -0.11845   -0.08596   -0.05855   -0.05855
  -0.04601   -0.04601   -0.03595    0.02288    0.05265    0.07825    0.13169    0.16747
   0.16858    0.18445    0.18445    0.21273
 kpt#  17, nband= 60, wtk=  1.00000, kpt=  0.0000  0.0000  0.2500 (reduced coord)
  -4.84862   -4.84862   -3.08606   -3.08606   -3.08359   -3.08340   -3.08340   -3.08287
  -1.80044   -1.79958   -1.79837   -1.79743   -1.79743   -1.79503   -1.79258   -1.79211
  -1.79062   -1.79062   -1.72883   -1.72731   -1.72362   -1.72178   -1.72178   -0.76318
  -0.76025   -0.76025   -0.75682   -0.75665   -0.52261   -0.49578   -0.43972   -0.31170
  -0.31034   -0.30953   -0.30953   -0.30865   -0.29513   -0.29513   -0.29423   -0.29008
  -0.28805   -0.20305   -0.15148   -0.11845   -0.11845   -0.08598   -0.05858   -0.05858
  -0.04607   -0.04607   -0.03595    0.02286    0.05262    0.07826    0.13153    0.16834
   0.16847    0.18430    0.18430    0.21103
 kpt#  18, nband= 60, wtk=  1.00000, kpt=  0.0000  0.0000  0.2083 (reduced coord)
  -4.84863   -4.84862   -3.08580   -3.08580   -3.08381   -3.08381   -3.08320   -3.08248
  -1.80015   -1.79888   -1.79840   -1.79840   -1.79811   -1.79443   -1.79351   -1.79157
  -1.78927   -1.78927   -1.72875   -1.72804   -1.72224   -1.72142   -1.72142   -0.76296
  -0.76021   -0.76021   -0.75694   -0.75662   -0.52261   -0.49578   -0.43971   -0.31223
  -0.31002   -0.30870   -0.30870   -0.30773   -0.29566   -0.29566   -0.29414   -0.29092
  -0.28737   -0.20290   -0.15145   -0.11849   -0.11849   -0.08598   -0.05855   -0.05855
  -0.04600   -0.04600   -0.03594    0.02285    0.05262    0.07841    0.13139    0.16842
   0.16929    0.18432    0.18432    0.20934
 kpt#  19, nband= 60, wtk=  1.00000, kpt=  0.0000  0.0000  0.1667 (reduced coord)
  -4.84863   -4.84862   -3.08639   -3.08639   -3.08396   -3.08396   -3.08355   -3.08242
  -1.80055   -1.80048   -1.79999   -1.79999   -1.79910   -1.79652   -1.79503   -1.79389
  -1.78795   -1.78795   -1.72987   -1.72986   -1.72402   -1.72117   -1.72117   -0.76322
  -0.76020   -0.76020   -0.75721   -0.75682   -0.52261   -0.49583   -0.43972   -0.31232
  -0.31157   -0.30929   -0.30789   -0.30789   -0.29657   -0.29657   -0.29418   -0.29098
  -0.28858   -0.20313   -0.15150   -0.11853   -0.11853   -0.08610   -0.05851   -0.05851
  -0.04591   -0.04591   -0.03602    0.02285    0.05259    0.07826    0.13124    0.16841
   0.17019    0.18415    0.18415    0.20771
 kpt#  20, nband= 60, wtk=  1.00000, kpt=  0.0000  0.0000  0.1250 (reduced coord)
  -4.84863   -4.84862   -3.08629   -3.08629   -3.08416   -3.08416   -3.08359   -3.08259
  -1.80109   -1.80049   -1.79997   -1.79997   -1.79929   -1.79677   -1.79467   -1.79403
  -1.78867   -1.78867   -1.73036   -1.72963   -1.72418   -1.72146   -1.72146   -0.76324
  -0.76025   -0.76025   -0.75728   -0.75678   -0.52261   -0.49582   -0.43972   -0.31232
  -0.31136   -0.30939   -0.30807   -0.30807   -0.29669   -0.29669   -0.29412   -0.29179
  -0.28832   -0.20315   -0.15150   -0.11851   -0.11851   -0.08610   -0.05853   -0.05853
  -0.04594   -0.04594   -0.03600    0.02280    0.05257    0.07823    0.13112    0.16847
   0.17102    0.18418    0.18418    0.20633
 kpt#  21, nband= 60, wtk=  1.00000, kpt=  0.0000  0.0000  0.0833 (reduced coord)
  -4.84864   -4.84862   -3.08630   -3.08630   -3.08507   -3.08507   -3.08454   -3.08211
  -1.80330   -1.80212   -1.80212   -1.80122   -1.79929   -1.79815   -1.79573   -1.79389
  -1.78985   -1.78985   -1.73213   -1.73055   -1.72398   -1.72312   -1.72312   -0.76322
  -0.76053   -0.76053   -0.75758   -0.75691   -0.52261   -0.49582   -0.43972   -0.31320
  -0.31165   -0.31004   -0.30804   -0.30804   -0.29851   -0.29851   -0.29383   -0.29279
  -0.28833   -0.20329   -0.15151   -0.11858   -0.11858   -0.08610   -0.05853   -0.05853
  -0.04594   -0.04594   -0.03600    0.02278    0.05255    0.07821    0.13102    0.16848
   0.17168    0.18411    0.18411    0.20525
 kpt#  22, nband= 60, wtk=  1.00000, kpt=  0.0000  0.0000  0.0417 (reduced coord)
  -4.84864   -4.84862   -3.08630   -3.08630   -3.08507   -3.08507   -3.08455   -3.08208
  -1.80331   -1.80210   -1.80210   -1.80123   -1.79924   -1.79816   -1.79574   -1.79383
  -1.78985   -1.78985   -1.73214   -1.73056   -1.72394   -1.72312   -1.72312   -0.76321
  -0.76053   -0.76053   -0.75758   -0.75691   -0.52261   -0.49582   -0.43972   -0.31321
  -0.31166   -0.31005   -0.30802   -0.30802   -0.29852   -0.29852   -0.29384   -0.29273
  -0.28834   -0.20329   -0.15151   -0.11858   -0.11858   -0.08611   -0.05853   -0.05853
  -0.04594   -0.04594   -0.03600    0.02278    0.05255    0.07820    0.13096    0.16849
   0.17212    0.18411    0.18411    0.20456
 kpt#  23, nband= 60, wtk=  1.00000, kpt=  0.0000  0.0000  0.0000 (reduced coord)
  -4.84864   -4.84861   -3.08626   -3.08626   -3.08507   -3.08507   -3.08456   -3.08164
  -1.80323   -1.80271   -1.80271   -1.80130   -1.79975   -1.79812   -1.79573   -1.79179
  -1.78897   -1.78897   -1.73208   -1.73059   -1.72305   -1.72294   -1.72294   -0.76307
  -0.76050   -0.76050   -0.75757   -0.75692   -0.52261   -0.49582   -0.43972   -0.31321
  -0.31162   -0.31002   -0.30782   -0.30782   -0.29853   -0.29853   -0.29382   -0.29179
  -0.28837   -0.20329   -0.15151   -0.11857   -0.11857   -0.08611   -0.05853   -0.05853
  -0.04594   -0.04594   -0.03600    0.02281    0.05255    0.07825    0.13095    0.16861
   0.17227    0.18415    0.18415    0.20433
 kpt#  24, nband= 60, wtk=  1.00000, kpt=  0.0278  0.0278  0.0278 (reduced coord)
  -4.84863   -4.84861   -3.08603   -3.08548   -3.08434   -3.08418   -3.08367   -3.08180
  -1.80203   -1.80004   -1.79920   -1.79884   -1.79767   -1.79516   -1.79400   -1.79117
  -1.78956   -1.78803   -1.72879   -1.72844   -1.72294   -1.72184   -1.72098   -0.76287
  -0.76049   -0.76020   -0.75698   -0.75663   -0.52240   -0.49576   -0.43948   -0.31216
  -0.31063   -0.30905   -0.30808   -0.30755   -0.29811   -0.29665   -0.29157   -0.29104
  -0.28752   -0.20345   -0.15327   -0.12006   -0.11952   -0.08569   -0.05934   -0.05685
  -0.04666   -0.04650   -0.03437    0.02514    0.05354    0.07993    0.13060    0.16983
   0.17218    0.18269    0.18409    0.20601
 kpt#  25, nband= 60, wtk=  1.00000, kpt=  0.0556  0.0556  0.0556 (reduced coord)
  -4.84862   -4.84861   -3.08600   -3.08586   -3.08335   -3.08328   -3.08239   -3.08194
  -1.79941   -1.79773   -1.79705   -1.79691   -1.79616   -1.79345   -1.79292   -1.79034
  -1.78876   -1.78859   -1.72733   -1.72674   -1.72128   -1.72111   -1.72015   -0.76272
  -0.76022   -0.76003   -0.75667   -0.75643   -0.52177   -0.49565   -0.43877   -0.31100
  -0.31041   -0.30838   -0.30820   -0.30760   -0.29646   -0.29440   -0.29157   -0.28889
  -0.28796   -0.20417   -0.15797   -0.12426   -0.12223   -0.08483   -0.06176   -0.05619
  -0.04891   -0.04371   -0.03045    0.03134    0.05638    0.08443    0.12960    0.17139
   0.17338    0.17984    0.18389    0.20970
 kpt#  26, nband= 60, wtk=  1.00000, kpt=  0.0833  0.0833  0.0833 (reduced coord)
  -4.84862   -4.84862   -3.08577   -3.08575   -3.08355   -3.08305   -3.08303   -3.08257
  -1.79907   -1.79889   -1.79789   -1.79700   -1.79694   -1.79317   -1.79314   -1.79147
  -1.79025   -1.78802   -1.72735   -1.72654   -1.72276   -1.72160   -1.72066   -0.76290
  -0.76033   -0.76013   -0.75661   -0.75645   -0.52074   -0.49546   -0.43760   -0.31125
  -0.31000   -0.30832   -0.30810   -0.30706   -0.29594   -0.29545   -0.29291   -0.28947
  -0.28830   -0.20560   -0.16420   -0.13058   -0.12621   -0.08371   -0.06554   -0.05925
  -0.05237   -0.03754   -0.02288    0.04068    0.06069    0.09170    0.12808    0.16832
   0.17811    0.17870    0.18402    0.20656
 kpt#  27, nband= 60, wtk=  1.00000, kpt=  0.1111  0.1111  0.1111 (reduced coord)
  -4.84863   -4.84861   -3.08545   -3.08522   -3.08355   -3.08352   -3.08322   -3.08284
  -1.80008   -1.79907   -1.79815   -1.79798   -1.79745   -1.79290   -1.79217   -1.79069
  -1.78990   -1.78829   -1.72728   -1.72669   -1.72244   -1.72187   -1.72065   -0.76284
  -0.76039   -0.76013   -0.75662   -0.75647   -0.51934   -0.49519   -0.43599   -0.31163
  -0.30859   -0.30754   -0.30702   -0.30630   -0.29586   -0.29546   -0.29346   -0.29166
  -0.28905   -0.20759   -0.17072   -0.13802   -0.13069   -0.08282   -0.07042   -0.06305
  -0.05686   -0.03359   -0.01004    0.05198    0.06589    0.10140    0.12643    0.16238
   0.17570    0.18400    0.18685    0.18886
 kpt#  28, nband= 60, wtk=  1.00000, kpt=  0.1389  0.1389  0.1389 (reduced coord)
  -4.84862   -4.84862   -3.08574   -3.08466   -3.08358   -3.08337   -3.08322   -3.08309
  -1.79974   -1.79924   -1.79851   -1.79828   -1.79592   -1.79307   -1.79194   -1.79035
  -1.78956   -1.78883   -1.72669   -1.72649   -1.72243   -1.72198   -1.72113   -0.76278
  -0.76040   -0.76033   -0.75652   -0.75631   -0.51759   -0.49488   -0.43398   -0.31179
  -0.30800   -0.30694   -0.30672   -0.30499   -0.29623   -0.29476   -0.29370   -0.29214
  -0.28980   -0.21023   -0.17678   -0.14601   -0.13531   -0.08281   -0.07611   -0.06660
  -0.06217   -0.03134    0.00566    0.06408    0.07120    0.11198    0.12579    0.14986
   0.16616    0.18500    0.18634    0.19539
 kpt#  29, nband= 60, wtk=  1.00000, kpt=  0.1667  0.1667  0.1667 (reduced coord)
  -4.84863   -4.84861   -3.08521   -3.08389   -3.08352   -3.08337   -3.08317   -3.08292
  -1.79911   -1.79858   -1.79722   -1.79693   -1.79342   -1.79253   -1.79163   -1.79000
  -1.78984   -1.78795   -1.72573   -1.72555   -1.72209   -1.72180   -1.71985   -0.76263
  -0.76036   -0.76029   -0.75634   -0.75604   -0.51554   -0.49451   -0.43160   -0.31234
  -0.30663   -0.30612   -0.30574   -0.30432   -0.29606   -0.29372   -0.29350   -0.29277
  -0.28866   -0.21333   -0.18199   -0.15392   -0.13957   -0.08400   -0.08230   -0.06943
  -0.06796   -0.02962    0.02159    0.07575    0.07591    0.11700    0.12901    0.13467
   0.16063    0.18573    0.19066    0.20573
 kpt#  30, nband= 60, wtk=  1.00000, kpt=  0.1944  0.1944  0.1944 (reduced coord)
  -4.84863   -4.84861   -3.08483   -3.08396   -3.08367   -3.08330   -3.08323   -3.08268
  -1.79897   -1.79847   -1.79697   -1.79442   -1.79368   -1.79286   -1.79107   -1.79065
  -1.78966   -1.78824   -1.72623   -1.72408   -1.72203   -1.72176   -1.71992   -0.76257
  -0.76033   -0.76032   -0.75627   -0.75598   -0.51325   -0.49411   -0.42893   -0.31264
  -0.30557   -0.30498   -0.30457   -0.30302   -0.29642   -0.29403   -0.29291   -0.29274
  -0.29081   -0.21650   -0.18628   -0.16166   -0.14334   -0.08876   -0.08634   -0.07405
  -0.07174   -0.02793    0.03386    0.07869    0.08625    0.10988    0.12177    0.14708
   0.15772    0.18139    0.19701    0.20178
 kpt#  31, nband= 60, wtk=  1.00000, kpt=  0.2222  0.2222  0.2222 (reduced coord)
  -4.84862   -4.84861   -3.08459   -3.08378   -3.08363   -3.08330   -3.08318   -3.08305
  -1.79823   -1.79786   -1.79680   -1.79462   -1.79349   -1.79217   -1.79124   -1.79101
  -1.78961   -1.78883   -1.72535   -1.72402   -1.72223   -1.72186   -1.72021   -0.76247
  -0.76036   -0.76034   -0.75632   -0.75589   -0.51078   -0.49371   -0.42602   -0.31253
  -0.30495   -0.30403   -0.30363   -0.30096   -0.29727   -0.29467   -0.29343   -0.29271
  -0.29172   -0.21939   -0.18979   -0.16880   -0.14645   -0.09525   -0.08952   -0.08025
  -0.07423   -0.02600    0.03485    0.07989    0.09436    0.10558    0.12178    0.15318
   0.16448    0.17164    0.20366    0.20612
 kpt#  32, nband= 60, wtk=  1.00000, kpt=  0.2500  0.2500  0.2500 (reduced coord)
  -4.84863   -4.84861   -3.08526   -3.08440   -3.08427   -3.08359   -3.08351   -3.08327
  -1.79899   -1.79852   -1.79789   -1.79704   -1.79528   -1.79432   -1.79264   -1.79173
  -1.79151   -1.78997   -1.72808   -1.72469   -1.72362   -1.72238   -1.72179   -0.76253
  -0.76061   -0.76045   -0.75698   -0.75592   -0.50821   -0.49331   -0.42298   -0.31364
  -0.30414   -0.30355   -0.30331   -0.30070   -0.29972   -0.29604   -0.29487   -0.29285
  -0.29265   -0.22164   -0.19264   -0.17544   -0.14862   -0.10164   -0.09342   -0.08642
  -0.07735   -0.02376    0.02207    0.07954    0.10003    0.11282    0.12452    0.14717
   0.16235    0.18348    0.20920    0.21756
 kpt#  33, nband= 60, wtk=  1.00000, kpt=  0.2778  0.2778  0.2778 (reduced coord)
  -4.84862   -4.84861   -3.08456   -3.08412   -3.08391   -3.08344   -3.08327   -3.08299
  -1.79847   -1.79781   -1.79742   -1.79618   -1.79349   -1.79329   -1.79135   -1.79032
  -1.79029   -1.78937   -1.72771   -1.72287   -1.72201   -1.72195   -1.72101   -0.76240
  -0.76040   -0.76032   -0.75704   -0.75553   -0.50562   -0.49287   -0.41989   -0.31380
  -0.30318   -0.30273   -0.30173   -0.30140   -0.29888   -0.29491   -0.29440   -0.29207
  -0.29149   -0.22290   -0.19494   -0.18118   -0.14971   -0.10764   -0.09761   -0.09223
  -0.08119   -0.02121    0.00296    0.07810    0.10351    0.11797    0.13346    0.13950
   0.16217    0.20029    0.21792    0.23032
 kpt#  34, nband= 60, wtk=  1.00000, kpt=  0.3056  0.3056  0.3056 (reduced coord)
  -4.84862   -4.84861   -3.08471   -3.08421   -3.08358   -3.08344   -3.08310   -3.08303
  -1.79797   -1.79758   -1.79702   -1.79628   -1.79371   -1.79289   -1.79216   -1.79043
  -1.79013   -1.78874   -1.72706   -1.72280   -1.72231   -1.72155   -1.72127   -0.76250
  -0.76034   -0.76028   -0.75705   -0.75545   -0.50311   -0.49245   -0.41686   -0.31372
  -0.30323   -0.30264   -0.30212   -0.30010   -0.29770   -0.29493   -0.29449   -0.29221
  -0.29153   -0.22300   -0.19673   -0.18618   -0.14975   -0.11324   -0.10216   -0.09768
  -0.08586   -0.01985   -0.01637    0.07626    0.10536    0.11736    0.12947    0.14590
   0.17013    0.21328    0.23213    0.24030
 kpt#  35, nband= 60, wtk=  1.00000, kpt=  0.3333  0.3333  0.3333 (reduced coord)
  -4.84863   -4.84862   -3.08512   -3.08474   -3.08408   -3.08400   -3.08352   -3.08347
  -1.79899   -1.79891   -1.79824   -1.79758   -1.79547   -1.79406   -1.79288   -1.79248
  -1.79165   -1.79079   -1.72804   -1.72472   -1.72342   -1.72335   -1.72275   -0.76257
  -0.76066   -0.76061   -0.75732   -0.75565   -0.50078   -0.49202   -0.41401   -0.31416
  -0.30556   -0.30290   -0.30168   -0.30073   -0.29697   -0.29600   -0.29538   -0.29340
  -0.29208   -0.22180   -0.19815   -0.19062   -0.14872   -0.11833   -0.10697   -0.10272
  -0.09132   -0.03852   -0.01544    0.07446    0.10606    0.11406    0.12482    0.14809
   0.18717    0.22349    0.24275    0.24979
 kpt#  36, nband= 60, wtk=  1.00000, kpt=  0.3611  0.3611  0.3611 (reduced coord)
  -4.84863   -4.84862   -3.08531   -3.08464   -3.08414   -3.08372   -3.08349   -3.08321
  -1.79870   -1.79832   -1.79777   -1.79733   -1.79558   -1.79315   -1.79239   -1.79220
  -1.79179   -1.79146   -1.72730   -1.72528   -1.72327   -1.72307   -1.72247   -0.76247
  -0.76062   -0.76058   -0.75732   -0.75569   -0.49872   -0.49154   -0.41142   -0.31412
  -0.30696   -0.30260   -0.30039   -0.30039   -0.29570   -0.29547   -0.29509   -0.29333
  -0.29273   -0.21925   -0.19900   -0.19407   -0.14655   -0.12275   -0.11180   -0.10710
  -0.09745   -0.05777   -0.01298    0.07295    0.10613    0.11044    0.12177    0.14731
   0.20624    0.23441    0.24096    0.26051
 kpt#  37, nband= 60, wtk=  1.00000, kpt=  0.3889  0.3889  0.3889 (reduced coord)
  -4.84863   -4.84862   -3.08531   -3.08464   -3.08439   -3.08365   -3.08347   -3.08328
  -1.79866   -1.79833   -1.79772   -1.79740   -1.79664   -1.79322   -1.79300   -1.79197
  -1.79196   -1.79121   -1.72739   -1.72634   -1.72336   -1.72314   -1.72177   -0.76232
  -0.76064   -0.76061   -0.75743   -0.75580   -0.49703   -0.49102   -0.40919   -0.31397
  -0.30905   -0.30239   -0.30092   -0.29912   -0.29509   -0.29462   -0.29446   -0.29337
  -0.29336   -0.21550   -0.19934   -0.19701   -0.14336   -0.12647   -0.11663   -0.11079
  -0.10419   -0.07522   -0.01085    0.07183    0.10583    0.10779    0.11913    0.14583
   0.22370    0.23842    0.24697    0.25666
 kpt#  38, nband= 60, wtk=  1.00000, kpt=  0.4167  0.4167  0.4167 (reduced coord)
  -4.84863   -4.84862   -3.08544   -3.08447   -3.08421   -3.08373   -3.08373   -3.08312
  -1.79958   -1.79830   -1.79756   -1.79697   -1.79660   -1.79315   -1.79313   -1.79227
  -1.79130   -1.79124   -1.72725   -1.72641   -1.72371   -1.72263   -1.72195   -0.76238
  -0.76064   -0.76056   -0.75748   -0.75573   -0.49578   -0.49046   -0.40740   -0.31400
  -0.31051   -0.30160   -0.30132   -0.29814   -0.29484   -0.29464   -0.29380   -0.29345
  -0.29321   -0.21096   -0.19925   -0.19918   -0.13921   -0.12941   -0.12134   -0.11371
  -0.11126   -0.09021   -0.00918    0.07119    0.10541    0.10619    0.11671    0.14453
   0.23608    0.23881    0.24677    0.26346
 kpt#  39, nband= 60, wtk=  1.00000, kpt=  0.4444  0.4444  0.4444 (reduced coord)
  -4.84862   -4.84862   -3.08462   -3.08445   -3.08428   -3.08406   -3.08369   -3.08349
  -1.79930   -1.79843   -1.79764   -1.79665   -1.79631   -1.79331   -1.79275   -1.79229
  -1.79149   -1.79140   -1.72648   -1.72640   -1.72371   -1.72286   -1.72220   -0.76243
  -0.76060   -0.76059   -0.75741   -0.75571   -0.49497   -0.48993   -0.40609   -0.31332
  -0.31232   -0.30168   -0.30067   -0.29730   -0.29505   -0.29445   -0.29390   -0.29323
  -0.29288   -0.20632   -0.20078   -0.19851   -0.13438   -0.13155   -0.12587   -0.11764
  -0.11584   -0.10236   -0.00802    0.07103    0.10495    0.10532    0.11476    0.14383
   0.23424    0.23957    0.25272    0.27224
 kpt#  40, nband= 60, wtk=  1.00000, kpt=  0.4722  0.4722  0.4722 (reduced coord)
  -4.84863   -4.84862   -3.08429   -3.08423   -3.08398   -3.08381   -3.08352   -3.08316
  -1.79931   -1.79807   -1.79662   -1.79553   -1.79528   -1.79310   -1.79201   -1.79097
  -1.79075   -1.79000   -1.72556   -1.72505   -1.72339   -1.72234   -1.72117   -0.76254
  -0.76051   -0.76032   -0.75725   -0.75547   -0.49450   -0.48953   -0.40528   -0.31324
  -0.31245   -0.30049   -0.30022   -0.29663   -0.29453   -0.29444   -0.29354   -0.29315
  -0.29199   -0.20304   -0.20142   -0.19740   -0.13284   -0.13184   -0.12711   -0.12166
  -0.11712   -0.11184   -0.00735    0.07116    0.10470    0.10480    0.11358    0.14369
   0.23321    0.23462    0.26556    0.27306
 kpt#  41, nband= 60, wtk=  1.00000, kpt=  0.5000  0.5000  0.5000 (reduced coord)
  -4.84862   -4.84862   -3.08448   -3.08414   -3.08403   -3.08403   -3.08401   -3.08368
  -1.80130   -1.79829   -1.79829   -1.79817   -1.79511   -1.79286   -1.79184   -1.79156
  -1.79070   -1.79070   -1.72598   -1.72527   -1.72481   -1.72220   -1.72220   -0.76280
  -0.76050   -0.76050   -0.75740   -0.75543   -0.49437   -0.48939   -0.40502   -0.31289
  -0.31289   -0.30021   -0.30021   -0.29661   -0.29661   -0.29476   -0.29341   -0.29338
  -0.29309   -0.20213   -0.20213   -0.19665   -0.13328   -0.13328   -0.12321   -0.12280
  -0.11757   -0.11757   -0.00713    0.07125    0.10460    0.10460    0.11318    0.14370
   0.23282    0.23282    0.27329    0.27331
 kpt#  42, nband= 60, wtk=  1.00000, kpt=  0.4375  0.5000  0.5000 (reduced coord)
  -4.84863   -4.84863   -3.08492   -3.08458   -3.08435   -3.08401   -3.08386   -3.08386
  -1.79993   -1.79929   -1.79831   -1.79713   -1.79672   -1.79459   -1.79342   -1.79288
  -1.79181   -1.79073   -1.72695   -1.72684   -1.72454   -1.72372   -1.72206   -0.76270
  -0.76072   -0.76046   -0.75749   -0.75578   -0.49472   -0.48976   -0.40569   -0.31323
  -0.31322   -0.30139   -0.30137   -0.29693   -0.29652   -0.29469   -0.29387   -0.29331
  -0.29289   -0.20454   -0.20189   -0.19798   -0.13265   -0.12927   -0.12824   -0.12369
  -0.11251   -0.10819   -0.00767    0.07097    0.10479    0.10507    0.11409    0.14367
   0.23489    0.23600    0.26317    0.26517
 kpt#  43, nband= 60, wtk=  1.00000, kpt=  0.3750  0.5000  0.5000 (reduced coord)
  -4.84863   -4.84863   -3.08516   -3.08482   -3.08441   -3.08407   -3.08358   -3.08358
  -1.79947   -1.79915   -1.79791   -1.79738   -1.79709   -1.79362   -1.79345   -1.79267
  -1.79194   -1.79192   -1.72754   -1.72683   -1.72403   -1.72335   -1.72233   -0.76237
  -0.76074   -0.76067   -0.75752   -0.75584   -0.49571   -0.49077   -0.40755   -0.31246
  -0.31245   -0.30188   -0.30184   -0.29762   -0.29679   -0.29401   -0.29375   -0.29363
  -0.29335   -0.21282   -0.20198   -0.19878   -0.13152   -0.13139   -0.11972   -0.11827
  -0.10433   -0.09193   -0.00911    0.07049    0.10524    0.10672    0.11690    0.14434
   0.23906    0.24361    0.24694    0.25432
 kpt#  44, nband= 60, wtk=  1.00000, kpt=  0.3125  0.5000  0.5000 (reduced coord)
  -4.84862   -4.84862   -3.08508   -3.08473   -3.08374   -3.08340   -3.08310   -3.08310
  -1.79808   -1.79758   -1.79738   -1.79700   -1.79468   -1.79246   -1.79212   -1.79139
  -1.79110   -1.79024   -1.72676   -1.72569   -1.72259   -1.72204   -1.72073   -0.76222
  -0.76048   -0.76046   -0.75727   -0.75569   -0.49711   -0.49220   -0.41025   -0.31065
  -0.31061   -0.30166   -0.30163   -0.29747   -0.29663   -0.29398   -0.29374   -0.29331
  -0.29277   -0.22281   -0.20296   -0.19996   -0.12836   -0.12689   -0.11083   -0.10764
  -0.09507   -0.07044   -0.01109    0.06951    0.10593    0.10824    0.12178    0.14633
   0.21881    0.24056    0.24622    0.25386
 kpt#  45, nband= 60, wtk=  1.00000, kpt=  0.2500  0.5000  0.5000 (reduced coord)
  -4.84862   -4.84862   -3.08448   -3.08414   -3.08334   -3.08300   -3.08280   -3.08280
  -1.79685   -1.79663   -1.79625   -1.79550   -1.79490   -1.79077   -1.78990   -1.78981
  -1.78940   -1.78936   -1.72452   -1.72445   -1.72087   -1.72059   -1.72040   -0.76219
  -0.76029   -0.76012   -0.75676   -0.75564   -0.49873   -0.49386   -0.41330   -0.30812
  -0.30803   -0.30113   -0.30108   -0.29796   -0.29718   -0.29443   -0.29416   -0.29254
  -0.29204   -0.23210   -0.20523   -0.20240   -0.11953   -0.11717   -0.10394   -0.09748
  -0.08198   -0.04461   -0.01322    0.06710    0.10573    0.10681    0.13053    0.14943
   0.18724    0.22458    0.23672    0.23733
 kpt#  46, nband= 60, wtk=  1.00000, kpt=  0.1875  0.5000  0.5000 (reduced coord)
  -4.84862   -4.84862   -3.08494   -3.08460   -3.08314   -3.08314   -3.08295   -3.08261
  -1.79821   -1.79715   -1.79642   -1.79538   -1.79499   -1.79104   -1.79032   -1.79003
  -1.78999   -1.78942   -1.72479   -1.72434   -1.72145   -1.72126   -1.72116   -0.76241
  -0.76034   -0.76019   -0.75655   -0.75576   -0.50034   -0.49551   -0.41623   -0.30658
  -0.30645   -0.30147   -0.30138   -0.29890   -0.29811   -0.29516   -0.29501   -0.29365
  -0.29309   -0.23974   -0.20835   -0.20571   -0.10702   -0.10363   -0.09879   -0.09153
  -0.06290   -0.01568   -0.01519    0.06250    0.09694    0.10606    0.14358    0.15354
   0.15424    0.20053    0.21339    0.21956
 kpt#  47, nband= 60, wtk=  1.00000, kpt=  0.1250  0.5000  0.5000 (reduced coord)
  -4.84862   -4.84862   -3.08539   -3.08505   -3.08403   -3.08369   -3.08330   -3.08330
  -1.80024   -1.79966   -1.79740   -1.79728   -1.79697   -1.79294   -1.79213   -1.79164
  -1.79124   -1.79120   -1.72754   -1.72660   -1.72279   -1.72229   -1.72226   -0.76255
  -0.76062   -0.76032   -0.75676   -0.75631   -0.50169   -0.49689   -0.41863   -0.30625
  -0.30610   -0.30267   -0.30237   -0.29993   -0.29922   -0.29663   -0.29644   -0.29484
  -0.29447   -0.24542   -0.21137   -0.20885   -0.09814   -0.09028   -0.08915   -0.08779
  -0.04070   -0.01686    0.01521    0.05578    0.08294    0.10166    0.12084    0.15383
   0.15966    0.18099    0.19733    0.20569
 kpt#  48, nband= 60, wtk=  1.00000, kpt=  0.0625  0.5000  0.5000 (reduced coord)
  -4.84862   -4.84862   -3.08505   -3.08471   -3.08418   -3.08384   -3.08345   -3.08344
  -1.80025   -1.79983   -1.79812   -1.79730   -1.79646   -1.79305   -1.79182   -1.79170
  -1.79119   -1.79071   -1.72738   -1.72611   -1.72311   -1.72245   -1.72213   -0.76259
  -0.76069   -0.76033   -0.75659   -0.75631   -0.50257   -0.49779   -0.42019   -0.30521
  -0.30500   -0.30202   -0.30135   -0.29943   -0.29912   -0.29788   -0.29778   -0.29576
  -0.29532   -0.24885   -0.21335   -0.21091   -0.09590   -0.08666   -0.07850   -0.07575
  -0.01966   -0.01795    0.04581    0.04865    0.06831    0.09481    0.09668    0.12969
   0.17400    0.18385    0.19339    0.20032
 kpt#  49, nband= 60, wtk=  1.00000, kpt=  0.0000  0.5000  0.5000 (reduced coord)
  -4.84862   -4.84862   -3.08477   -3.08443   -3.08430   -3.08396   -3.08320   -3.08319
  -1.79997   -1.79909   -1.79730   -1.79624   -1.79499   -1.79392   -1.79161   -1.79141
  -1.79082   -1.79055   -1.72835   -1.72458   -1.72255   -1.72253   -1.72122   -0.76242
  -0.76059   -0.76035   -0.75651   -0.75630   -0.50288   -0.49811   -0.42073   -0.30470
  -0.30445   -0.30241   -0.30159   -0.29871   -0.29855   -0.29758   -0.29745   -0.29583
  -0.29544   -0.25001   -0.21403   -0.21162   -0.09533   -0.08613   -0.07344   -0.07044
  -0.01858   -0.00912    0.04503    0.06095    0.06457    0.08404    0.09537    0.11089
   0.17945    0.18349    0.19996    0.20144
 kpt#  50, nband= 60, wtk=  1.00000, kpt=  0.0000  0.5000  0.4375 (reduced coord)
  -4.84862   -4.84862   -3.08492   -3.08458   -3.08427   -3.08393   -3.08349   -3.08349
  -1.80064   -1.79969   -1.79739   -1.79675   -1.79560   -1.79377   -1.79195   -1.79180
  -1.79163   -1.79132   -1.72810   -1.72535   -1.72286   -1.72251   -1.72240   -0.76264
  -0.76064   -0.76035   -0.75645   -0.75643   -0.50288   -0.49811   -0.42073   -0.30487
  -0.30464   -0.30229   -0.30143   -0.29898   -0.29882   -0.29812   -0.29810   -0.29616
  -0.29566   -0.25001   -0.21404   -0.21163   -0.09533   -0.08613   -0.07346   -0.07047
  -0.01858   -0.00912    0.04503    0.06095    0.06457    0.08403    0.09535    0.11087
   0.17937    0.18346    0.19993    0.20141
 kpt#  51, nband= 60, wtk=  1.00000, kpt=  0.0000  0.5000  0.3750 (reduced coord)
  -4.84862   -4.84862   -3.08492   -3.08458   -3.08436   -3.08402   -3.08371   -3.08371
  -1.80102   -1.79970   -1.79770   -1.79729   -1.79549   -1.79398   -1.79259   -1.79239
  -1.79167   -1.79147   -1.72835   -1.72539   -1.72328   -1.72314   -1.72295   -0.76278
  -0.76064   -0.76043   -0.75648   -0.75643   -0.50288   -0.49811   -0.42073   -0.30497
  -0.30473   -0.30243   -0.30154   -0.29909   -0.29894   -0.29852   -0.29839   -0.29625
  -0.29569   -0.25001   -0.21405   -0.21163   -0.09535   -0.08616   -0.07350   -0.07050
  -0.01858   -0.00913    0.04501    0.06094    0.06457    0.08402    0.09532    0.11087
   0.17927    0.18349    0.20000    0.20147
 kpt#  52, nband= 60, wtk=  1.00000, kpt=  0.0000  0.5000  0.3125 (reduced coord)
  -4.84862   -4.84862   -3.08484   -3.08450   -3.08414   -3.08380   -3.08323   -3.08323
  -1.79986   -1.79907   -1.79647   -1.79628   -1.79516   -1.79348   -1.79140   -1.79127
  -1.79125   -1.79121   -1.72768   -1.72520   -1.72263   -1.72182   -1.72171   -0.76252
  -0.76059   -0.76023   -0.75640   -0.75639   -0.50287   -0.49810   -0.42073   -0.30456
  -0.30433   -0.30208   -0.30124   -0.29875   -0.29858   -0.29776   -0.29771   -0.29590
  -0.29545   -0.25001   -0.21406   -0.21164   -0.09531   -0.08613   -0.07343   -0.07044
  -0.01858   -0.00912    0.04501    0.06095    0.06458    0.08403    0.09533    0.11089
   0.17924    0.18359    0.20006    0.20154
 kpt#  53, nband= 60, wtk=  1.00000, kpt=  0.0000  0.5000  0.2500 (reduced coord)
  -4.84862   -4.84862   -3.08475   -3.08441   -3.08405   -3.08371   -3.08296   -3.08296
  -1.79878   -1.79864   -1.79595   -1.79575   -1.79531   -1.79321   -1.79146   -1.79095
  -1.79059   -1.79008   -1.72708   -1.72521   -1.72281   -1.72097   -1.72081   -0.76238
  -0.76061   -0.76006   -0.75640   -0.75631   -0.50288   -0.49810   -0.42073   -0.30432
  -0.30411   -0.30200   -0.30113   -0.29853   -0.29834   -0.29744   -0.29721   -0.29564
  -0.29539   -0.25000   -0.21405   -0.21163   -0.09530   -0.08610   -0.07336   -0.07037
  -0.01858   -0.00913    0.04500    0.06095    0.06458    0.08403    0.09538    0.11089
   0.17923    0.18377    0.20009    0.20156
 kpt#  54, nband= 60, wtk=  1.00000, kpt=  0.0000  0.5000  0.1875 (reduced coord)
  -4.84862   -4.84862   -3.08464   -3.08431   -3.08408   -3.08374   -3.08323   -3.08323
  -1.79954   -1.79887   -1.79674   -1.79608   -1.79519   -1.79325   -1.79144   -1.79095
  -1.79073   -1.79033   -1.72707   -1.72494   -1.72246   -1.72224   -1.72108   -0.76259
  -0.76056   -0.76011   -0.75636   -0.75631   -0.50288   -0.49811   -0.42073   -0.30441
  -0.30419   -0.30218   -0.30126   -0.29851   -0.29833   -0.29775   -0.29775   -0.29568
  -0.29526   -0.25001   -0.21405   -0.21163   -0.09529   -0.08610   -0.07334   -0.07035
  -0.01858   -0.00913    0.04497    0.06096    0.06458    0.08402    0.09540    0.11089
   0.17917    0.18391    0.20011    0.20160
 kpt#  55, nband= 60, wtk=  1.00000, kpt=  0.0000  0.5000  0.1250 (reduced coord)
  -4.84862   -4.84862   -3.08467   -3.08433   -3.08395   -3.08361   -3.08321   -3.08321
  -1.79993   -1.79921   -1.79672   -1.79534   -1.79501   -1.79257   -1.79124   -1.79088
  -1.79055   -1.79034   -1.72683   -1.72487   -1.72232   -1.72204   -1.72121   -0.76246
  -0.76053   -0.76025   -0.75635   -0.75624   -0.50288   -0.49810   -0.42073   -0.30465
  -0.30443   -0.30156   -0.30072   -0.29872   -0.29856   -0.29768   -0.29762   -0.29566
  -0.29521   -0.24999   -0.21406   -0.21165   -0.09526   -0.08606   -0.07336   -0.07036
  -0.01858   -0.00913    0.04496    0.06098    0.06459    0.08403    0.09550    0.11090
   0.17925    0.18412    0.20030    0.20179
 kpt#  56, nband= 60, wtk=  1.00000, kpt=  0.0000  0.5000  0.0625 (reduced coord)
  -4.84862   -4.84862   -3.08445   -3.08411   -3.08369   -3.08335   -3.08314   -3.08314
  -1.79986   -1.79899   -1.79614   -1.79475   -1.79456   -1.79131   -1.79054   -1.79051
  -1.79004   -1.78968   -1.72577   -1.72454   -1.72154   -1.72135   -1.72114   -0.76247
  -0.76042   -0.76014   -0.75630   -0.75604   -0.50287   -0.49809   -0.42073   -0.30436
  -0.30414   -0.30108   -0.30018   -0.29849   -0.29831   -0.29759   -0.29752   -0.29538
  -0.29486   -0.24999   -0.21405   -0.21164   -0.09524   -0.08604   -0.07332   -0.07033
  -0.01858   -0.00913    0.04496    0.06100    0.06460    0.08406    0.09553    0.11091
   0.17928    0.18426    0.20035    0.20184
 kpt#  57, nband= 60, wtk=  1.00000, kpt=  0.0000  0.5000  0.0000 (reduced coord)
  -4.84861   -4.84861   -3.08414   -3.08379   -3.08353   -3.08319   -3.08274   -3.08274
  -1.79837   -1.79769   -1.79501   -1.79409   -1.79392   -1.79132   -1.79022   -1.78994
  -1.78848   -1.78818   -1.72476   -1.72408   -1.72072   -1.72050   -1.72005   -0.76226
  -0.76027   -0.76000   -0.75622   -0.75590   -0.50286   -0.49809   -0.42073   -0.30403
  -0.30382   -0.30073   -0.29982   -0.29815   -0.29797   -0.29682   -0.29682   -0.29486
  -0.29441   -0.24998   -0.21403   -0.21162   -0.09518   -0.08599   -0.07327   -0.07027
  -0.01857   -0.00913    0.04500    0.06106    0.06460    0.08407    0.09559    0.11094
   0.17931    0.18429    0.20058    0.20207
