 Fermi (or HOMO) energy (hartree) =   0.14073   Average Vxc (hartree)=  -0.31636
 Eigenvalues (hartree) for nkpt=  15  k points:
 kpt#   1, nband=128, wtk=  0.04000, kpt=  0.0500  0.0500  0.2500 (reduced coord)
  -4.73287   -4.73287   -2.97015   -2.97011   -2.96780   -2.96743   -2.96737   -2.96709
  -1.68160   -1.68139   -1.68058   -1.68008   -1.67955   -1.67933   -1.67930   -1.67864
  -1.67837   -1.67814   -1.67754   -1.67724   -1.67633   -1.67611   -1.67588   -1.67551
  -1.67486   -1.67444   -1.67356   -1.67349   -1.67250   -1.67199   -1.67133   -1.67114
  -1.67031   -1.67019   -1.66939   -1.66889   -1.66478   -1.66454   -1.65240   -1.65214
  -1.64975   -1.64866   -1.64850   -1.64753   -1.64694   -1.64580   -1.64359   -1.64337
  -0.67388   -0.67220   -0.67197   -0.67184   -0.67106   -0.67099   -0.67085   -0.67076
  -0.66979   -0.66976   -0.66679   -0.66560   -0.66539   -0.66491   -0.66449   -0.66434
  -0.66424   -0.66413   -0.66412   -0.66359   -0.66349   -0.66333   -0.66332   -0.66217
  -0.66193   -0.66190   -0.66077   -0.66065   -0.66041   -0.66038   -0.42710   -0.41482
  -0.40390   -0.39842   -0.37806   -0.37746   -0.35878   -0.35374   -0.19530   -0.19363
  -0.19287   -0.19278   -0.19210   -0.18010   -0.18000   -0.17827   -0.17367   -0.17206
  -0.14138   -0.13942   -0.11560   -0.11066   -0.07898   -0.07720   -0.07531   -0.04915
  -0.03771   -0.03208   -0.02335   -0.01483   -0.01278   -0.00642   -0.00536   -0.00444
   0.00537    0.01525    0.02358    0.03357    0.03408    0.03988    0.04153    0.05049
   0.05253    0.05480    0.06400    0.06455    0.09748    0.10778    0.14542    0.16434
 kpt#   2, nband=128, wtk=  0.08000, kpt=  0.1500  0.0500  0.2500 (reduced coord)
  -4.73287   -4.73286   -2.97001   -2.96931   -2.96800   -2.96765   -2.96749   -2.96745
  -1.68149   -1.68124   -1.68085   -1.68066   -1.67964   -1.67933   -1.67868   -1.67804
  -1.67752   -1.67716   -1.67624   -1.67599   -1.67591   -1.67526   -1.67486   -1.67452
  -1.67407   -1.67379   -1.67306   -1.67281   -1.67268   -1.67237   -1.67182   -1.67166
  -1.67090   -1.67061   -1.67031   -1.66904   -1.66681   -1.66567   -1.65268   -1.65175
  -1.64950   -1.64900   -1.64833   -1.64809   -1.64768   -1.64531   -1.64437   -1.64408
  -0.67360   -0.67203   -0.67184   -0.67176   -0.67111   -0.67097   -0.67087   -0.67076
  -0.66997   -0.66988   -0.66655   -0.66534   -0.66531   -0.66506   -0.66437   -0.66431
  -0.66419   -0.66415   -0.66409   -0.66363   -0.66354   -0.66341   -0.66333   -0.66226
  -0.66196   -0.66191   -0.66077   -0.66065   -0.66055   -0.66049   -0.42298   -0.41114
  -0.40125   -0.39546   -0.37713   -0.37633   -0.35781   -0.35339   -0.19528   -0.19251
  -0.19220   -0.19159   -0.19082   -0.18103   -0.17863   -0.17794   -0.17592   -0.17337
  -0.15306   -0.14982   -0.12724   -0.12706   -0.09583   -0.08192   -0.07750   -0.06996
  -0.03882   -0.03211   -0.02969   -0.02284   -0.00485    0.00009    0.00166    0.00822
   0.01541    0.02182    0.02477    0.03556    0.03593    0.04112    0.04830    0.05031
   0.05514    0.06334    0.07300    0.07834    0.09875    0.11563    0.16096    0.17691
 kpt#   3, nband=128, wtk=  0.08000, kpt=  0.2500  0.0500  0.2500 (reduced coord)
  -4.73287   -4.73285   -2.96931   -2.96810   -2.96764   -2.96760   -2.96735   -2.96689
  -1.68045   -1.67993   -1.67945   -1.67928   -1.67814   -1.67772   -1.67759   -1.67693
  -1.67645   -1.67608   -1.67510   -1.67442   -1.67420   -1.67374   -1.67318   -1.67258
  -1.67234   -1.67204   -1.67179   -1.67163   -1.67130   -1.67066   -1.66979   -1.66916
  -1.66845   -1.66824   -1.66746   -1.66686   -1.66618   -1.66517   -1.65116   -1.64939
  -1.64883   -1.64771   -1.64718   -1.64579   -1.64538   -1.64428   -1.64382   -1.64195
  -0.67320   -0.67180   -0.67148   -0.67111   -0.67099   -0.67083   -0.67059   -0.67020
  -0.67006   -0.66984   -0.66617   -0.66510   -0.66498   -0.66438   -0.66427   -0.66413
  -0.66395   -0.66381   -0.66375   -0.66353   -0.66347   -0.66306   -0.66262   -0.66210
  -0.66193   -0.66184   -0.66066   -0.66048   -0.66028   -0.66002   -0.41510   -0.40431
  -0.39645   -0.39038   -0.37689   -0.37433   -0.35682   -0.35294   -0.19398   -0.19060
  -0.18939   -0.18909   -0.18854   -0.18250   -0.17801   -0.17733   -0.17479   -0.17402
  -0.17039   -0.16637   -0.14693   -0.14607   -0.11985   -0.10149   -0.08202   -0.07502
  -0.06245   -0.03274   -0.02034   -0.01325    0.00454    0.00993    0.01094    0.01472
   0.02352    0.03297    0.03462    0.03919    0.04232    0.04283    0.04773    0.04973
   0.06082    0.07155    0.09554    0.10211    0.10736    0.12744    0.16786    0.17404
 kpt#   4, nband=128, wtk=  0.08000, kpt=  0.3500  0.0500  0.2500 (reduced coord)
  -4.73287   -4.73286   -2.96890   -2.96795   -2.96778   -2.96760   -2.96753   -2.96713
  -1.67943   -1.67876   -1.67843   -1.67816   -1.67761   -1.67730   -1.67675   -1.67638
  -1.67609   -1.67587   -1.67528   -1.67472   -1.67421   -1.67357   -1.67342   -1.67311
  -1.67300   -1.67255   -1.67227   -1.67174   -1.67141   -1.67096   -1.67060   -1.67014
  -1.66953   -1.66914   -1.66864   -1.66773   -1.66512   -1.66409   -1.65033   -1.64862
  -1.64835   -1.64754   -1.64745   -1.64635   -1.64456   -1.64449   -1.64382   -1.64366
  -0.67284   -0.67169   -0.67155   -0.67115   -0.67102   -0.67082   -0.67048   -0.67027
  -0.67018   -0.66986   -0.66580   -0.66509   -0.66496   -0.66453   -0.66423   -0.66404
  -0.66399   -0.66378   -0.66368   -0.66357   -0.66342   -0.66308   -0.66268   -0.66207
  -0.66196   -0.66181   -0.66074   -0.66048   -0.66027   -0.66006   -0.40438   -0.39561
  -0.39050   -0.38516   -0.37771   -0.37515   -0.35663   -0.35261   -0.19188   -0.18843
  -0.18722   -0.18630   -0.18574   -0.18568   -0.18446   -0.18152   -0.17917   -0.17901
  -0.17780   -0.17469   -0.16381   -0.16071   -0.14218   -0.12717   -0.08921   -0.08573
  -0.06378   -0.02041   -0.00725   -0.00407    0.00248    0.01876    0.02237    0.02513
   0.02633    0.03309    0.03709    0.04354    0.04698    0.05092    0.05416    0.05571
   0.06512    0.09377    0.11254    0.11709    0.12389    0.13594    0.16055    0.16628
 kpt#   5, nband=128, wtk=  0.08000, kpt=  0.4500  0.0500  0.2500 (reduced coord)
  -4.73287   -4.73287   -2.96903   -2.96857   -2.96824   -2.96775   -2.96755   -2.96752
  -1.68124   -1.67995   -1.67927   -1.67921   -1.67842   -1.67811   -1.67766   -1.67697
  -1.67684   -1.67622   -1.67587   -1.67571   -1.67504   -1.67482   -1.67441   -1.67404
  -1.67364   -1.67330   -1.67286   -1.67277   -1.67235   -1.67176   -1.67115   -1.67090
  -1.67047   -1.66975   -1.66956   -1.66839   -1.66613   -1.66559   -1.65201   -1.65005
  -1.64898   -1.64870   -1.64819   -1.64739   -1.64618   -1.64496   -1.64452   -1.64371
  -0.67271   -0.67201   -0.67170   -0.67138   -0.67111   -0.67107   -0.67058   -0.67051
  -0.67023   -0.66982   -0.66569   -0.66532   -0.66519   -0.66480   -0.66431   -0.66422
  -0.66410   -0.66387   -0.66375   -0.66358   -0.66347   -0.66340   -0.66291   -0.66219
  -0.66209   -0.66180   -0.66085   -0.66060   -0.66045   -0.66028   -0.39243   -0.38748
  -0.38470   -0.38343   -0.38136   -0.38024   -0.35673   -0.35254   -0.19343   -0.19137
  -0.19002   -0.18756   -0.18671   -0.18451   -0.18430   -0.18245   -0.18188   -0.18154
  -0.18077   -0.17706   -0.17149   -0.16811   -0.15352   -0.14619   -0.09679   -0.09615
  -0.04700   -0.02730   -0.00361    0.01475    0.01531    0.02101    0.02766    0.03096
   0.03249    0.03378    0.03642    0.04111    0.04423    0.04720    0.05399    0.05884
   0.09312    0.11463    0.11764    0.12126    0.13306    0.13892    0.14321    0.15356
 kpt#   6, nband=128, wtk=  0.04000, kpt=  0.1500  0.1500  0.2500 (reduced coord)
  -4.73287   -4.73286   -2.96962   -2.96825   -2.96792   -2.96783   -2.96778   -2.96757
  -1.68094   -1.68061   -1.68061   -1.68030   -1.67920   -1.67871   -1.67790   -1.67706
  -1.67684   -1.67615   -1.67612   -1.67551   -1.67508   -1.67462   -1.67437   -1.67428
  -1.67343   -1.67316   -1.67309   -1.67264   -1.67251   -1.67192   -1.67157   -1.67101
  -1.67084   -1.66968   -1.66929   -1.66814   -1.66664   -1.66626   -1.65175   -1.65132
  -1.64899   -1.64849   -1.64828   -1.64744   -1.64693   -1.64448   -1.64432   -1.64397
  -0.67342   -0.67190   -0.67167   -0.67164   -0.67102   -0.67089   -0.67076   -0.67067
  -0.66999   -0.66996   -0.66638   -0.66526   -0.66516   -0.66491   -0.66425   -0.66421
  -0.66408   -0.66408   -0.66393   -0.66370   -0.66362   -0.66323   -0.66313   -0.66215
  -0.66195   -0.66195   -0.66062   -0.66060   -0.66050   -0.66045   -0.41890   -0.40752
  -0.39869   -0.39257   -0.37667   -0.37471   -0.35673   -0.35265   -0.19637   -0.19127
  -0.19062   -0.19048   -0.18946   -0.18030   -0.17864   -0.17769   -0.17700   -0.17374
  -0.15883   -0.15491   -0.13385   -0.13283   -0.10457   -0.08587   -0.07882   -0.07396
  -0.05551   -0.04074   -0.03263   -0.02661   -0.02205   -0.01958   -0.00032    0.01821
   0.01936    0.02051    0.02709    0.03980    0.04254    0.04744    0.04780    0.04808
   0.05220    0.07108    0.09627    0.10030    0.10914    0.12740    0.17835    0.18506
 kpt#   7, nband=128, wtk=  0.08000, kpt=  0.2500  0.1500  0.2500 (reduced coord)
  -4.73287   -4.73286   -2.96897   -2.96800   -2.96787   -2.96754   -2.96740   -2.96718
  -1.68069   -1.67969   -1.67936   -1.67864   -1.67775   -1.67733   -1.67663   -1.67646
  -1.67603   -1.67573   -1.67516   -1.67495   -1.67429   -1.67412   -1.67333   -1.67308
  -1.67287   -1.67273   -1.67209   -1.67173   -1.67156   -1.67080   -1.67021   -1.67003
  -1.66907   -1.66858   -1.66733   -1.66706   -1.66569   -1.66445   -1.65112   -1.64941
  -1.64844   -1.64773   -1.64688   -1.64628   -1.64493   -1.64434   -1.64384   -1.64237
  -0.67305   -0.67171   -0.67163   -0.67115   -0.67101   -0.67084   -0.67061   -0.67023
  -0.67008   -0.66989   -0.66604   -0.66519   -0.66479   -0.66456   -0.66424   -0.66411
  -0.66396   -0.66389   -0.66374   -0.66365   -0.66337   -0.66301   -0.66264   -0.66207
  -0.66192   -0.66189   -0.66069   -0.66056   -0.66039   -0.65996   -0.41118   -0.40084
  -0.39408   -0.38764   -0.37625   -0.37282   -0.35539   -0.35152   -0.19606   -0.18935
  -0.18883   -0.18838   -0.18646   -0.18142   -0.17817   -0.17755   -0.17604   -0.17533
  -0.16984   -0.16535   -0.14650   -0.14430   -0.12091   -0.10354   -0.08211   -0.07037
  -0.05847   -0.05824   -0.04340   -0.02766   -0.01712   -0.01365   -0.00411    0.00729
   0.01757    0.02389    0.02827    0.03170    0.04301    0.04458    0.04882    0.05228
   0.07246    0.09568    0.10045    0.10899    0.11926    0.14073    0.16590    0.16866
 kpt#   8, nband=128, wtk=  0.08000, kpt=  0.3500  0.1500  0.2500 (reduced coord)
  -4.73287   -4.73286   -2.96865   -2.96857   -2.96782   -2.96759   -2.96751   -2.96741
  -1.67981   -1.67914   -1.67899   -1.67834   -1.67805   -1.67776   -1.67738   -1.67702
  -1.67662   -1.67618   -1.67561   -1.67520   -1.67474   -1.67444   -1.67409   -1.67392
  -1.67313   -1.67246   -1.67205   -1.67176   -1.67160   -1.67114   -1.67074   -1.67032
  -1.66959   -1.66910   -1.66820   -1.66758   -1.66569   -1.66491   -1.65135   -1.64894
  -1.64851   -1.64796   -1.64780   -1.64731   -1.64468   -1.64445   -1.64409   -1.64375
  -0.67291   -0.67209   -0.67151   -0.67122   -0.67100   -0.67093   -0.67076   -0.67014
  -0.67008   -0.66993   -0.66596   -0.66530   -0.66490   -0.66446   -0.66435   -0.66420
  -0.66403   -0.66387   -0.66370   -0.66363   -0.66340   -0.66331   -0.66257   -0.66211
  -0.66190   -0.66181   -0.66075   -0.66069   -0.66052   -0.65989   -0.40079   -0.39244
  -0.38843   -0.38266   -0.37676   -0.37355   -0.35455   -0.35049   -0.19462   -0.18792
  -0.18716   -0.18580   -0.18451   -0.18430   -0.18154   -0.18025   -0.17973   -0.17731
  -0.17714   -0.17423   -0.15978   -0.15549   -0.13862   -0.12466   -0.08793   -0.08114
  -0.06057   -0.04741   -0.03219   -0.02031   -0.00859   -0.00428   -0.00058    0.00273
   0.01893    0.02153    0.02342    0.02950    0.03750    0.03883    0.04244    0.04683
   0.08397    0.09336    0.10024    0.10798    0.11231    0.13611    0.15895    0.16874
 kpt#   9, nband=128, wtk=  0.08000, kpt=  0.4500  0.1500  0.2500 (reduced coord)
  -4.73287   -4.73287   -2.96928   -2.96925   -2.96812   -2.96771   -2.96759   -2.96723
  -1.68078   -1.68032   -1.67939   -1.67911   -1.67828   -1.67780   -1.67733   -1.67708
  -1.67677   -1.67643   -1.67617   -1.67580   -1.67522   -1.67489   -1.67471   -1.67429
  -1.67407   -1.67368   -1.67324   -1.67293   -1.67247   -1.67223   -1.67180   -1.67169
  -1.67083   -1.67055   -1.66960   -1.66901   -1.66672   -1.66597   -1.65189   -1.65077
  -1.64933   -1.64876   -1.64804   -1.64760   -1.64693   -1.64537   -1.64474   -1.64393
  -0.67276   -0.67240   -0.67167   -0.67129   -0.67123   -0.67109   -0.67076   -0.67037
  -0.67024   -0.66994   -0.66592   -0.66548   -0.66515   -0.66472   -0.66438   -0.66425
  -0.66417   -0.66393   -0.66383   -0.66371   -0.66361   -0.66344   -0.66279   -0.66218
  -0.66208   -0.66184   -0.66091   -0.66082   -0.66053   -0.66017   -0.38942   -0.38476
  -0.38299   -0.38103   -0.37909   -0.37893   -0.35418   -0.34998   -0.19176   -0.18908
  -0.18795   -0.18704   -0.18601   -0.18562   -0.18405   -0.18264   -0.18126   -0.18019
  -0.17950   -0.17653   -0.16592   -0.16275   -0.14776   -0.14125   -0.09338   -0.09285
  -0.04545   -0.02789   -0.02698   -0.01340   -0.00489   -0.00322    0.00697    0.01195
   0.01360    0.01444    0.01859    0.02496    0.02751    0.03240    0.04092    0.04400
   0.08271    0.08755    0.09432    0.09655    0.10974    0.11983    0.16672    0.17582
 kpt#  10, nband=128, wtk=  0.04000, kpt=  0.2500  0.2500  0.2500 (reduced coord)
  -4.73287   -4.73286   -2.96894   -2.96858   -2.96827   -2.96780   -2.96752   -2.96750
  -1.68047   -1.68035   -1.67949   -1.67930   -1.67836   -1.67792   -1.67741   -1.67709
  -1.67673   -1.67672   -1.67600   -1.67595   -1.67518   -1.67509   -1.67448   -1.67380
  -1.67342   -1.67316   -1.67225   -1.67212   -1.67179   -1.67166   -1.67119   -1.67078
  -1.66989   -1.66957   -1.66887   -1.66798   -1.66791   -1.66671   -1.65217   -1.64923
  -1.64920   -1.64829   -1.64791   -1.64782   -1.64541   -1.64489   -1.64450   -1.64407
  -0.67284   -0.67239   -0.67169   -0.67136   -0.67106   -0.67095   -0.67091   -0.67016
  -0.67014   -0.67004   -0.66607   -0.66551   -0.66500   -0.66456   -0.66450   -0.66419
  -0.66414   -0.66408   -0.66390   -0.66378   -0.66336   -0.66335   -0.66254   -0.66204
  -0.66202   -0.66195   -0.66101   -0.66070   -0.66069   -0.65989   -0.40387   -0.39455
  -0.38988   -0.38304   -0.37547   -0.37105   -0.35318   -0.34921   -0.19770   -0.18839
  -0.18742   -0.18723   -0.18492   -0.18345   -0.17961   -0.17868   -0.17637   -0.17576
  -0.17084   -0.16594   -0.14852   -0.14275   -0.12476   -0.11013   -0.08336   -0.07893
  -0.06377   -0.06125   -0.05896   -0.04440   -0.03179   -0.02166   -0.01134   -0.00055
  -0.00033    0.00880    0.02491    0.02518    0.02833    0.03516    0.04266    0.04471
   0.07215    0.09034    0.09817    0.10249    0.11139    0.13368    0.17082    0.17928
 kpt#  11, nband=128, wtk=  0.08000, kpt=  0.3500  0.2500  0.2500 (reduced coord)
  -4.73287   -4.73286   -2.96923   -2.96860   -2.96808   -2.96781   -2.96755   -2.96744
  -1.68040   -1.67962   -1.67931   -1.67890   -1.67840   -1.67793   -1.67772   -1.67713
  -1.67703   -1.67647   -1.67600   -1.67559   -1.67536   -1.67493   -1.67459   -1.67427
  -1.67382   -1.67321   -1.67275   -1.67241   -1.67204   -1.67160   -1.67128   -1.67081
  -1.67059   -1.66993   -1.66912   -1.66807   -1.66773   -1.66568   -1.65267   -1.64975
  -1.64904   -1.64872   -1.64811   -1.64786   -1.64584   -1.64477   -1.64441   -1.64391
  -0.67287   -0.67266   -0.67161   -0.67154   -0.67097   -0.67092   -0.67090   -0.67016
  -0.67008   -0.66998   -0.66629   -0.66551   -0.66500   -0.66461   -0.66444   -0.66431
  -0.66414   -0.66409   -0.66387   -0.66377   -0.66338   -0.66330   -0.66250   -0.66210
  -0.66196   -0.66184   -0.66125   -0.66073   -0.66061   -0.65984   -0.39424   -0.38684
  -0.38480   -0.37851   -0.37539   -0.37133   -0.35110   -0.34698   -0.19727   -0.18752
  -0.18729   -0.18644   -0.18509   -0.18230   -0.17987   -0.17953   -0.17681   -0.17500
  -0.17450   -0.17043   -0.15265   -0.14663   -0.13185   -0.12145   -0.08654   -0.07914
  -0.07522   -0.06705   -0.04890   -0.04718   -0.02465   -0.02424   -0.01482   -0.00624
  -0.00381   -0.00170    0.00845    0.01588    0.01942    0.02110    0.02427    0.03596
   0.05491    0.06530    0.08401    0.08635    0.09479    0.12024    0.17824    0.19631
 kpt#  12, nband=128, wtk=  0.08000, kpt=  0.4500  0.2500  0.2500 (reduced coord)
  -4.73287   -4.73286   -2.96933   -2.96894   -2.96786   -2.96751   -2.96744   -2.96714
  -1.67981   -1.67955   -1.67910   -1.67864   -1.67805   -1.67776   -1.67715   -1.67664
  -1.67638   -1.67556   -1.67513   -1.67491   -1.67476   -1.67435   -1.67399   -1.67365
  -1.67345   -1.67308   -1.67267   -1.67233   -1.67210   -1.67182   -1.67156   -1.67122
  -1.67074   -1.67017   -1.66883   -1.66795   -1.66720   -1.66596   -1.65119   -1.65031
  -1.64845   -1.64812   -1.64791   -1.64730   -1.64653   -1.64456   -1.64434   -1.64406
  -0.67275   -0.67256   -0.67144   -0.67132   -0.67104   -0.67101   -0.67088   -0.67018
  -0.67016   -0.67002   -0.66617   -0.66533   -0.66488   -0.66452   -0.66436   -0.66427
  -0.66415   -0.66411   -0.66388   -0.66374   -0.66346   -0.66320   -0.66258   -0.66211
  -0.66196   -0.66174   -0.66106   -0.66075   -0.66062   -0.65996   -0.38415   -0.38010
  -0.38009   -0.37706   -0.37681   -0.37539   -0.34987   -0.34565   -0.19471   -0.19016
  -0.18662   -0.18573   -0.18345   -0.18093   -0.17970   -0.17885   -0.17817   -0.17746
  -0.17582   -0.17577   -0.15516   -0.15253   -0.13652   -0.13212   -0.08947   -0.08682
  -0.06202   -0.05529   -0.03873   -0.03641   -0.03307   -0.03114   -0.01718   -0.01467
  -0.00932   -0.00737    0.00060    0.00576    0.01637    0.01884    0.02500    0.02639
   0.04475    0.05068    0.06096    0.06235    0.09686    0.10839    0.18732    0.20247
 kpt#  13, nband=128, wtk=  0.04000, kpt=  0.3500  0.3500  0.2500 (reduced coord)
  -4.73287   -4.73286   -2.96916   -2.96865   -2.96817   -2.96762   -2.96742   -2.96729
  -1.68026   -1.68024   -1.67932   -1.67824   -1.67821   -1.67777   -1.67709   -1.67706
  -1.67641   -1.67639   -1.67567   -1.67530   -1.67520   -1.67493   -1.67425   -1.67400
  -1.67325   -1.67300   -1.67280   -1.67203   -1.67143   -1.67141   -1.67110   -1.67104
  -1.67067   -1.67019   -1.66929   -1.66787   -1.66651   -1.66609   -1.65128   -1.64996
  -1.64860   -1.64840   -1.64791   -1.64720   -1.64628   -1.64459   -1.64451   -1.64407
  -0.67291   -0.67260   -0.67167   -0.67133   -0.67103   -0.67097   -0.67080   -0.67020
  -0.67016   -0.66995   -0.66637   -0.66540   -0.66491   -0.66452   -0.66440   -0.66433
  -0.66417   -0.66414   -0.66392   -0.66390   -0.66327   -0.66315   -0.66238   -0.66209
  -0.66206   -0.66176   -0.66127   -0.66076   -0.66072   -0.65975   -0.38603   -0.38058
  -0.38028   -0.37448   -0.37442   -0.37024   -0.34754   -0.34334   -0.19808   -0.18946
  -0.18671   -0.18471   -0.18442   -0.18007   -0.17960   -0.17872   -0.17687   -0.17559
  -0.16749   -0.16447   -0.14485   -0.13977   -0.12219   -0.12000   -0.09830   -0.08657
  -0.08290   -0.07622   -0.06314   -0.04035   -0.03981   -0.03320   -0.03145   -0.02981
  -0.01781   -0.01073   -0.00741   -0.00633    0.00156    0.00519    0.00981    0.02657
   0.03546    0.03956    0.05504    0.06164    0.09047    0.11229    0.19033    0.21753
 kpt#  14, nband=128, wtk=  0.08000, kpt=  0.4500  0.3500  0.2500 (reduced coord)
  -4.73287   -4.73287   -2.96917   -2.96855   -2.96823   -2.96785   -2.96782   -2.96758
  -1.68002   -1.67970   -1.67954   -1.67894   -1.67851   -1.67812   -1.67796   -1.67726
  -1.67701   -1.67665   -1.67630   -1.67606   -1.67579   -1.67525   -1.67495   -1.67469
  -1.67452   -1.67373   -1.67335   -1.67312   -1.67246   -1.67217   -1.67175   -1.67134
  -1.67079   -1.67029   -1.66977   -1.66831   -1.66653   -1.66603   -1.65161   -1.65065
  -1.64901   -1.64881   -1.64843   -1.64768   -1.64669   -1.64514   -1.64483   -1.64458
  -0.67310   -0.67276   -0.67178   -0.67150   -0.67112   -0.67103   -0.67081   -0.67028
  -0.67017   -0.66997   -0.66657   -0.66554   -0.66500   -0.66467   -0.66455   -0.66435
  -0.66428   -0.66422   -0.66398   -0.66387   -0.66332   -0.66321   -0.66240   -0.66219
  -0.66210   -0.66180   -0.66146   -0.66084   -0.66076   -0.65976   -0.37810   -0.37693
  -0.37501   -0.37478   -0.37313   -0.37169   -0.34530   -0.34105   -0.19691   -0.19370
  -0.18586   -0.18520   -0.18259   -0.17993   -0.17863   -0.17816   -0.17782   -0.17636
  -0.16358   -0.16245   -0.14054   -0.13893   -0.12165   -0.11991   -0.08892   -0.08687
  -0.08345   -0.07994   -0.06279   -0.06184   -0.05761   -0.04268   -0.03636   -0.02898
  -0.02383   -0.02142   -0.01999   -0.00654   -0.00471   -0.00163    0.00782    0.01214
   0.01590    0.02147    0.04037    0.04849    0.09716    0.10555    0.20095    0.21185
 kpt#  15, nband=128, wtk=  0.04000, kpt=  0.4500  0.4500  0.2500 (reduced coord)
  -4.73287   -4.73287   -2.96902   -2.96848   -2.96833   -2.96819   -2.96765   -2.96750
  -1.68051   -1.67967   -1.67908   -1.67882   -1.67839   -1.67833   -1.67784   -1.67757
  -1.67730   -1.67685   -1.67648   -1.67648   -1.67587   -1.67531   -1.67492   -1.67433
  -1.67409   -1.67377   -1.67337   -1.67275   -1.67270   -1.67236   -1.67204   -1.67180
  -1.67112   -1.67055   -1.66952   -1.66848   -1.66586   -1.66559   -1.65153   -1.65118
  -1.64947   -1.64832   -1.64783   -1.64746   -1.64709   -1.64548   -1.64479   -1.64349
  -0.67322   -0.67275   -0.67191   -0.67140   -0.67111   -0.67104   -0.67079   -0.67025
  -0.67020   -0.66992   -0.66675   -0.66560   -0.66506   -0.66478   -0.66461   -0.66432
  -0.66427   -0.66419   -0.66395   -0.66388   -0.66325   -0.66320   -0.66238   -0.66215
  -0.66211   -0.66181   -0.66155   -0.66082   -0.66075   -0.65974   -0.37459   -0.37382
  -0.37326   -0.37154   -0.37137   -0.36949   -0.34231   -0.33805   -0.19755   -0.19608
  -0.18511   -0.18506   -0.18087   -0.17878   -0.17819   -0.17754   -0.17736   -0.17732
  -0.15141   -0.15083   -0.12661   -0.12616   -0.11226   -0.10891   -0.09745   -0.09341
  -0.08621   -0.08459   -0.08263   -0.08140   -0.07346   -0.06399   -0.04988   -0.04293
  -0.02749   -0.02635   -0.01803   -0.01661   -0.01417   -0.01065   -0.00612   -0.00563
  -0.00517    0.00376    0.04101    0.04444    0.10066    0.10417    0.21060    0.21667
