 Eigenvalues (hartree) for nkpt=  15  k points:
 kpt#   1, nband=300, wtk=  0.04000, kpt=  0.0500  0.0500  0.2500 (reduced coord)
  -4.73287   -4.73287   -2.97015   -2.97011   -2.96780   -2.96743   -2.96737   -2.96709
  -1.68160   -1.68139   -1.68058   -1.68008   -1.67955   -1.67933   -1.67930   -1.67864
  -1.67837   -1.67814   -1.67754   -1.67724   -1.67633   -1.67611   -1.67588   -1.67551
  -1.67486   -1.67444   -1.67356   -1.67349   -1.67250   -1.67199   -1.67133   -1.67114
  -1.67031   -1.67019   -1.66939   -1.66889   -1.66478   -1.66454   -1.65240   -1.65214
  -1.64975   -1.64866   -1.64850   -1.64753   -1.64694   -1.64580   -1.64359   -1.64337
  -0.67388   -0.67220   -0.67197   -0.67184   -0.67106   -0.67099   -0.67085   -0.67076
  -0.66979   -0.66976   -0.66679   -0.66560   -0.66539   -0.66491   -0.66449   -0.66434
  -0.66424   -0.66413   -0.66412   -0.66359   -0.66349   -0.66333   -0.66332   -0.66217
  -0.66193   -0.66190   -0.66077   -0.66065   -0.66041   -0.66038   -0.42710   -0.41482
  -0.40390   -0.39842   -0.37806   -0.37746   -0.35878   -0.35374   -0.19530   -0.19363
  -0.19287   -0.19278   -0.19210   -0.18010   -0.18000   -0.17827   -0.17367   -0.17206
  -0.14138   -0.13942   -0.11560   -0.11066   -0.07898   -0.07720   -0.07531   -0.04915
  -0.03771   -0.03208   -0.02335   -0.01483   -0.01278   -0.00642   -0.00536   -0.00444
   0.00537    0.01525    0.02358    0.03357    0.03408    0.03988    0.04153    0.05049
   0.05253    0.05480    0.06400    0.06455    0.09748    0.10778    0.14542    0.16434
   0.19625    0.19994    0.21628    0.23024    0.24564    0.25823    0.26534    0.27053
   0.27106    0.27687    0.28104    0.28911    0.29010    0.29206    0.29409    0.29508
   0.30086    0.30359    0.30584    0.31094    0.32239    0.32635    0.33511    0.33566
   0.34007    0.34609    0.34899    0.35644    0.35964    0.36142    0.36335    0.37731
   0.38719    0.40135    0.40646    0.41270    0.43364    0.44743    0.45099    0.45583
   0.45763    0.46334    0.46743    0.47149    0.48511    0.48769    0.49485    0.50425
   0.50704    0.51166    0.51273    0.51502    0.52375    0.52792    0.53282    0.54103
   0.54307    0.54428    0.55097    0.56177    0.56211    0.56739    0.56823    0.57175
   0.57764    0.58790    0.58931    0.58934    0.59250    0.59952    0.60732    0.60945
   0.61766    0.62194    0.62799    0.63346    0.63631    0.64244    0.64350    0.65019
   0.65698    0.66414    0.67147    0.67492    0.67723    0.68515    0.68803    0.69215
   0.69992    0.70318    0.71148    0.71265    0.71580    0.72508    0.73658    0.74140
   0.74529    0.75035    0.75044    0.75650    0.75715    0.76440    0.77884    0.78035
   0.79194    0.79967    0.80434    0.80821    0.80970    0.81299    0.82050    0.82594
   0.83440    0.84201    0.84934    0.85602    0.86178    0.86620    0.86877    0.87202
   0.87918    0.88267    0.89014    0.89755    0.90154    0.91075    0.91527    0.91527
   0.91916    0.92881    0.93114    0.93428    0.93833    0.94552    0.95166    0.95448
   0.95634    0.96039    0.96588    0.97032    0.97047    0.97275    0.97591    0.98555
   0.98715    0.99111    0.99486    0.99560    0.99795    0.99924    1.00564    1.00905
   1.01148    1.01470    1.02275    1.02441    1.02843    1.03285    1.03372    1.03779
   1.03860    1.04150    1.04882    1.05512    1.06317    1.06499    1.06934    1.07237
   1.07855    1.08228    1.08241    1.08660
 kpt#   2, nband=300, wtk=  0.08000, kpt=  0.1500  0.0500  0.2500 (reduced coord)
  -4.73287   -4.73286   -2.97001   -2.96931   -2.96800   -2.96765   -2.96749   -2.96745
  -1.68149   -1.68124   -1.68085   -1.68066   -1.67964   -1.67933   -1.67868   -1.67804
  -1.67752   -1.67716   -1.67624   -1.67599   -1.67591   -1.67526   -1.67486   -1.67452
  -1.67407   -1.67379   -1.67306   -1.67281   -1.67268   -1.67237   -1.67182   -1.67166
  -1.67090   -1.67061   -1.67031   -1.66904   -1.66681   -1.66567   -1.65268   -1.65175
  -1.64950   -1.64900   -1.64833   -1.64809   -1.64768   -1.64531   -1.64437   -1.64408
  -0.67360   -0.67203   -0.67184   -0.67176   -0.67111   -0.67097   -0.67087   -0.67076
  -0.66997   -0.66988   -0.66655   -0.66534   -0.66531   -0.66506   -0.66437   -0.66431
  -0.66419   -0.66415   -0.66409   -0.66363   -0.66354   -0.66341   -0.66333   -0.66226
  -0.66196   -0.66191   -0.66077   -0.66065   -0.66055   -0.66049   -0.42298   -0.41114
  -0.40125   -0.39546   -0.37713   -0.37633   -0.35781   -0.35339   -0.19528   -0.19251
  -0.19220   -0.19159   -0.19082   -0.18103   -0.17863   -0.17794   -0.17592   -0.17337
  -0.15306   -0.14982   -0.12724   -0.12706   -0.09583   -0.08192   -0.07750   -0.06996
  -0.03882   -0.03211   -0.02969   -0.02284   -0.00485    0.00009    0.00166    0.00822
   0.01541    0.02182    0.02477    0.03556    0.03593    0.04112    0.04830    0.05031
   0.05514    0.06334    0.07300    0.07834    0.09875    0.11563    0.16096    0.17691
   0.18866    0.21706    0.22349    0.22868    0.23396    0.24068    0.24601    0.25896
   0.26118    0.26575    0.26793    0.26946    0.27091    0.28174    0.28432    0.28725
   0.29550    0.30216    0.30334    0.30457    0.30812    0.31497    0.32818    0.33902
   0.33999    0.34173    0.34872    0.35248    0.36117    0.36484    0.37790    0.38172
   0.38404    0.39412    0.39813    0.41194    0.42103    0.43413    0.45041    0.46419
   0.46983    0.47755    0.48484    0.48893    0.49810    0.49986    0.50635    0.51206
   0.51875    0.52708    0.52774    0.53284    0.53707    0.53983    0.54360    0.54834
   0.55284    0.55586    0.56123    0.56611    0.57076    0.57284    0.57813    0.58036
   0.58531    0.59172    0.59286    0.59782    0.60221    0.60491    0.60789    0.61513
   0.61874    0.63059    0.63291    0.63776    0.64443    0.64645    0.65415    0.65612
   0.66232    0.66798    0.67285    0.68182    0.69075    0.69171    0.69657    0.69898
   0.70174    0.70583    0.71052    0.71876    0.72625    0.72909    0.73753    0.74407
   0.74966    0.75657    0.76517    0.76699    0.76842    0.77254    0.78380    0.79385
   0.80019    0.80230    0.80804    0.81277    0.81700    0.81860    0.82605    0.83056
   0.83672    0.84323    0.84669    0.84742    0.85347    0.85933    0.86208    0.86697
   0.86868    0.87458    0.88068    0.88413    0.88719    0.89140    0.89838    0.89940
   0.90830    0.91047    0.91778    0.92292    0.92563    0.93221    0.93610    0.93988
   0.94408    0.94983    0.95448    0.95582    0.96026    0.96590    0.96877    0.97397
   0.97788    0.98208    0.98406    0.98666    0.99173    0.99365    1.00380    1.00486
   1.00849    1.01379    1.01562    1.02155    1.02394    1.02789    1.03105    1.03329
   1.03756    1.04429    1.05101    1.05582    1.06922    1.07334    1.07547    1.08030
   1.08774    1.09212    1.09525    1.09868
 kpt#   3, nband=300, wtk=  0.08000, kpt=  0.2500  0.0500  0.2500 (reduced coord)
  -4.73287   -4.73285   -2.96931   -2.96810   -2.96764   -2.96760   -2.96735   -2.96689
  -1.68045   -1.67993   -1.67945   -1.67928   -1.67814   -1.67772   -1.67759   -1.67693
  -1.67645   -1.67608   -1.67510   -1.67442   -1.67420   -1.67374   -1.67318   -1.67258
  -1.67234   -1.67204   -1.67179   -1.67163   -1.67130   -1.67066   -1.66979   -1.66916
  -1.66845   -1.66824   -1.66746   -1.66686   -1.66618   -1.66517   -1.65116   -1.64939
  -1.64883   -1.64771   -1.64718   -1.64579   -1.64538   -1.64428   -1.64382   -1.64195
  -0.67320   -0.67180   -0.67148   -0.67111   -0.67099   -0.67083   -0.67059   -0.67020
  -0.67006   -0.66984   -0.66617   -0.66510   -0.66498   -0.66438   -0.66427   -0.66413
  -0.66395   -0.66381   -0.66375   -0.66353   -0.66347   -0.66306   -0.66262   -0.66210
  -0.66193   -0.66184   -0.66066   -0.66048   -0.66028   -0.66002   -0.41510   -0.40431
  -0.39645   -0.39038   -0.37689   -0.37433   -0.35682   -0.35294   -0.19398   -0.19060
  -0.18939   -0.18909   -0.18854   -0.18250   -0.17801   -0.17733   -0.17479   -0.17402
  -0.17039   -0.16637   -0.14693   -0.14607   -0.11985   -0.10149   -0.08202   -0.07502
  -0.06245   -0.03274   -0.02034   -0.01325    0.00454    0.00993    0.01094    0.01472
   0.02352    0.03297    0.03462    0.03919    0.04232    0.04283    0.04773    0.04973
   0.06082    0.07155    0.09554    0.10211    0.10736    0.12744    0.16786    0.17404
   0.19097    0.19142    0.19593    0.20461    0.21861    0.22322    0.23223    0.23734
   0.24209    0.24397    0.25159    0.26070    0.26191    0.26900    0.27608    0.27992
   0.28397    0.28903    0.30463    0.31058    0.31686    0.31907    0.33335    0.33458
   0.34052    0.34896    0.35077    0.35964    0.36639    0.37456    0.37637    0.38613
   0.39173    0.39968    0.41564    0.42340    0.42719    0.43438    0.44039    0.44838
   0.46116    0.47971    0.48695    0.49188    0.49800    0.50626    0.51533    0.52164
   0.53347    0.53585    0.54290    0.54827    0.55143    0.55465    0.55995    0.56384
   0.56594    0.57043    0.57539    0.57978    0.58108    0.58661    0.59367    0.59817
   0.60190    0.60729    0.61033    0.61504    0.62218    0.62497    0.63151    0.63502
   0.64106    0.64325    0.64532    0.64741    0.65341    0.66024    0.66632    0.66816
   0.67316    0.68331    0.68694    0.69217    0.69814    0.70247    0.70421    0.70999
   0.71709    0.72112    0.72594    0.73029    0.73407    0.74141    0.74563    0.75022
   0.75209    0.75866    0.76262    0.76380    0.76997    0.77498    0.77677    0.77950
   0.78624    0.79008    0.79704    0.79945    0.80021    0.81083    0.81444    0.82108
   0.82554    0.83009    0.83498    0.83667    0.84086    0.84895    0.85672    0.85886
   0.86305    0.86842    0.87291    0.87929    0.88775    0.89004    0.89354    0.89786
   0.89989    0.90398    0.90743    0.91436    0.92229    0.92944    0.93818    0.94382
   0.94947    0.95405    0.95906    0.96301    0.96677    0.96887    0.97369    0.97634
   0.97698    0.98197    0.98750    0.98924    0.99248    0.99821    1.00686    1.00797
   1.01237    1.01568    1.01695    1.02206    1.02522    1.03375    1.03656    1.04131
   1.04631    1.05016    1.05486    1.05827    1.06596    1.07000    1.07430    1.07511
   1.08033    1.08164    1.08474    1.09105
 kpt#   4, nband=300, wtk=  0.08000, kpt=  0.3500  0.0500  0.2500 (reduced coord)
  -4.73287   -4.73286   -2.96890   -2.96795   -2.96778   -2.96760   -2.96753   -2.96713
  -1.67943   -1.67876   -1.67843   -1.67816   -1.67761   -1.67730   -1.67675   -1.67638
  -1.67609   -1.67587   -1.67528   -1.67472   -1.67421   -1.67357   -1.67342   -1.67311
  -1.67300   -1.67255   -1.67227   -1.67174   -1.67141   -1.67096   -1.67060   -1.67014
  -1.66953   -1.66914   -1.66864   -1.66773   -1.66512   -1.66409   -1.65033   -1.64862
  -1.64835   -1.64754   -1.64745   -1.64635   -1.64456   -1.64449   -1.64382   -1.64366
  -0.67284   -0.67169   -0.67155   -0.67115   -0.67102   -0.67082   -0.67048   -0.67027
  -0.67018   -0.66986   -0.66580   -0.66509   -0.66496   -0.66453   -0.66423   -0.66404
  -0.66399   -0.66378   -0.66368   -0.66357   -0.66342   -0.66308   -0.66268   -0.66207
  -0.66196   -0.66181   -0.66074   -0.66048   -0.66027   -0.66006   -0.40438   -0.39561
  -0.39050   -0.38516   -0.37771   -0.37515   -0.35663   -0.35261   -0.19188   -0.18843
  -0.18722   -0.18630   -0.18574   -0.18568   -0.18446   -0.18152   -0.17917   -0.17901
  -0.17780   -0.17469   -0.16381   -0.16071   -0.14218   -0.12717   -0.08921   -0.08573
  -0.06378   -0.02041   -0.00725   -0.00407    0.00248    0.01876    0.02237    0.02513
   0.02633    0.03309    0.03709    0.04354    0.04698    0.05092    0.05416    0.05571
   0.06512    0.09377    0.11254    0.11709    0.12389    0.13594    0.16055    0.16628
   0.17120    0.17282    0.18106    0.18487    0.19427    0.19901    0.20633    0.21026
   0.21266    0.21829    0.22936    0.23764    0.24451    0.25507    0.26348    0.26954
   0.28979    0.30328    0.30437    0.30580    0.31827    0.32937    0.34100    0.34397
   0.35213    0.36676    0.37514    0.37888    0.38535    0.39055    0.39495    0.39957
   0.40615    0.41357    0.41960    0.43152    0.44578    0.45323    0.45571    0.46519
   0.46838    0.47758    0.48020    0.49315    0.49503    0.50150    0.50460    0.51108
   0.52238    0.52829    0.53366    0.53936    0.54789    0.55219    0.56077    0.56841
   0.57738    0.58518    0.59129    0.59336    0.59636    0.60546    0.60831    0.61578
   0.61693    0.62261    0.63072    0.63246    0.63598    0.64216    0.64332    0.64612
   0.65208    0.65549    0.65986    0.66638    0.66922    0.67188    0.67915    0.68063
   0.68310    0.68705    0.69083    0.69810    0.70122    0.70816    0.71240    0.71810
   0.71952    0.72410    0.72679    0.73099    0.73410    0.73566    0.73863    0.74248
   0.74856    0.75075    0.75935    0.76331    0.76786    0.77163    0.77868    0.78384
   0.78542    0.79910    0.80155    0.80527    0.81195    0.81713    0.82154    0.82794
   0.83211    0.83968    0.84633    0.85091    0.85455    0.85599    0.86308    0.86436
   0.86870    0.87595    0.88504    0.88665    0.89008    0.89518    0.89895    0.90104
   0.90888    0.91291    0.91938    0.92048    0.92509    0.92941    0.93443    0.93739
   0.94340    0.94534    0.95130    0.95595    0.95775    0.96197    0.96476    0.97206
   0.97362    0.97611    0.97951    0.98426    0.98985    0.99243    0.99548    1.00413
   1.00510    1.00850    1.01340    1.01993    1.02397    1.02509    1.02828    1.03192
   1.03806    1.03949    1.04554    1.04669    1.04976    1.05086    1.05472    1.05999
   1.06125    1.06784    1.07264    1.07795
 kpt#   5, nband=300, wtk=  0.08000, kpt=  0.4500  0.0500  0.2500 (reduced coord)
  -4.73287   -4.73287   -2.96903   -2.96857   -2.96824   -2.96775   -2.96755   -2.96752
  -1.68124   -1.67995   -1.67927   -1.67921   -1.67842   -1.67811   -1.67766   -1.67697
  -1.67684   -1.67622   -1.67587   -1.67571   -1.67504   -1.67482   -1.67441   -1.67404
  -1.67364   -1.67330   -1.67286   -1.67277   -1.67235   -1.67176   -1.67115   -1.67090
  -1.67047   -1.66975   -1.66956   -1.66839   -1.66613   -1.66559   -1.65201   -1.65005
  -1.64898   -1.64870   -1.64819   -1.64739   -1.64618   -1.64496   -1.64452   -1.64371
  -0.67271   -0.67201   -0.67170   -0.67138   -0.67111   -0.67107   -0.67058   -0.67051
  -0.67023   -0.66982   -0.66569   -0.66532   -0.66519   -0.66480   -0.66431   -0.66422
  -0.66410   -0.66387   -0.66375   -0.66358   -0.66347   -0.66340   -0.66291   -0.66219
  -0.66209   -0.66180   -0.66085   -0.66060   -0.66045   -0.66028   -0.39243   -0.38748
  -0.38470   -0.38343   -0.38136   -0.38024   -0.35673   -0.35254   -0.19343   -0.19137
  -0.19002   -0.18756   -0.18671   -0.18451   -0.18430   -0.18245   -0.18188   -0.18154
  -0.18077   -0.17706   -0.17149   -0.16811   -0.15352   -0.14619   -0.09679   -0.09615
  -0.04700   -0.02730   -0.00361    0.01475    0.01531    0.02101    0.02766    0.03096
   0.03249    0.03378    0.03642    0.04111    0.04423    0.04720    0.05399    0.05884
   0.09312    0.11463    0.11764    0.12126    0.13306    0.13892    0.14321    0.15356
   0.16258    0.16794    0.17559    0.17860    0.18474    0.18516    0.18830    0.19086
   0.20223    0.20601    0.20746    0.21932    0.22532    0.23391    0.25691    0.27878
   0.28259    0.29686    0.30602    0.30855    0.31519    0.32335    0.33264    0.34828
   0.35571    0.36835    0.38551    0.39568    0.40540    0.41427    0.42550    0.42907
   0.43632    0.43962    0.44616    0.44947    0.45645    0.46592    0.46896    0.47393
   0.47887    0.48560    0.49622    0.50106    0.50651    0.50872    0.51610    0.51795
   0.52323    0.52363    0.53356    0.53600    0.54312    0.54569    0.54790    0.55402
   0.55691    0.56289    0.57247    0.57547    0.58143    0.58825    0.59367    0.59719
   0.60366    0.60694    0.61355    0.61623    0.62140    0.62746    0.62952    0.63837
   0.64313    0.64914    0.65204    0.66160    0.67129    0.67315    0.68135    0.69018
   0.70141    0.70437    0.71011    0.71294    0.71930    0.72286    0.72683    0.73119
   0.74181    0.74374    0.74846    0.75237    0.75778    0.76691    0.76883    0.77138
   0.77707    0.78062    0.78642    0.78913    0.79073    0.79701    0.80101    0.80450
   0.80774    0.81069    0.81131    0.81443    0.81557    0.82276    0.82581    0.82945
   0.83340    0.83854    0.84183    0.84983    0.85457    0.85580    0.85829    0.86411
   0.86759    0.87116    0.87380    0.88119    0.88624    0.88728    0.89243    0.89768
   0.90133    0.90424    0.90625    0.90807    0.91445    0.91924    0.92143    0.92658
   0.93105    0.93798    0.93930    0.94508    0.94907    0.95281    0.95605    0.95803
   0.96501    0.97005    0.97581    0.97926    0.98256    0.98546    0.99224    0.99611
   1.00111    1.00876    1.01416    1.01688    1.01977    1.02460    1.02972    1.03286
   1.03675    1.03827    1.04112    1.04354    1.04476    1.05035    1.05187    1.05526
   1.05757    1.06141    1.06297    1.06472
 kpt#   6, nband=300, wtk=  0.04000, kpt=  0.1500  0.1500  0.2500 (reduced coord)
  -4.73287   -4.73286   -2.96962   -2.96825   -2.96792   -2.96783   -2.96778   -2.96757
  -1.68094   -1.68061   -1.68061   -1.68030   -1.67920   -1.67871   -1.67790   -1.67706
  -1.67684   -1.67615   -1.67612   -1.67551   -1.67508   -1.67462   -1.67437   -1.67428
  -1.67343   -1.67316   -1.67309   -1.67264   -1.67251   -1.67192   -1.67157   -1.67101
  -1.67084   -1.66968   -1.66929   -1.66814   -1.66664   -1.66626   -1.65175   -1.65132
  -1.64899   -1.64849   -1.64828   -1.64744   -1.64693   -1.64448   -1.64432   -1.64397
  -0.67342   -0.67190   -0.67167   -0.67164   -0.67102   -0.67089   -0.67076   -0.67067
  -0.66999   -0.66996   -0.66638   -0.66526   -0.66516   -0.66491   -0.66425   -0.66421
  -0.66408   -0.66408   -0.66393   -0.66370   -0.66362   -0.66323   -0.66313   -0.66215
  -0.66195   -0.66195   -0.66062   -0.66060   -0.66050   -0.66045   -0.41890   -0.40752
  -0.39869   -0.39257   -0.37667   -0.37471   -0.35673   -0.35265   -0.19637   -0.19127
  -0.19062   -0.19048   -0.18946   -0.18030   -0.17864   -0.17769   -0.17700   -0.17374
  -0.15883   -0.15491   -0.13385   -0.13283   -0.10457   -0.08587   -0.07882   -0.07396
  -0.05551   -0.04074   -0.03263   -0.02661   -0.02205   -0.01958   -0.00032    0.01821
   0.01936    0.02051    0.02709    0.03980    0.04254    0.04744    0.04780    0.04808
   0.05220    0.07108    0.09627    0.10030    0.10914    0.12740    0.17835    0.18506
   0.19307    0.19354    0.20135    0.20662    0.22065    0.22146    0.23647    0.24179
   0.25734    0.26282    0.26354    0.26705    0.26978    0.27451    0.27909    0.28664
   0.29189    0.29749    0.30839    0.30851    0.31589    0.32468    0.32633    0.33223
   0.35304    0.35496    0.36387    0.36600    0.37034    0.37153    0.37377    0.38078
   0.38822    0.41316    0.41346    0.41764    0.42272    0.44608    0.45613    0.45945
   0.46635    0.47395    0.47927    0.48622    0.49528    0.49642    0.50093    0.50544
   0.51180    0.51483    0.52342    0.52633    0.53520    0.53885    0.54226    0.54544
   0.56070    0.56444    0.56840    0.57074    0.57119    0.57816    0.58181    0.58430
   0.59136    0.59423    0.60674    0.61112    0.61321    0.61630    0.62342    0.62725
   0.63667    0.64102    0.64377    0.65051    0.65751    0.66119    0.66872    0.66990
   0.67534    0.68066    0.68616    0.68950    0.70020    0.70133    0.70484    0.70789
   0.71026    0.71657    0.71964    0.72563    0.73314    0.73845    0.74167    0.74828
   0.75234    0.75615    0.75711    0.76047    0.76989    0.78407    0.78515    0.79262
   0.80021    0.81005    0.81215    0.82068    0.82387    0.83155    0.83469    0.83800
   0.83801    0.84360    0.84835    0.85529    0.85635    0.85773    0.86087    0.86511
   0.87099    0.87430    0.87674    0.88015    0.88701    0.88735    0.88937    0.89637
   0.89968    0.90348    0.90518    0.90581    0.91180    0.91991    0.92045    0.92664
   0.93356    0.93609    0.93834    0.94169    0.94580    0.94738    0.95140    0.95523
   0.95670    0.96413    0.96614    0.97189    0.97576    0.98171    0.98829    0.99412
   0.99863    1.00608    1.00640    1.01317    1.01802    1.01884    1.02409    1.03684
   1.04227    1.05144    1.05269    1.06174    1.06342    1.06992    1.07409    1.07581
   1.08018    1.08173    1.08672    1.09790
 kpt#   7, nband=300, wtk=  0.08000, kpt=  0.2500  0.1500  0.2500 (reduced coord)
  -4.73287   -4.73286   -2.96897   -2.96800   -2.96787   -2.96754   -2.96740   -2.96718
  -1.68069   -1.67969   -1.67936   -1.67864   -1.67775   -1.67733   -1.67663   -1.67646
  -1.67603   -1.67573   -1.67516   -1.67495   -1.67429   -1.67412   -1.67333   -1.67308
  -1.67287   -1.67273   -1.67209   -1.67173   -1.67156   -1.67080   -1.67021   -1.67003
  -1.66907   -1.66858   -1.66733   -1.66706   -1.66569   -1.66445   -1.65112   -1.64941
  -1.64844   -1.64773   -1.64688   -1.64628   -1.64493   -1.64434   -1.64384   -1.64237
  -0.67305   -0.67171   -0.67163   -0.67115   -0.67101   -0.67084   -0.67061   -0.67023
  -0.67008   -0.66989   -0.66604   -0.66519   -0.66479   -0.66456   -0.66424   -0.66411
  -0.66396   -0.66389   -0.66374   -0.66365   -0.66337   -0.66301   -0.66264   -0.66207
  -0.66192   -0.66189   -0.66069   -0.66056   -0.66039   -0.65996   -0.41118   -0.40084
  -0.39408   -0.38764   -0.37625   -0.37282   -0.35539   -0.35152   -0.19606   -0.18935
  -0.18883   -0.18838   -0.18646   -0.18142   -0.17817   -0.17755   -0.17604   -0.17533
  -0.16984   -0.16535   -0.14650   -0.14430   -0.12091   -0.10354   -0.08211   -0.07037
  -0.05847   -0.05824   -0.04340   -0.02766   -0.01712   -0.01365   -0.00411    0.00729
   0.01757    0.02389    0.02827    0.03170    0.04301    0.04458    0.04882    0.05228
   0.07246    0.09568    0.10045    0.10899    0.11926    0.14073    0.16590    0.16866
   0.18808    0.18970    0.19002    0.19684    0.20225    0.20788    0.21574    0.22918
   0.24505    0.26335    0.26835    0.26993    0.27271    0.28263    0.28345    0.28540
   0.29725    0.29796    0.30268    0.31218    0.31728    0.32066    0.32919    0.33573
   0.34842    0.35243    0.37244    0.37368    0.37689    0.38116    0.38463    0.39605
   0.39779    0.41370    0.42833    0.43052    0.44102    0.44669    0.45271    0.45564
   0.46225    0.46969    0.47724    0.48171    0.49511    0.50047    0.50263    0.51141
   0.51460    0.52101    0.52709    0.53395    0.54084    0.54262    0.54852    0.55822
   0.56117    0.56953    0.57410    0.57766    0.58394    0.58581    0.59150    0.59973
   0.60660    0.61059    0.61375    0.61824    0.62253    0.63320    0.63807    0.64084
   0.64621    0.65328    0.66039    0.66640    0.66810    0.67233    0.67648    0.68662
   0.68837    0.69482    0.70478    0.70705    0.71038    0.71670    0.71790    0.72425
   0.72732    0.73225    0.73900    0.74419    0.74538    0.74949    0.75136    0.75626
   0.75787    0.76184    0.76561    0.76985    0.77330    0.77828    0.78165    0.78505
   0.79010    0.79722    0.80185    0.80870    0.81236    0.81744    0.82215    0.82536
   0.82902    0.83312    0.83801    0.84099    0.85059    0.85310    0.85535    0.85850
   0.86286    0.86826    0.87009    0.87571    0.87796    0.88316    0.88845    0.89263
   0.89792    0.90076    0.90450    0.90832    0.91132    0.91265    0.91563    0.92129
   0.92275    0.93035    0.93612    0.94442    0.94690    0.95182    0.95442    0.95946
   0.96540    0.96788    0.97264    0.98060    0.98301    0.98648    0.99013    0.99601
   0.99958    1.00496    1.00981    1.01494    1.01599    1.01879    1.02067    1.02335
   1.02978    1.03404    1.04405    1.04887    1.05264    1.05854    1.06028    1.06180
   1.06561    1.07128    1.07836    1.08009
 kpt#   8, nband=300, wtk=  0.08000, kpt=  0.3500  0.1500  0.2500 (reduced coord)
  -4.73287   -4.73286   -2.96865   -2.96857   -2.96782   -2.96759   -2.96751   -2.96741
  -1.67981   -1.67914   -1.67899   -1.67834   -1.67805   -1.67776   -1.67738   -1.67702
  -1.67662   -1.67618   -1.67561   -1.67520   -1.67474   -1.67444   -1.67409   -1.67392
  -1.67313   -1.67246   -1.67205   -1.67176   -1.67160   -1.67114   -1.67074   -1.67032
  -1.66959   -1.66910   -1.66820   -1.66758   -1.66569   -1.66491   -1.65135   -1.64894
  -1.64851   -1.64796   -1.64780   -1.64731   -1.64468   -1.64445   -1.64409   -1.64375
  -0.67291   -0.67209   -0.67151   -0.67122   -0.67100   -0.67093   -0.67076   -0.67014
  -0.67008   -0.66993   -0.66596   -0.66530   -0.66490   -0.66446   -0.66435   -0.66420
  -0.66403   -0.66387   -0.66370   -0.66363   -0.66340   -0.66331   -0.66257   -0.66211
  -0.66190   -0.66181   -0.66075   -0.66069   -0.66052   -0.65989   -0.40079   -0.39244
  -0.38843   -0.38266   -0.37676   -0.37355   -0.35455   -0.35049   -0.19462   -0.18792
  -0.18716   -0.18580   -0.18451   -0.18430   -0.18154   -0.18025   -0.17973   -0.17731
  -0.17714   -0.17423   -0.15978   -0.15549   -0.13862   -0.12466   -0.08793   -0.08114
  -0.06057   -0.04741   -0.03219   -0.02031   -0.00859   -0.00428   -0.00058    0.00273
   0.01893    0.02153    0.02342    0.02950    0.03750    0.03883    0.04244    0.04683
   0.08397    0.09336    0.10024    0.10798    0.11231    0.13611    0.15895    0.16874
   0.17884    0.18069    0.19280    0.19765    0.20033    0.20687    0.21228    0.21703
   0.24548    0.25223    0.25592    0.26441    0.26598    0.27238    0.27443    0.28999
   0.29463    0.30198    0.30378    0.30908    0.31634    0.33105    0.33443    0.34077
   0.34802    0.36021    0.37801    0.38590    0.39691    0.39780    0.40310    0.40643
   0.40994    0.41771    0.42866    0.43124    0.43995    0.45013    0.46587    0.46832
   0.47805    0.48060    0.48145    0.48648    0.49107    0.49614    0.50520    0.51427
   0.52611    0.53237    0.53932    0.54558    0.54790    0.55749    0.56388    0.56419
   0.56978    0.57514    0.58088    0.58462    0.58892    0.59071    0.60228    0.60987
   0.61795    0.62436    0.63119    0.63397    0.63806    0.64277    0.64502    0.65107
   0.65226    0.65807    0.65946    0.66515    0.66884    0.67414    0.67819    0.68441
   0.68834    0.69274    0.69728    0.70277    0.70677    0.71266    0.71545    0.72082
   0.72458    0.72857    0.73198    0.73495    0.74075    0.74473    0.74949    0.75546
   0.75783    0.76371    0.77354    0.77582    0.78318    0.78963    0.79474    0.79749
   0.80035    0.80700    0.81383    0.81717    0.82282    0.82540    0.82763    0.83792
   0.83951    0.84281    0.84795    0.85178    0.85343    0.85603    0.86049    0.86308
   0.86789    0.87041    0.87454    0.87746    0.88190    0.88437    0.89145    0.89448
   0.89654    0.90297    0.90571    0.90822    0.91168    0.91784    0.91996    0.92842
   0.93067    0.93271    0.93691    0.94767    0.94936    0.95283    0.95747    0.96053
   0.96358    0.96680    0.96875    0.97541    0.97809    0.97995    0.98214    0.98735
   0.99188    0.99475    0.99813    1.00025    1.00473    1.00747    1.01106    1.01315
   1.02012    1.02389    1.02749    1.03316    1.03607    1.04042    1.04556    1.04890
   1.05000    1.05767    1.05854    1.06290
 kpt#   9, nband=300, wtk=  0.08000, kpt=  0.4500  0.1500  0.2500 (reduced coord)
  -4.73287   -4.73287   -2.96928   -2.96925   -2.96812   -2.96771   -2.96759   -2.96723
  -1.68078   -1.68032   -1.67939   -1.67911   -1.67828   -1.67780   -1.67733   -1.67708
  -1.67677   -1.67643   -1.67617   -1.67580   -1.67522   -1.67489   -1.67471   -1.67429
  -1.67407   -1.67368   -1.67324   -1.67293   -1.67247   -1.67223   -1.67180   -1.67169
  -1.67083   -1.67055   -1.66960   -1.66901   -1.66672   -1.66597   -1.65189   -1.65077
  -1.64933   -1.64876   -1.64804   -1.64760   -1.64693   -1.64537   -1.64474   -1.64393
  -0.67276   -0.67240   -0.67167   -0.67129   -0.67123   -0.67109   -0.67076   -0.67037
  -0.67024   -0.66994   -0.66592   -0.66548   -0.66515   -0.66472   -0.66438   -0.66425
  -0.66417   -0.66393   -0.66383   -0.66371   -0.66361   -0.66344   -0.66279   -0.66218
  -0.66208   -0.66184   -0.66091   -0.66082   -0.66053   -0.66017   -0.38942   -0.38476
  -0.38299   -0.38103   -0.37909   -0.37893   -0.35418   -0.34998   -0.19176   -0.18908
  -0.18795   -0.18704   -0.18601   -0.18562   -0.18405   -0.18264   -0.18126   -0.18019
  -0.17950   -0.17653   -0.16592   -0.16275   -0.14776   -0.14125   -0.09338   -0.09285
  -0.04545   -0.02789   -0.02698   -0.01340   -0.00489   -0.00322    0.00697    0.01195
   0.01360    0.01444    0.01859    0.02496    0.02751    0.03240    0.04092    0.04400
   0.08271    0.08755    0.09432    0.09655    0.10974    0.11983    0.16672    0.17582
   0.17881    0.18916    0.19614    0.20026    0.20494    0.20616    0.20801    0.20965
   0.24433    0.24471    0.24988    0.26131    0.26343    0.26618    0.26861    0.27644
   0.28335    0.28857    0.30031    0.31320    0.31429    0.32572    0.33615    0.34927
   0.35618    0.36871    0.37361    0.38401    0.39035    0.40174    0.40608    0.41563
   0.43573    0.44454    0.45408    0.45758    0.46287    0.47029    0.47409    0.48353
   0.49037    0.49613    0.50265    0.50433    0.50706    0.51196    0.52031    0.52546
   0.52914    0.53438    0.53968    0.54107    0.54757    0.55043    0.55572    0.55803
   0.55939    0.56362    0.57019    0.57904    0.58528    0.58786    0.59426    0.59911
   0.60299    0.60788    0.61532    0.62137    0.62303    0.62700    0.63506    0.64307
   0.64568    0.65295    0.65822    0.66566    0.66900    0.67607    0.68194    0.68915
   0.69121    0.70255    0.70404    0.71142    0.71495    0.72260    0.72613    0.73205
   0.73746    0.74209    0.74487    0.75090    0.75568    0.75841    0.76276    0.76685
   0.77090    0.77404    0.78154    0.78267    0.78693    0.79024    0.79699    0.80358
   0.80558    0.81157    0.81335    0.81447    0.81747    0.82296    0.82608    0.83235
   0.83931    0.84208    0.85025    0.85333    0.86102    0.86228    0.86519    0.86945
   0.87318    0.87953    0.88398    0.88663    0.89322    0.89470    0.89715    0.90204
   0.90427    0.90859    0.90895    0.91808    0.91965    0.92290    0.93043    0.93147
   0.93700    0.93966    0.94213    0.94477    0.94810    0.95263    0.95369    0.95742
   0.95913    0.96128    0.96609    0.96728    0.96984    0.97397    0.97559    0.97874
   0.98077    0.98404    0.98791    0.99291    0.99502    0.99922    1.00203    1.00428
   1.00878    1.01281    1.01588    1.01988    1.02411    1.02699    1.02812    1.03375
   1.03859    1.04132    1.04635    1.04831
 kpt#  10, nband=300, wtk=  0.04000, kpt=  0.2500  0.2500  0.2500 (reduced coord)
  -4.73287   -4.73286   -2.96894   -2.96858   -2.96827   -2.96780   -2.96752   -2.96750
  -1.68047   -1.68035   -1.67949   -1.67930   -1.67836   -1.67792   -1.67741   -1.67709
  -1.67673   -1.67672   -1.67600   -1.67595   -1.67518   -1.67509   -1.67448   -1.67380
  -1.67342   -1.67316   -1.67225   -1.67212   -1.67179   -1.67166   -1.67119   -1.67078
  -1.66989   -1.66957   -1.66887   -1.66798   -1.66791   -1.66671   -1.65217   -1.64923
  -1.64920   -1.64829   -1.64791   -1.64782   -1.64541   -1.64489   -1.64450   -1.64407
  -0.67284   -0.67239   -0.67169   -0.67136   -0.67106   -0.67095   -0.67091   -0.67016
  -0.67014   -0.67004   -0.66607   -0.66551   -0.66500   -0.66456   -0.66450   -0.66419
  -0.66414   -0.66408   -0.66390   -0.66378   -0.66336   -0.66335   -0.66254   -0.66204
  -0.66202   -0.66195   -0.66101   -0.66070   -0.66069   -0.65989   -0.40387   -0.39455
  -0.38988   -0.38304   -0.37547   -0.37105   -0.35318   -0.34921   -0.19770   -0.18839
  -0.18742   -0.18723   -0.18492   -0.18345   -0.17961   -0.17868   -0.17637   -0.17576
  -0.17084   -0.16594   -0.14852   -0.14275   -0.12476   -0.11013   -0.08336   -0.07893
  -0.06377   -0.06125   -0.05896   -0.04440   -0.03179   -0.02166   -0.01134   -0.00055
  -0.00033    0.00880    0.02491    0.02518    0.02833    0.03516    0.04266    0.04471
   0.07215    0.09034    0.09817    0.10249    0.11139    0.13368    0.17082    0.17928
   0.18380    0.18969    0.19913    0.21229    0.21721    0.22265    0.22398    0.23164
   0.24641    0.25529    0.26491    0.27135    0.27827    0.29354    0.29559    0.29886
   0.30030    0.30946    0.31135    0.32042    0.32501    0.32891    0.33274    0.33740
   0.34538    0.35918    0.37057    0.38498    0.38708    0.40893    0.41109    0.41150
   0.42193    0.42291    0.42960    0.42996    0.43876    0.44206    0.45246    0.46543
   0.46743    0.47899    0.48264    0.48891    0.48938    0.49056    0.50427    0.50730
   0.51457    0.51629    0.52468    0.53041    0.53222    0.54196    0.54702    0.55787
   0.56015    0.56536    0.57128    0.57549    0.58211    0.59087    0.60000    0.60140
   0.60294    0.60763    0.61613    0.62737    0.63622    0.64197    0.64623    0.65315
   0.65883    0.66404    0.67309    0.67594    0.68086    0.69001    0.69404    0.70302
   0.70369    0.71131    0.71472    0.71727    0.71970    0.72278    0.72525    0.73942
   0.74519    0.75012    0.75174    0.75267    0.75482    0.76063    0.76193    0.76365
   0.76575    0.76672    0.77131    0.77680    0.78191    0.78379    0.78801    0.79578
   0.79744    0.79766    0.80530    0.80578    0.81099    0.81537    0.81670    0.82091
   0.82279    0.83149    0.83646    0.83786    0.84098    0.84585    0.84869    0.85208
   0.85750    0.86104    0.86177    0.86257    0.86912    0.86934    0.87343    0.87453
   0.88025    0.88425    0.89035    0.89963    0.90511    0.91213    0.91532    0.91800
   0.92063    0.92603    0.92852    0.93777    0.94229    0.94776    0.95505    0.95805
   0.95988    0.96468    0.96841    0.97046    0.97276    0.98327    0.98599    0.98856
   0.99052    0.99600    0.99859    1.00053    1.00473    1.00717    1.01357    1.01513
   1.01915    1.02621    1.03356    1.03447    1.03691    1.03872    1.04056    1.04316
   1.04427    1.05022    1.05460    1.05620
 kpt#  11, nband=300, wtk=  0.08000, kpt=  0.3500  0.2500  0.2500 (reduced coord)
  -4.73287   -4.73286   -2.96923   -2.96860   -2.96808   -2.96781   -2.96755   -2.96744
  -1.68040   -1.67962   -1.67931   -1.67890   -1.67840   -1.67793   -1.67772   -1.67713
  -1.67703   -1.67647   -1.67600   -1.67559   -1.67536   -1.67493   -1.67459   -1.67427
  -1.67382   -1.67321   -1.67275   -1.67241   -1.67204   -1.67160   -1.67128   -1.67081
  -1.67059   -1.66993   -1.66912   -1.66807   -1.66773   -1.66568   -1.65267   -1.64975
  -1.64904   -1.64872   -1.64811   -1.64786   -1.64584   -1.64477   -1.64441   -1.64391
  -0.67287   -0.67266   -0.67161   -0.67154   -0.67097   -0.67092   -0.67090   -0.67016
  -0.67008   -0.66998   -0.66629   -0.66551   -0.66500   -0.66461   -0.66444   -0.66431
  -0.66414   -0.66409   -0.66387   -0.66377   -0.66338   -0.66330   -0.66250   -0.66210
  -0.66196   -0.66184   -0.66125   -0.66073   -0.66061   -0.65984   -0.39424   -0.38684
  -0.38480   -0.37851   -0.37539   -0.37133   -0.35110   -0.34698   -0.19727   -0.18752
  -0.18729   -0.18644   -0.18509   -0.18230   -0.17987   -0.17953   -0.17681   -0.17500
  -0.17450   -0.17043   -0.15265   -0.14663   -0.13185   -0.12145   -0.08654   -0.07914
  -0.07522   -0.06705   -0.04890   -0.04718   -0.02465   -0.02424   -0.01482   -0.00624
  -0.00381   -0.00170    0.00845    0.01588    0.01942    0.02110    0.02427    0.03596
   0.05491    0.06530    0.08401    0.08635    0.09479    0.12024    0.17824    0.19631
   0.20268    0.21302    0.21917    0.22109    0.22322    0.22828    0.24143    0.24656
   0.24912    0.25577    0.26625    0.26895    0.27946    0.28363    0.29419    0.30093
   0.30884    0.31910    0.32051    0.32638    0.32934    0.33461    0.33732    0.34139
   0.36389    0.37131    0.37522    0.38445    0.38971    0.39352    0.40175    0.41242
   0.42639    0.43654    0.43883    0.44436    0.44804    0.45443    0.45758    0.46385
   0.47886    0.48152    0.48650    0.49746    0.50403    0.50852    0.51189    0.52231
   0.52673    0.53264    0.54249    0.54552    0.54629    0.54986    0.55347    0.55687
   0.56494    0.56914    0.57384    0.58704    0.58958    0.59857    0.60325    0.61269
   0.61352    0.62057    0.62869    0.63633    0.64410    0.65008    0.65265    0.66144
   0.66265    0.66387    0.66685    0.67021    0.67972    0.68306    0.68981    0.69424
   0.69785    0.70012    0.70310    0.70923    0.71175    0.71669    0.72044    0.72400
   0.73042    0.73343    0.73580    0.74661    0.74960    0.75495    0.75772    0.76207
   0.76685    0.77010    0.77259    0.77752    0.78290    0.79008    0.79648    0.80020
   0.80148    0.80497    0.80965    0.81435    0.82085    0.82281    0.82485    0.83057
   0.83470    0.83609    0.83767    0.84056    0.84639    0.84876    0.85246    0.85608
   0.86223    0.86592    0.86802    0.87007    0.87257    0.87648    0.88109    0.88523
   0.89139    0.89523    0.89893    0.90958    0.91231    0.91376    0.91561    0.91718
   0.92065    0.92383    0.92971    0.93195    0.93697    0.94155    0.94252    0.94724
   0.94964    0.95183    0.95569    0.95847    0.96325    0.96612    0.96898    0.97150
   0.97624    0.98054    0.98223    0.98759    0.98926    0.99381    0.99693    1.00276
   1.00583    1.00879    1.01368    1.02220    1.02653    1.02803    1.03118    1.03313
   1.03705    1.04362    1.04897    1.05051
 kpt#  12, nband=300, wtk=  0.08000, kpt=  0.4500  0.2500  0.2500 (reduced coord)
  -4.73287   -4.73286   -2.96933   -2.96894   -2.96786   -2.96751   -2.96744   -2.96714
  -1.67981   -1.67955   -1.67910   -1.67864   -1.67805   -1.67776   -1.67715   -1.67664
  -1.67638   -1.67556   -1.67513   -1.67491   -1.67476   -1.67435   -1.67399   -1.67365
  -1.67345   -1.67308   -1.67267   -1.67233   -1.67210   -1.67182   -1.67156   -1.67122
  -1.67074   -1.67017   -1.66883   -1.66795   -1.66720   -1.66596   -1.65119   -1.65031
  -1.64845   -1.64812   -1.64791   -1.64730   -1.64653   -1.64456   -1.64434   -1.64406
  -0.67275   -0.67256   -0.67144   -0.67132   -0.67104   -0.67101   -0.67088   -0.67018
  -0.67016   -0.67002   -0.66617   -0.66533   -0.66488   -0.66452   -0.66436   -0.66427
  -0.66415   -0.66411   -0.66388   -0.66374   -0.66346   -0.66320   -0.66258   -0.66211
  -0.66196   -0.66174   -0.66106   -0.66075   -0.66062   -0.65996   -0.38415   -0.38010
  -0.38009   -0.37706   -0.37681   -0.37539   -0.34987   -0.34565   -0.19471   -0.19016
  -0.18662   -0.18573   -0.18345   -0.18093   -0.17970   -0.17885   -0.17817   -0.17746
  -0.17582   -0.17577   -0.15516   -0.15253   -0.13652   -0.13212   -0.08947   -0.08682
  -0.06202   -0.05529   -0.03873   -0.03641   -0.03307   -0.03114   -0.01718   -0.01467
  -0.00932   -0.00737    0.00060    0.00576    0.01637    0.01884    0.02500    0.02639
   0.04475    0.05068    0.06096    0.06235    0.09686    0.10839    0.18732    0.20247
   0.21965    0.22311    0.22406    0.23162    0.23358    0.24225    0.24439    0.24481
   0.25235    0.25572    0.26954    0.27440    0.28355    0.28782    0.29150    0.29692
   0.30623    0.31369    0.31816    0.32750    0.33112    0.33669    0.34746    0.35261
   0.35873    0.36465    0.36898    0.37617    0.38393    0.38721    0.40091    0.41309
   0.42762    0.43505    0.45323    0.46086    0.46307    0.47395    0.48484    0.48732
   0.49358    0.49644    0.50284    0.51138    0.51965    0.52285    0.52713    0.53350
   0.54014    0.54299    0.54588    0.54758    0.55127    0.56391    0.56943    0.57089
   0.57367    0.58123    0.58557    0.58946    0.59151    0.59426    0.59718    0.59848
   0.61090    0.61946    0.62255    0.62656    0.62925    0.63375    0.63725    0.64104
   0.64516    0.65010    0.65584    0.66055    0.67225    0.67619    0.68044    0.68584
   0.68993    0.69543    0.69846    0.70818    0.71545    0.72263    0.72641    0.72930
   0.73188    0.73467    0.73929    0.74317    0.74985    0.75395    0.76089    0.76614
   0.76878    0.77297    0.77740    0.78176    0.78523    0.79168    0.79480    0.79799
   0.80364    0.80746    0.81350    0.81791    0.82165    0.82560    0.82792    0.83239
   0.83279    0.83757    0.84115    0.84539    0.84795    0.85022    0.85383    0.85612
   0.86162    0.86563    0.86821    0.87157    0.87433    0.87898    0.88079    0.88724
   0.89038    0.89291    0.89640    0.90189    0.90448    0.91007    0.91854    0.92184
   0.92549    0.92767    0.93016    0.93288    0.93861    0.94212    0.94534    0.94938
   0.95066    0.95286    0.95658    0.96015    0.96587    0.96877    0.97058    0.97312
   0.97759    0.98126    0.98332    0.98550    0.98934    0.99314    0.99690    1.00247
   1.00711    1.01089    1.01421    1.01685    1.01988    1.02528    1.02951    1.03062
   1.03295    1.03437    1.03797    1.04361
 kpt#  13, nband=300, wtk=  0.04000, kpt=  0.3500  0.3500  0.2500 (reduced coord)
  -4.73287   -4.73286   -2.96916   -2.96865   -2.96817   -2.96762   -2.96742   -2.96729
  -1.68026   -1.68024   -1.67932   -1.67824   -1.67821   -1.67777   -1.67709   -1.67706
  -1.67641   -1.67639   -1.67567   -1.67530   -1.67520   -1.67493   -1.67425   -1.67400
  -1.67325   -1.67300   -1.67280   -1.67203   -1.67143   -1.67141   -1.67110   -1.67104
  -1.67067   -1.67019   -1.66929   -1.66787   -1.66651   -1.66609   -1.65128   -1.64996
  -1.64860   -1.64840   -1.64791   -1.64720   -1.64628   -1.64459   -1.64451   -1.64407
  -0.67291   -0.67260   -0.67167   -0.67133   -0.67103   -0.67097   -0.67080   -0.67020
  -0.67016   -0.66995   -0.66637   -0.66540   -0.66491   -0.66452   -0.66440   -0.66433
  -0.66417   -0.66414   -0.66392   -0.66390   -0.66327   -0.66315   -0.66238   -0.66209
  -0.66206   -0.66176   -0.66127   -0.66076   -0.66072   -0.65975   -0.38603   -0.38058
  -0.38028   -0.37448   -0.37442   -0.37024   -0.34754   -0.34334   -0.19808   -0.18946
  -0.18671   -0.18471   -0.18442   -0.18007   -0.17960   -0.17872   -0.17687   -0.17559
  -0.16749   -0.16447   -0.14485   -0.13977   -0.12219   -0.12000   -0.09830   -0.08657
  -0.08290   -0.07622   -0.06314   -0.04035   -0.03981   -0.03320   -0.03145   -0.02981
  -0.01781   -0.01073   -0.00741   -0.00633    0.00156    0.00519    0.00981    0.02657
   0.03546    0.03956    0.05504    0.06164    0.09047    0.11229    0.19033    0.21753
   0.22412    0.22733    0.23528    0.23697    0.23770    0.24380    0.24801    0.25604
   0.26195    0.27902    0.28264    0.28368    0.28832    0.29869    0.30243    0.30254
   0.31540    0.33181    0.33313    0.33474    0.34484    0.35186    0.35468    0.35645
   0.36907    0.37364    0.37818    0.38723    0.39835    0.40128    0.41048    0.41304
   0.41456    0.42363    0.43913    0.44928    0.46050    0.47150    0.47291    0.48008
   0.48137    0.48984    0.49427    0.50435    0.50535    0.51871    0.52675    0.52723
   0.53302    0.53993    0.54131    0.55185    0.55620    0.55911    0.56252    0.57371
   0.57521    0.57912    0.58541    0.58732    0.59696    0.59929    0.60504    0.61355
   0.62132    0.63205    0.63445    0.63811    0.64409    0.65403    0.66336    0.66470
   0.66951    0.67028    0.68263    0.68385    0.68459    0.68503    0.69210    0.69511
   0.69901    0.70271    0.70316    0.70696    0.70795    0.71096    0.71176    0.71501
   0.72223    0.72519    0.72910    0.73345    0.73464    0.73668    0.74728    0.74926
   0.75726    0.75956    0.76708    0.77348    0.77522    0.77772    0.78448    0.78558
   0.79387    0.79669    0.79920    0.80061    0.80992    0.81219    0.81540    0.81866
   0.82400    0.82583    0.83185    0.83211    0.84533    0.85295    0.85358    0.85496
   0.85740    0.86135    0.86512    0.86676    0.87090    0.87689    0.88330    0.88384
   0.89157    0.89372    0.89556    0.89850    0.90477    0.91187    0.91302    0.92136
   0.92238    0.92423    0.92621    0.92908    0.93285    0.93693    0.93871    0.94357
   0.94418    0.94920    0.94923    0.95219    0.95250    0.95674    0.96063    0.96189
   0.96755    0.97346    0.97397    0.97785    0.98479    0.98836    0.99196    0.99623
   0.99999    1.00882    1.01218    1.01435    1.02070    1.02097    1.02652    1.02908
   1.02988    1.03403    1.04137    1.04361
 kpt#  14, nband=300, wtk=  0.08000, kpt=  0.4500  0.3500  0.2500 (reduced coord)
  -4.73287   -4.73287   -2.96917   -2.96855   -2.96823   -2.96785   -2.96782   -2.96758
  -1.68002   -1.67970   -1.67954   -1.67894   -1.67851   -1.67812   -1.67796   -1.67726
  -1.67701   -1.67665   -1.67630   -1.67606   -1.67579   -1.67525   -1.67495   -1.67469
  -1.67452   -1.67373   -1.67335   -1.67312   -1.67246   -1.67217   -1.67175   -1.67134
  -1.67079   -1.67029   -1.66977   -1.66831   -1.66653   -1.66603   -1.65161   -1.65065
  -1.64901   -1.64881   -1.64843   -1.64768   -1.64669   -1.64514   -1.64483   -1.64458
  -0.67310   -0.67276   -0.67178   -0.67150   -0.67112   -0.67103   -0.67081   -0.67028
  -0.67017   -0.66997   -0.66657   -0.66554   -0.66500   -0.66467   -0.66455   -0.66435
  -0.66428   -0.66422   -0.66398   -0.66387   -0.66332   -0.66321   -0.66240   -0.66219
  -0.66210   -0.66180   -0.66146   -0.66084   -0.66076   -0.65976   -0.37810   -0.37693
  -0.37501   -0.37478   -0.37313   -0.37169   -0.34530   -0.34105   -0.19691   -0.19370
  -0.18586   -0.18520   -0.18259   -0.17993   -0.17863   -0.17816   -0.17782   -0.17636
  -0.16358   -0.16245   -0.14054   -0.13893   -0.12165   -0.11991   -0.08892   -0.08687
  -0.08345   -0.07994   -0.06279   -0.06184   -0.05761   -0.04268   -0.03636   -0.02898
  -0.02383   -0.02142   -0.01999   -0.00654   -0.00471   -0.00163    0.00782    0.01214
   0.01590    0.02147    0.04037    0.04849    0.09716    0.10555    0.20095    0.21185
   0.22259    0.22378    0.23253    0.23343    0.25356    0.25878    0.26248    0.26499
   0.28072    0.28100    0.28710    0.29174    0.30235    0.31178    0.31737    0.31989
   0.32527    0.33110    0.33947    0.34175    0.34684    0.35454    0.35866    0.36225
   0.36847    0.37100    0.37721    0.38698    0.39645    0.40246    0.41498    0.41796
   0.42856    0.43189    0.44149    0.44760    0.45721    0.46464    0.47355    0.48722
   0.48987    0.50493    0.51454    0.52575    0.52690    0.53651    0.53876    0.54202
   0.54930    0.55271    0.55364    0.56243    0.56883    0.57258    0.58157    0.58476
   0.58770    0.59341    0.59574    0.59734    0.60524    0.60819    0.61142    0.61336
   0.61605    0.62127    0.62609    0.62636    0.63149    0.63785    0.64134    0.64380
   0.65020    0.65330    0.65965    0.66032    0.66820    0.67872    0.68058    0.68639
   0.69347    0.69630    0.70532    0.70705    0.71133    0.71836    0.71960    0.72193
   0.72596    0.72959    0.73330    0.73627    0.74055    0.74224    0.74840    0.75020
   0.75162    0.75721    0.76162    0.76593    0.76979    0.77157    0.77366    0.77701
   0.78351    0.78775    0.79424    0.79633    0.80503    0.81049    0.81299    0.81996
   0.82188    0.82516    0.82737    0.83154    0.83488    0.83779    0.84413    0.84613
   0.84949    0.85461    0.85744    0.86395    0.86619    0.86693    0.87066    0.87594
   0.87851    0.87998    0.88406    0.88930    0.89519    0.89613    0.90443    0.90564
   0.90884    0.91400    0.92078    0.92645    0.93154    0.93234    0.93621    0.93971
   0.94450    0.94827    0.95451    0.95905    0.96468    0.96629    0.97262    0.97603
   0.97875    0.98096    0.98474    0.99161    0.99648    1.00148    1.00415    1.00763
   1.01088    1.01296    1.01618    1.01837    1.02262    1.02448    1.02820    1.03403
   1.03642    1.04085    1.04224    1.04891
 kpt#  15, nband=300, wtk=  0.04000, kpt=  0.4500  0.4500  0.2500 (reduced coord)
  -4.73287   -4.73287   -2.96902   -2.96848   -2.96833   -2.96819   -2.96765   -2.96750
  -1.68051   -1.67967   -1.67908   -1.67882   -1.67839   -1.67833   -1.67784   -1.67757
  -1.67730   -1.67685   -1.67648   -1.67648   -1.67587   -1.67531   -1.67492   -1.67433
  -1.67409   -1.67377   -1.67337   -1.67275   -1.67270   -1.67236   -1.67204   -1.67180
  -1.67112   -1.67055   -1.66952   -1.66848   -1.66586   -1.66559   -1.65153   -1.65118
  -1.64947   -1.64832   -1.64783   -1.64746   -1.64709   -1.64548   -1.64479   -1.64349
  -0.67322   -0.67275   -0.67191   -0.67140   -0.67111   -0.67104   -0.67079   -0.67025
  -0.67020   -0.66992   -0.66675   -0.66560   -0.66506   -0.66478   -0.66461   -0.66432
  -0.66427   -0.66419   -0.66395   -0.66388   -0.66325   -0.66320   -0.66238   -0.66215
  -0.66211   -0.66181   -0.66155   -0.66082   -0.66075   -0.65974   -0.37459   -0.37382
  -0.37326   -0.37154   -0.37137   -0.36949   -0.34231   -0.33805   -0.19755   -0.19608
  -0.18511   -0.18506   -0.18087   -0.17878   -0.17819   -0.17754   -0.17736   -0.17732
  -0.15141   -0.15083   -0.12661   -0.12616   -0.11226   -0.10891   -0.09745   -0.09341
  -0.08621   -0.08459   -0.08263   -0.08140   -0.07346   -0.06399   -0.04988   -0.04293
  -0.02749   -0.02635   -0.01803   -0.01661   -0.01417   -0.01065   -0.00612   -0.00563
  -0.00517    0.00376    0.04101    0.04444    0.10066    0.10417    0.21060    0.21667
   0.22100    0.22310    0.22633    0.22869    0.24627    0.24917    0.27267    0.27494
   0.28086    0.29098    0.30377    0.30505    0.31973    0.32426    0.33351    0.34274
   0.34382    0.34609    0.34788    0.35924    0.36665    0.36820    0.36850    0.37034
   0.37514    0.37704    0.38024    0.39793    0.40364    0.40906    0.42173    0.42270
   0.43188    0.44462    0.44900    0.45596    0.46041    0.46219    0.47455    0.48576
   0.48743    0.49775    0.51665    0.52492    0.53684    0.53998    0.54668    0.55494
   0.55775    0.56678    0.57191    0.57330    0.57490    0.57643    0.57713    0.58607
   0.59304    0.59601    0.60162    0.60175    0.60911    0.61776    0.61873    0.61960
   0.62578    0.62966    0.63174    0.63605    0.63937    0.64088    0.64334    0.64652
   0.65882    0.66097    0.66496    0.66986    0.67269    0.67409    0.67790    0.67979
   0.68622    0.68858    0.69059    0.69419    0.69833    0.70389    0.70770    0.70844
   0.70934    0.71692    0.72021    0.72733    0.73512    0.73534    0.74406    0.74842
   0.75011    0.75510    0.75523    0.75774    0.76126    0.76254    0.76356    0.77039
   0.77420    0.77665    0.77741    0.78004    0.78894    0.79509    0.79682    0.79846
   0.80082    0.81581    0.81776    0.82008    0.82021    0.82070    0.83038    0.83697
   0.83989    0.84118    0.84885    0.85289    0.85499    0.86268    0.86279    0.87028
   0.87104    0.87654    0.88293    0.88638    0.90005    0.90146    0.90591    0.90832
   0.91095    0.91604    0.92037    0.92135    0.92818    0.93194    0.93431    0.94637
   0.94704    0.95036    0.95287    0.95845    0.96001    0.96042    0.97514    0.97698
   0.98010    0.98537    0.99126    0.99545    0.99868    1.00045    1.00487    1.00523
   1.01131    1.01304    1.01891    1.02025    1.02241    1.02380    1.02766    1.03106
   1.04013    1.04449    1.05189    1.05237
