 Fermi (or HOMO) energy (hartree) =   0.17487   Average Vxc (hartree)=  -0.33782
 Eigenvalues (hartree) for nkpt=  10  k points:
 kpt#   1, nband=153, wtk=  0.06250, kpt=  0.0625  0.0625  0.5000 (reduced coord)
  -1.64423   -1.64370   -1.64338   -1.64296   -1.64236   -1.64211   -1.64195   -1.64152
  -1.64144   -1.64103   -1.64004   -1.63974   -1.63912   -1.63892   -1.63819   -1.63819
  -1.63812   -1.63794   -1.63733   -1.63723   -1.63644   -1.63611   -1.63601   -1.63596
  -1.63566   -1.63566   -1.63537   -1.63529   -1.63508   -1.63468   -1.63432   -1.63391
  -1.63271   -1.63249   -1.63201   -1.63118   -1.62803   -1.62778   -1.62567   -1.62473
  -1.61501   -1.61456   -1.61438   -1.61414   -1.61340   -1.61124   -1.61018   -1.60984
  -1.60964   -1.60894   -0.63672   -0.63670   -0.63544   -0.63532   -0.63523   -0.63509
  -0.63506   -0.63476   -0.63419   -0.63415   -0.63395   -0.63384   -0.63381   -0.63345
  -0.63335   -0.63323   -0.63314   -0.63269   -0.63265   -0.63259   -0.63242   -0.63238
  -0.63223   -0.63199   -0.63188   -0.63186   -0.63146   -0.63135   -0.63079   -0.63074
  -0.62904   -0.62891   -0.62827   -0.62816   -0.62816   -0.62807   -0.62741   -0.62724
  -0.62666   -0.62663   -0.62651   -0.62650   -0.62623   -0.62619   -0.62618   -0.62616
  -0.62578   -0.62570   -0.62563   -0.62547   -0.39249   -0.38838   -0.38166   -0.37288
  -0.36303   -0.35104   -0.33937   -0.32908   -0.31982   -0.31908   -0.11078   -0.11077
  -0.10284   -0.09920   -0.08835   -0.08090   -0.06767   -0.06109   -0.04632   -0.03449
  -0.02244   -0.01606   -0.00572   -0.00065    0.00275    0.00747    0.01711    0.01777
   0.02080    0.02739    0.02892    0.03430    0.04160    0.04255    0.05402    0.05541
   0.05736    0.05982    0.06493    0.06715    0.07235    0.07262    0.07454    0.09129
   0.09304    0.09776    0.10487    0.13023    0.14241    0.15597    0.23211    0.23888
   0.26636
 kpt#   2, nband=153, wtk=  0.12500, kpt=  0.1875  0.0625  0.5000 (reduced coord)
  -1.64367   -1.64292   -1.64233   -1.64194   -1.64088   -1.64015   -1.63974   -1.63950
  -1.63949   -1.63940   -1.63929   -1.63866   -1.63850   -1.63801   -1.63739   -1.63726
  -1.63721   -1.63702   -1.63640   -1.63612   -1.63611   -1.63587   -1.63554   -1.63553
  -1.63531   -1.63486   -1.63473   -1.63388   -1.63370   -1.63302   -1.63296   -1.63285
  -1.63218   -1.63173   -1.63105   -1.63099   -1.62946   -1.62945   -1.62796   -1.62772
  -1.61518   -1.61390   -1.61353   -1.61285   -1.61171   -1.61124   -1.61038   -1.61012
  -1.61009   -1.60912   -0.63643   -0.63638   -0.63503   -0.63502   -0.63488   -0.63477
  -0.63475   -0.63425   -0.63416   -0.63411   -0.63393   -0.63391   -0.63324   -0.63319
  -0.63312   -0.63304   -0.63301   -0.63285   -0.63257   -0.63253   -0.63232   -0.63228
  -0.63218   -0.63200   -0.63191   -0.63177   -0.63142   -0.63135   -0.63113   -0.63110
  -0.62884   -0.62861   -0.62801   -0.62787   -0.62780   -0.62776   -0.62740   -0.62719
  -0.62667   -0.62667   -0.62655   -0.62643   -0.62626   -0.62609   -0.62603   -0.62591
  -0.62586   -0.62572   -0.62572   -0.62567   -0.38596   -0.38209   -0.37581   -0.36767
  -0.35864   -0.34785   -0.33764   -0.32907   -0.31913   -0.31887   -0.12686   -0.12649
  -0.11813   -0.11570   -0.10377   -0.10155   -0.08988   -0.07572   -0.05703   -0.05643
  -0.04549   -0.02942   -0.00429   -0.00234    0.00747    0.00798    0.01932    0.02761
   0.03357    0.04200    0.04502    0.05087    0.05302    0.05445    0.06098    0.06351
   0.06354    0.07060    0.07433    0.07434    0.07627    0.07766    0.08418    0.11175
   0.12273    0.12578    0.12746    0.13677    0.15547    0.15915    0.22248    0.22972
   0.24402
 kpt#   3, nband=153, wtk=  0.12500, kpt=  0.3125  0.0625  0.5000 (reduced coord)
  -1.64257   -1.64239   -1.64200   -1.64180   -1.64160   -1.64137   -1.64032   -1.63983
  -1.63910   -1.63872   -1.63807   -1.63786   -1.63753   -1.63744   -1.63727   -1.63653
  -1.63609   -1.63601   -1.63581   -1.63514   -1.63501   -1.63481   -1.63416   -1.63378
  -1.63362   -1.63335   -1.63295   -1.63278   -1.63234   -1.63222   -1.63201   -1.63163
  -1.63152   -1.63133   -1.63068   -1.63045   -1.62909   -1.62846   -1.62586   -1.62578
  -1.61433   -1.61355   -1.61195   -1.61081   -1.61076   -1.61024   -1.61014   -1.61004
  -1.60944   -1.60865   -0.63622   -0.63605   -0.63483   -0.63483   -0.63464   -0.63448
  -0.63431   -0.63429   -0.63417   -0.63405   -0.63391   -0.63390   -0.63340   -0.63298
  -0.63293   -0.63279   -0.63258   -0.63246   -0.63236   -0.63225   -0.63217   -0.63213
  -0.63207   -0.63186   -0.63180   -0.63167   -0.63145   -0.63133   -0.63119   -0.63106
  -0.62851   -0.62847   -0.62783   -0.62782   -0.62746   -0.62742   -0.62701   -0.62687
  -0.62673   -0.62665   -0.62649   -0.62644   -0.62618   -0.62604   -0.62591   -0.62579
  -0.62573   -0.62572   -0.62548   -0.62542   -0.37379   -0.37055   -0.36536   -0.35882
  -0.35186   -0.34405   -0.33739   -0.33264   -0.31877   -0.31877   -0.14782   -0.14641
  -0.13831   -0.13729   -0.12441   -0.12433   -0.11453   -0.10402   -0.08889   -0.08032
  -0.04583   -0.02096    0.00528    0.01542    0.02198    0.02389    0.02446    0.03433
   0.04056    0.04595    0.04898    0.05431    0.06266    0.06794    0.07259    0.07522
   0.07997    0.08099    0.08371    0.08514    0.08927    0.09816    0.11474    0.13666
   0.14562    0.14864    0.15237    0.15342    0.16234    0.17239    0.20020    0.20284
   0.20830
 kpt#   4, nband=153, wtk=  0.12500, kpt=  0.4375  0.0625  0.5000 (reduced coord)
  -1.64247   -1.64246   -1.64186   -1.64137   -1.64070   -1.64066   -1.64002   -1.63981
  -1.63926   -1.63921   -1.63908   -1.63872   -1.63816   -1.63808   -1.63769   -1.63743
  -1.63694   -1.63683   -1.63675   -1.63636   -1.63633   -1.63592   -1.63588   -1.63575
  -1.63505   -1.63458   -1.63437   -1.63427   -1.63371   -1.63370   -1.63345   -1.63299
  -1.63233   -1.63218   -1.63154   -1.63110   -1.62945   -1.62930   -1.62651   -1.62625
  -1.61451   -1.61441   -1.61294   -1.61165   -1.61164   -1.61142   -1.61075   -1.61030
  -1.60986   -1.60973   -0.63598   -0.63590   -0.63508   -0.63506   -0.63459   -0.63458
  -0.63456   -0.63438   -0.63420   -0.63403   -0.63386   -0.63372   -0.63341   -0.63332
  -0.63299   -0.63285   -0.63274   -0.63272   -0.63254   -0.63244   -0.63243   -0.63234
  -0.63213   -0.63209   -0.63198   -0.63172   -0.63166   -0.63158   -0.63129   -0.63103
  -0.62823   -0.62818   -0.62807   -0.62801   -0.62764   -0.62751   -0.62730   -0.62704
  -0.62683   -0.62682   -0.62650   -0.62649   -0.62640   -0.62609   -0.62604   -0.62591
  -0.62586   -0.62576   -0.62572   -0.62568   -0.35819   -0.35625   -0.35333   -0.35015
  -0.34733   -0.34489   -0.34357   -0.34295   -0.31890   -0.31890   -0.16080   -0.15927
  -0.15236   -0.14915   -0.13900   -0.13515   -0.12374   -0.12299   -0.11296   -0.10715
  -0.02551   -0.00207   -0.00060    0.02199    0.02465    0.04108    0.04430    0.04768
   0.04801    0.05558    0.05998    0.06521    0.06640    0.06734    0.06834    0.06900
   0.07817    0.07857    0.08982    0.09106    0.12381    0.13177    0.14553    0.14807
   0.15338    0.15462    0.15815    0.16351    0.17367    0.17377    0.17834    0.18509
   0.19095
 kpt#   5, nband=153, wtk=  0.06250, kpt=  0.1875  0.1875  0.5000 (reduced coord)
  -1.64317   -1.64315   -1.64229   -1.64159   -1.64112   -1.64092   -1.64030   -1.64024
  -1.63994   -1.63984   -1.63903   -1.63896   -1.63822   -1.63767   -1.63707   -1.63680
  -1.63647   -1.63637   -1.63613   -1.63556   -1.63554   -1.63541   -1.63518   -1.63510
  -1.63475   -1.63428   -1.63426   -1.63419   -1.63410   -1.63359   -1.63347   -1.63320
  -1.63219   -1.63174   -1.63163   -1.63085   -1.62993   -1.62909   -1.62799   -1.62715
  -1.61435   -1.61399   -1.61345   -1.61269   -1.61166   -1.61157   -1.61129   -1.61120
  -1.60968   -1.60810   -0.63647   -0.63614   -0.63502   -0.63470   -0.63470   -0.63466
  -0.63450   -0.63439   -0.63430   -0.63418   -0.63410   -0.63410   -0.63322   -0.63311
  -0.63302   -0.63294   -0.63283   -0.63275   -0.63249   -0.63229   -0.63226   -0.63219
  -0.63209   -0.63199   -0.63192   -0.63188   -0.63169   -0.63165   -0.63136   -0.63128
  -0.62869   -0.62865   -0.62779   -0.62776   -0.62769   -0.62751   -0.62728   -0.62704
  -0.62687   -0.62670   -0.62667   -0.62655   -0.62622   -0.62615   -0.62611   -0.62589
  -0.62588   -0.62583   -0.62575   -0.62569   -0.37958   -0.37597   -0.37012   -0.36261
  -0.35439   -0.34474   -0.33590   -0.32888   -0.31773   -0.31765   -0.13210   -0.13115
  -0.12235   -0.12139   -0.10837   -0.10656   -0.09592   -0.08433   -0.06722   -0.05758
  -0.05000   -0.03096   -0.02569   -0.02189   -0.01723   -0.00644    0.00544    0.01067
   0.01901    0.03269    0.03723    0.04304    0.04497    0.05364    0.05670    0.05860
   0.06906    0.07726    0.08468    0.08724    0.09832    0.10530    0.11839    0.13120
   0.13849    0.14036    0.14836    0.15208    0.17325    0.17487    0.20335    0.20560
   0.21429
 kpt#   6, nband=153, wtk=  0.12500, kpt=  0.3125  0.1875  0.5000 (reduced coord)
  -1.64389   -1.64341   -1.64138   -1.64126   -1.64062   -1.64060   -1.63956   -1.63953
  -1.63928   -1.63910   -1.63843   -1.63838   -1.63782   -1.63742   -1.63690   -1.63611
  -1.63577   -1.63572   -1.63514   -1.63496   -1.63486   -1.63452   -1.63442   -1.63398
  -1.63373   -1.63337   -1.63336   -1.63282   -1.63278   -1.63220   -1.63204   -1.63171
  -1.63140   -1.63100   -1.63061   -1.62999   -1.62902   -1.62816   -1.62765   -1.62760
  -1.61425   -1.61389   -1.61127   -1.61079   -1.61062   -1.61027   -1.61022   -1.60993
  -1.60983   -1.60905   -0.63614   -0.63600   -0.63540   -0.63536   -0.63468   -0.63429
  -0.63424   -0.63420   -0.63411   -0.63406   -0.63404   -0.63370   -0.63359   -0.63348
  -0.63288   -0.63267   -0.63258   -0.63257   -0.63237   -0.63225   -0.63218   -0.63204
  -0.63204   -0.63187   -0.63164   -0.63159   -0.63133   -0.63123   -0.63113   -0.63113
  -0.62867   -0.62862   -0.62806   -0.62790   -0.62724   -0.62710   -0.62693   -0.62692
  -0.62667   -0.62654   -0.62651   -0.62643   -0.62633   -0.62622   -0.62600   -0.62583
  -0.62581   -0.62572   -0.62535   -0.62528   -0.36790   -0.36490   -0.36012   -0.35416
  -0.34791   -0.34104   -0.33537   -0.33146   -0.31606   -0.31606   -0.14339   -0.14146
  -0.13427   -0.13182   -0.12012   -0.11824   -0.10764   -0.10169   -0.08716   -0.07936
  -0.03989   -0.03178   -0.02568   -0.02116   -0.00911   -0.00795    0.00325    0.01560
   0.02089    0.02395    0.02969    0.03914    0.04246    0.04876    0.05166    0.05367
   0.05931    0.06881    0.07713    0.07913    0.10241    0.11686    0.12887    0.12933
   0.13334    0.13546    0.14239    0.15105    0.15989    0.17139    0.20530    0.20620
   0.20905
 kpt#   7, nband=153, wtk=  0.12500, kpt=  0.4375  0.1875  0.5000 (reduced coord)
  -1.64322   -1.64291   -1.64199   -1.64170   -1.64151   -1.64039   -1.63972   -1.63969
  -1.63940   -1.63877   -1.63862   -1.63831   -1.63804   -1.63794   -1.63770   -1.63715
  -1.63701   -1.63685   -1.63665   -1.63644   -1.63612   -1.63607   -1.63524   -1.63518
  -1.63506   -1.63500   -1.63486   -1.63474   -1.63455   -1.63398   -1.63381   -1.63346
  -1.63336   -1.63261   -1.63153   -1.63080   -1.63012   -1.62962   -1.62863   -1.62804
  -1.61467   -1.61441   -1.61338   -1.61296   -1.61209   -1.61123   -1.61064   -1.61045
  -1.61040   -1.60973   -0.63589   -0.63584   -0.63568   -0.63559   -0.63442   -0.63441
  -0.63438   -0.63437   -0.63433   -0.63427   -0.63403   -0.63403   -0.63365   -0.63363
  -0.63298   -0.63291   -0.63277   -0.63256   -0.63256   -0.63253   -0.63253   -0.63230
  -0.63211   -0.63196   -0.63194   -0.63175   -0.63159   -0.63156   -0.63130   -0.63116
  -0.62872   -0.62870   -0.62803   -0.62802   -0.62737   -0.62736   -0.62717   -0.62709
  -0.62691   -0.62675   -0.62654   -0.62653   -0.62647   -0.62646   -0.62620   -0.62594
  -0.62591   -0.62582   -0.62566   -0.62559   -0.35336   -0.35159   -0.34895   -0.34612
  -0.34364   -0.34151   -0.34038   -0.33987   -0.31512   -0.31512   -0.15247   -0.15103
  -0.14399   -0.14103   -0.13061   -0.12698   -0.11544   -0.11416   -0.10508   -0.10022
  -0.02283   -0.01243   -0.00538   -0.00298   -0.00044    0.00816    0.01115    0.01461
   0.01929    0.02392    0.02500    0.03217    0.03608    0.03861    0.04061    0.04271
   0.04961    0.05392    0.07084    0.07132    0.09813    0.10377    0.11015    0.11562
   0.11988    0.12069    0.12603    0.13475    0.14830    0.16020    0.20862    0.22283
   0.22501
 kpt#   8, nband=153, wtk=  0.06250, kpt=  0.3125  0.3125  0.5000 (reduced coord)
  -1.64391   -1.64340   -1.64329   -1.64320   -1.64253   -1.64200   -1.64144   -1.64071
  -1.64057   -1.64044   -1.64020   -1.63914   -1.63893   -1.63832   -1.63811   -1.63740
  -1.63738   -1.63710   -1.63709   -1.63700   -1.63568   -1.63557   -1.63491   -1.63449
  -1.63448   -1.63442   -1.63404   -1.63359   -1.63347   -1.63285   -1.63260   -1.63228
  -1.63146   -1.63143   -1.63084   -1.63076   -1.63024   -1.62927   -1.62914   -1.62907
  -1.61507   -1.61480   -1.61315   -1.61182   -1.61171   -1.61165   -1.61107   -1.61088
  -1.61037   -1.60934   -0.63608   -0.63604   -0.63600   -0.63569   -0.63450   -0.63446
  -0.63440   -0.63440   -0.63428   -0.63418   -0.63402   -0.63401   -0.63393   -0.63391
  -0.63316   -0.63316   -0.63279   -0.63271   -0.63241   -0.63241   -0.63239   -0.63221
  -0.63219   -0.63209   -0.63171   -0.63161   -0.63150   -0.63140   -0.63133   -0.63128
  -0.62913   -0.62895   -0.62810   -0.62794   -0.62717   -0.62716   -0.62709   -0.62696
  -0.62696   -0.62693   -0.62681   -0.62668   -0.62660   -0.62657   -0.62636   -0.62621
  -0.62595   -0.62581   -0.62528   -0.62515   -0.35748   -0.35506   -0.35123   -0.34665
  -0.34205   -0.33728   -0.33369   -0.33143   -0.31218   -0.31218   -0.13866   -0.13627
  -0.13015   -0.12585   -0.11633   -0.11105   -0.09969   -0.09704   -0.08701   -0.08212
  -0.05866   -0.05324   -0.04452   -0.03338   -0.02591   -0.02096   -0.00675    0.00124
   0.00784    0.00975    0.01842    0.02117    0.02755    0.03079    0.03089    0.03476
   0.03484    0.04407    0.04642    0.04960    0.06400    0.08678    0.09472    0.10790
   0.11091    0.11131    0.11705    0.13599    0.14000    0.15903    0.22099    0.23775
   0.24365
 kpt#   9, nband=153, wtk=  0.12500, kpt=  0.4375  0.3125  0.5000 (reduced coord)
  -1.64230   -1.64220   -1.64214   -1.64184   -1.64137   -1.64094   -1.64038   -1.64011
  -1.63935   -1.63912   -1.63820   -1.63816   -1.63773   -1.63768   -1.63728   -1.63658
  -1.63654   -1.63648   -1.63594   -1.63580   -1.63549   -1.63549   -1.63536   -1.63487
  -1.63487   -1.63449   -1.63414   -1.63391   -1.63372   -1.63338   -1.63312   -1.63287
  -1.63217   -1.63189   -1.63129   -1.63093   -1.63089   -1.62929   -1.62849   -1.62770
  -1.61413   -1.61404   -1.61284   -1.61260   -1.61146   -1.61121   -1.61049   -1.61020
  -1.61004   -1.60985   -0.63617   -0.63601   -0.63571   -0.63568   -0.63482   -0.63458
  -0.63448   -0.63434   -0.63421   -0.63407   -0.63404   -0.63401   -0.63383   -0.63370
  -0.63300   -0.63299   -0.63257   -0.63247   -0.63233   -0.63225   -0.63224   -0.63216
  -0.63215   -0.63197   -0.63165   -0.63163   -0.63150   -0.63146   -0.63135   -0.63132
  -0.62918   -0.62904   -0.62790   -0.62790   -0.62710   -0.62709   -0.62692   -0.62691
  -0.62684   -0.62678   -0.62673   -0.62662   -0.62651   -0.62649   -0.62624   -0.62614
  -0.62594   -0.62584   -0.62530   -0.62528   -0.34545   -0.34407   -0.34203   -0.33994
  -0.33819   -0.33673   -0.33605   -0.33579   -0.30944   -0.30944   -0.13742   -0.13633
  -0.12862   -0.12656   -0.11492   -0.11246   -0.09986   -0.09840   -0.08984   -0.08866
  -0.04839   -0.04740   -0.04021   -0.03069   -0.01944   -0.01820   -0.01675   -0.01166
  -0.00904   -0.00462   -0.00291    0.00880    0.00969    0.01144    0.01526    0.02052
   0.02151    0.02837    0.04055    0.04186    0.05161    0.06371    0.06971    0.07613
   0.07986    0.08648    0.10902    0.12211    0.14401    0.15337    0.22809    0.23931
   0.26102
 kpt#  10, nband=153, wtk=  0.06250, kpt=  0.4375  0.4375  0.5000 (reduced coord)
  -1.64321   -1.64302   -1.64235   -1.64204   -1.64126   -1.64092   -1.64074   -1.64031
  -1.63943   -1.63926   -1.63893   -1.63882   -1.63830   -1.63811   -1.63737   -1.63728
  -1.63720   -1.63698   -1.63684   -1.63668   -1.63605   -1.63595   -1.63587   -1.63583
  -1.63523   -1.63516   -1.63492   -1.63486   -1.63481   -1.63449   -1.63392   -1.63348
  -1.63319   -1.63119   -1.63108   -1.63018   -1.62950   -1.62924   -1.62724   -1.62607
  -1.61441   -1.61372   -1.61355   -1.61316   -1.61143   -1.61127   -1.61077   -1.61006
  -1.61005   -1.60987   -0.63651   -0.63621   -0.63583   -0.63567   -0.63484   -0.63475
  -0.63445   -0.63436   -0.63420   -0.63417   -0.63416   -0.63407   -0.63401   -0.63392
  -0.63324   -0.63307   -0.63262   -0.63252   -0.63238   -0.63233   -0.63226   -0.63222
  -0.63219   -0.63216   -0.63158   -0.63150   -0.63149   -0.63146   -0.63135   -0.63123
  -0.62943   -0.62936   -0.62799   -0.62797   -0.62709   -0.62705   -0.62704   -0.62698
  -0.62697   -0.62693   -0.62672   -0.62663   -0.62660   -0.62646   -0.62616   -0.62602
  -0.62598   -0.62594   -0.62531   -0.62522   -0.33784   -0.33704   -0.33590   -0.33498
  -0.33441   -0.33426   -0.33397   -0.33391   -0.30514   -0.30514   -0.12213   -0.12179
  -0.11239   -0.11208   -0.09767   -0.09740   -0.08391   -0.08283   -0.07496   -0.07412
  -0.06948   -0.06290   -0.06064   -0.04934   -0.04762   -0.04682   -0.03687   -0.03668
  -0.03543   -0.02389   -0.02223   -0.01112   -0.00725   -0.00131    0.00326    0.00654
   0.00788    0.01333    0.01659    0.02110    0.03126    0.03489    0.04129    0.04175
   0.07360    0.07843    0.11248    0.11779    0.14816    0.15165    0.24145    0.24563
   0.27609
