 Eigenvalues (hartree) for nkpt=  32  k points:
 kpt#   1, nband=220, wtk=  0.03125, kpt=  0.0625  0.0625  0.5000 (reduced coord)
  -1.66991   -1.66939   -1.66762   -1.66706   -1.66685   -1.66581   -1.66581   -1.66567
  -1.66528   -1.66523   -1.66358   -1.66343   -1.66292   -1.66272   -1.66248   -1.66235
  -1.66213   -1.66065   -1.66045   -1.66019   -1.65981   -1.65827   -1.65761   -1.65439
  -1.65418   -1.64257   -1.64151   -1.64119   -1.64032   -1.63969   -1.63871   -1.63867
  -1.63781   -1.63718   -1.63674   -0.66307   -0.66301   -0.66156   -0.66143   -0.66140
  -0.66137   -0.66059   -0.66052   -0.66049   -0.66043   -0.65842   -0.65744   -0.65728
  -0.65638   -0.65637   -0.65626   -0.65597   -0.65551   -0.65546   -0.65511   -0.65510
  -0.65419   -0.65404   -0.65396   -0.65395   -0.65371   -0.65359   -0.65311   -0.65304
  -0.65293   -0.65289   -0.65282   -0.65278   -0.65259   -0.65250   -0.41696   -0.40880
  -0.39575   -0.37990   -0.36270   -0.34822   -0.34526   -0.13412   -0.13281   -0.11799
  -0.11019   -0.09028   -0.08075   -0.06022   -0.04664   -0.02983   -0.02871   -0.01995
  -0.00575   -0.00494   -0.00445    0.01122    0.01177    0.02417    0.02973    0.03448
   0.03988    0.04205    0.04348    0.04831    0.06581    0.06712    0.08694    0.09980
   0.12747    0.20102    0.23027    0.24228    0.24871    0.25273    0.26795    0.27208
   0.27300    0.27640    0.28292    0.28453    0.28745    0.29167    0.29902    0.30423
   0.30973    0.31261    0.32499    0.32877    0.33038    0.33271    0.34008    0.34351
   0.34754    0.35190    0.35767    0.36268    0.36304    0.36924    0.37694    0.38138
   0.39800    0.40124    0.41304    0.44052    0.44564    0.45711    0.46255    0.47460
   0.47515    0.48882    0.48947    0.49487    0.50044    0.50960    0.51335    0.51982
   0.52963    0.53215    0.53434    0.53879    0.54901    0.55302    0.55944    0.56368
   0.56808    0.57666    0.58212    0.58710    0.58912    0.59233    0.59273    0.60699
   0.60739    0.61130    0.63523    0.64067    0.64266    0.64385    0.64795    0.65280
   0.65704    0.66181    0.66818    0.67675    0.68655    0.68689    0.69745    0.70048
   0.71077    0.71671    0.71683    0.72542    0.73381    0.73736    0.73777    0.75375
   0.76069    0.77118    0.77845    0.78343    0.78513    0.78852    0.80165    0.80523
   0.81231    0.81268    0.81778    0.83661    0.83901    0.84160    0.85055    0.85684
   0.86143    0.86848    0.87070    0.88432    0.89122    0.90415    0.91814    0.91962
   0.92143    0.92365    0.92915    0.92959
 kpt#   2, nband=220, wtk=  0.03125, kpt=  0.1875  0.0625  0.5000 (reduced coord)
  -1.66781   -1.66750   -1.66707   -1.66676   -1.66654   -1.66546   -1.66520   -1.66491
  -1.66423   -1.66363   -1.66328   -1.66300   -1.66278   -1.66194   -1.66190   -1.66096
  -1.66075   -1.66063   -1.65983   -1.65948   -1.65935   -1.65792   -1.65703   -1.65626
  -1.65432   -1.64202   -1.64117   -1.64086   -1.64001   -1.63852   -1.63838   -1.63808
  -1.63709   -1.63682   -1.63681   -0.66296   -0.66279   -0.66135   -0.66125   -0.66121
  -0.66112   -0.66058   -0.66047   -0.66043   -0.66033   -0.65838   -0.65728   -0.65720
  -0.65642   -0.65636   -0.65618   -0.65580   -0.65532   -0.65519   -0.65492   -0.65484
  -0.65418   -0.65406   -0.65392   -0.65387   -0.65357   -0.65348   -0.65299   -0.65291
  -0.65290   -0.65286   -0.65276   -0.65268   -0.65264   -0.65257   -0.41051   -0.40286
  -0.39072   -0.37620   -0.36093   -0.34707   -0.34523   -0.15004   -0.14875   -0.13317
  -0.13028   -0.11272   -0.09430   -0.07423   -0.07163   -0.03529   -0.02433   -0.01903
  -0.00344    0.00634    0.01383    0.02583    0.02854    0.02967    0.03405    0.04483
   0.04616    0.04989    0.05147    0.05698    0.09054    0.09673    0.10400    0.11255
   0.13266    0.19683    0.20757    0.22174    0.22694    0.23340    0.24232    0.25252
   0.25703    0.26645    0.26748    0.26933    0.26968    0.27792    0.28129    0.28419
   0.29112    0.29123    0.29780    0.30513    0.32329    0.33097    0.34271    0.34958
   0.35060    0.35240    0.35532    0.36237    0.36818    0.38281    0.38685    0.39040
   0.39841    0.41294    0.42337    0.42893    0.45504    0.46527    0.47101    0.48341
   0.50459    0.50646    0.51832    0.52138    0.52483    0.52977    0.53309    0.53435
   0.54569    0.55002    0.55310    0.56181    0.56292    0.57113    0.58075    0.58266
   0.58470    0.58627    0.58820    0.59177    0.59831    0.60901    0.60991    0.61478
   0.62205    0.63298    0.63382    0.63798    0.64231    0.64743    0.65234    0.65802
   0.66594    0.68106    0.68261    0.69219    0.69350    0.69882    0.70270    0.71067
   0.71867    0.72139    0.72753    0.72876    0.74194    0.75564    0.76449    0.76836
   0.76963    0.77999    0.78190    0.78847    0.79960    0.80088    0.80551    0.81538
   0.81679    0.81712    0.82218    0.83153    0.83277    0.83615    0.84594    0.85377
   0.85481    0.85982    0.86138    0.86253    0.86746    0.87116    0.87422    0.87485
   0.88424    0.89179    0.90192    0.90267
 kpt#   3, nband=220, wtk=  0.03125, kpt=  0.3125  0.0625  0.5000 (reduced coord)
  -1.66809   -1.66783   -1.66740   -1.66672   -1.66588   -1.66443   -1.66427   -1.66396
  -1.66269   -1.66185   -1.66144   -1.66117   -1.66089   -1.66077   -1.65991   -1.65949
  -1.65903   -1.65815   -1.65801   -1.65750   -1.65683   -1.65643   -1.65616   -1.65296
  -1.65246   -1.64100   -1.63951   -1.63868   -1.63805   -1.63769   -1.63723   -1.63644
  -1.63604   -1.63569   -1.63457   -0.66246   -0.66225   -0.66113   -0.66100   -0.66074
  -0.66072   -0.66056   -0.66048   -0.66033   -0.66029   -0.65805   -0.65702   -0.65666
  -0.65653   -0.65625   -0.65567   -0.65529   -0.65507   -0.65474   -0.65449   -0.65424
  -0.65414   -0.65404   -0.65381   -0.65362   -0.65357   -0.65344   -0.65296   -0.65286
  -0.65267   -0.65266   -0.65251   -0.65246   -0.65228   -0.65211   -0.39855   -0.39220
  -0.38238   -0.37140   -0.36122   -0.34646   -0.34536   -0.17065   -0.16936   -0.15394
  -0.15246   -0.13810   -0.12266   -0.10761   -0.06345   -0.02642   -0.00699   -0.00431
   0.00566    0.01155    0.01957    0.02856    0.03461    0.04597    0.04938    0.05391
   0.05682    0.05908    0.06667    0.08665    0.11307    0.12135    0.12469    0.13627
   0.13789    0.17320    0.18334    0.18588    0.18875    0.20363    0.20503    0.21352
   0.22442    0.23068    0.23412    0.23579    0.24075    0.24957    0.26144    0.26487
   0.27891    0.28740    0.28794    0.30140    0.31876    0.33394    0.35451    0.35817
   0.36936    0.37101    0.37713    0.38209    0.38997    0.39270    0.40566    0.41707
   0.41779    0.44021    0.44329    0.45798    0.46006    0.47237    0.47405    0.48080
   0.48317    0.49324    0.50838    0.51496    0.53328    0.53791    0.53853    0.55409
   0.56029    0.57097    0.57129    0.58844    0.59211    0.59306    0.59643    0.60294
   0.60710    0.60910    0.61307    0.62288    0.62841    0.64117    0.64625    0.64699
   0.65175    0.65841    0.65944    0.66170    0.66664    0.67085    0.67279    0.67532
   0.67653    0.69531    0.69789    0.70092    0.71035    0.71282    0.71761    0.72154
   0.72358    0.72636    0.73118    0.73693    0.73823    0.74166    0.74240    0.75425
   0.76005    0.76100    0.76526    0.78520    0.78544    0.79118    0.79724    0.80107
   0.80564    0.80785    0.81422    0.81434    0.82709    0.82724    0.83799    0.85241
   0.85971    0.86106    0.86274    0.86595    0.87250    0.87658    0.87811    0.87945
   0.89831    0.90467    0.91185    0.91771
 kpt#   4, nband=220, wtk=  0.03125, kpt=  0.4375  0.0625  0.5000 (reduced coord)
  -1.66799   -1.66766   -1.66684   -1.66658   -1.66600   -1.66542   -1.66464   -1.66424
  -1.66327   -1.66296   -1.66256   -1.66249   -1.66208   -1.66186   -1.66122   -1.66108
  -1.66019   -1.66004   -1.65970   -1.65906   -1.65894   -1.65773   -1.65755   -1.65361
  -1.65333   -1.64200   -1.64028   -1.63906   -1.63883   -1.63853   -1.63779   -1.63756
  -1.63745   -1.63688   -1.63605   -0.66233   -0.66223   -0.66152   -0.66122   -0.66095
  -0.66090   -0.66081   -0.66056   -0.66028   -0.66023   -0.65811   -0.65735   -0.65687
  -0.65668   -0.65625   -0.65549   -0.65539   -0.65513   -0.65501   -0.65481   -0.65448
  -0.65429   -0.65412   -0.65390   -0.65384   -0.65370   -0.65336   -0.65311   -0.65298
  -0.65290   -0.65273   -0.65264   -0.65262   -0.65247   -0.65244   -0.38340   -0.37986
  -0.37508   -0.37136   -0.36915   -0.34651   -0.34552   -0.18450   -0.18134   -0.16799
  -0.16416   -0.14804   -0.14496   -0.13369   -0.04378   -0.01918   -0.00748    0.01584
   0.01819    0.01874    0.03231    0.03681    0.04059    0.04173    0.04683    0.05310
   0.06203    0.06433    0.10074    0.11758    0.12431    0.12882    0.13344    0.13828
   0.15343    0.15660    0.15825    0.17100    0.17396    0.18009    0.18696    0.19222
   0.19692    0.20249    0.21459    0.21699    0.22340    0.22782    0.22915    0.24315
   0.25369    0.25836    0.28318    0.31008    0.31578    0.33631    0.33869    0.36950
   0.37502    0.39888    0.40975    0.41680    0.43000    0.43454    0.43847    0.44034
   0.44701    0.44816    0.46340    0.46885    0.47292    0.48718    0.48975    0.49595
   0.51052    0.51354    0.51434    0.52343    0.53381    0.53557    0.53844    0.54225
   0.55528    0.55597    0.55971    0.56085    0.56510    0.58008    0.58776    0.58965
   0.59888    0.60448    0.61401    0.62076    0.62335    0.63337    0.63682    0.63875
   0.64377    0.64951    0.66015    0.67332    0.67630    0.67867    0.69530    0.70145
   0.70377    0.70425    0.70712    0.71627    0.72366    0.72491    0.73788    0.73844
   0.74624    0.75141    0.75235    0.75313    0.75540    0.75908    0.77897    0.77979
   0.78494    0.78677    0.80041    0.80200    0.80502    0.80675    0.80888    0.81789
   0.82020    0.82073    0.82909    0.83056    0.83245    0.83459    0.83993    0.84818
   0.85058    0.85928    0.86212    0.86253    0.86788    0.87550    0.88237    0.88366
   0.88769    0.88855    0.89137    0.89274
 kpt#   5, nband=220, wtk=  0.03125, kpt= -0.4375  0.0625  0.5000 (reduced coord)
  -1.66799   -1.66766   -1.66684   -1.66658   -1.66600   -1.66542   -1.66464   -1.66424
  -1.66327   -1.66296   -1.66256   -1.66249   -1.66208   -1.66186   -1.66122   -1.66108
  -1.66019   -1.66004   -1.65970   -1.65906   -1.65894   -1.65773   -1.65755   -1.65361
  -1.65333   -1.64200   -1.64028   -1.63906   -1.63883   -1.63853   -1.63779   -1.63756
  -1.63745   -1.63688   -1.63605   -0.66233   -0.66223   -0.66152   -0.66122   -0.66095
  -0.66090   -0.66081   -0.66056   -0.66028   -0.66023   -0.65811   -0.65735   -0.65687
  -0.65668   -0.65625   -0.65549   -0.65539   -0.65513   -0.65501   -0.65481   -0.65448
  -0.65429   -0.65412   -0.65390   -0.65384   -0.65370   -0.65336   -0.65311   -0.65298
  -0.65290   -0.65273   -0.65264   -0.65262   -0.65247   -0.65244   -0.38340   -0.37986
  -0.37508   -0.37136   -0.36915   -0.34651   -0.34552   -0.18450   -0.18134   -0.16799
  -0.16416   -0.14804   -0.14496   -0.13369   -0.04378   -0.01918   -0.00748    0.01584
   0.01819    0.01874    0.03231    0.03681    0.04059    0.04173    0.04683    0.05310
   0.06203    0.06433    0.10074    0.11758    0.12431    0.12882    0.13344    0.13828
   0.15343    0.15660    0.15825    0.17100    0.17396    0.18009    0.18696    0.19222
   0.19692    0.20249    0.21459    0.21699    0.22340    0.22782    0.22915    0.24315
   0.25369    0.25836    0.28318    0.31008    0.31578    0.33631    0.33869    0.36950
   0.37502    0.39888    0.40975    0.41680    0.43000    0.43454    0.43847    0.44034
   0.44701    0.44816    0.46340    0.46885    0.47292    0.48718    0.48975    0.49595
   0.51052    0.51354    0.51434    0.52343    0.53381    0.53557    0.53844    0.54225
   0.55528    0.55597    0.55971    0.56085    0.56510    0.58008    0.58776    0.58965
   0.59888    0.60448    0.61401    0.62076    0.62335    0.63337    0.63682    0.63875
   0.64377    0.64951    0.66015    0.67332    0.67630    0.67867    0.69530    0.70145
   0.70377    0.70425    0.70712    0.71627    0.72366    0.72491    0.73788    0.73844
   0.74624    0.75141    0.75235    0.75313    0.75540    0.75908    0.77897    0.77979
   0.78494    0.78677    0.80041    0.80200    0.80502    0.80675    0.80888    0.81789
   0.82020    0.82073    0.82909    0.83056    0.83245    0.83459    0.83993    0.84818
   0.85058    0.85928    0.86212    0.86253    0.86788    0.87550    0.88237    0.88366
   0.88769    0.88855    0.89137    0.89274
 kpt#   6, nband=220, wtk=  0.03125, kpt= -0.3125  0.0625  0.5000 (reduced coord)
  -1.66809   -1.66783   -1.66740   -1.66672   -1.66588   -1.66443   -1.66427   -1.66396
  -1.66269   -1.66185   -1.66144   -1.66117   -1.66089   -1.66077   -1.65991   -1.65949
  -1.65903   -1.65815   -1.65801   -1.65750   -1.65683   -1.65643   -1.65616   -1.65296
  -1.65246   -1.64100   -1.63951   -1.63868   -1.63805   -1.63769   -1.63723   -1.63644
  -1.63604   -1.63569   -1.63457   -0.66246   -0.66225   -0.66113   -0.66100   -0.66074
  -0.66072   -0.66056   -0.66048   -0.66033   -0.66029   -0.65805   -0.65702   -0.65666
  -0.65653   -0.65625   -0.65567   -0.65529   -0.65507   -0.65474   -0.65449   -0.65424
  -0.65414   -0.65404   -0.65381   -0.65362   -0.65357   -0.65344   -0.65296   -0.65286
  -0.65267   -0.65266   -0.65251   -0.65246   -0.65228   -0.65211   -0.39855   -0.39220
  -0.38238   -0.37140   -0.36122   -0.34646   -0.34536   -0.17065   -0.16936   -0.15394
  -0.15246   -0.13810   -0.12266   -0.10761   -0.06345   -0.02642   -0.00699   -0.00431
   0.00566    0.01155    0.01957    0.02856    0.03461    0.04597    0.04938    0.05391
   0.05682    0.05908    0.06667    0.08665    0.11307    0.12135    0.12469    0.13627
   0.13789    0.17320    0.18334    0.18588    0.18875    0.20363    0.20503    0.21352
   0.22442    0.23068    0.23412    0.23579    0.24075    0.24957    0.26144    0.26487
   0.27891    0.28740    0.28794    0.30140    0.31876    0.33394    0.35451    0.35817
   0.36936    0.37101    0.37713    0.38209    0.38997    0.39270    0.40566    0.41707
   0.41779    0.44021    0.44329    0.45798    0.46006    0.47237    0.47405    0.48080
   0.48317    0.49324    0.50838    0.51496    0.53328    0.53791    0.53853    0.55409
   0.56029    0.57097    0.57129    0.58844    0.59211    0.59306    0.59643    0.60294
   0.60710    0.60910    0.61307    0.62288    0.62841    0.64117    0.64625    0.64699
   0.65175    0.65841    0.65944    0.66170    0.66664    0.67085    0.67279    0.67532
   0.67653    0.69531    0.69789    0.70092    0.71035    0.71282    0.71761    0.72154
   0.72358    0.72636    0.73118    0.73693    0.73823    0.74166    0.74240    0.75425
   0.76005    0.76100    0.76526    0.78520    0.78544    0.79118    0.79724    0.80107
   0.80564    0.80785    0.81422    0.81434    0.82709    0.82724    0.83799    0.85241
   0.85971    0.86106    0.86274    0.86595    0.87250    0.87658    0.87811    0.87945
   0.89831    0.90467    0.91185    0.91771
 kpt#   7, nband=220, wtk=  0.03125, kpt= -0.1875  0.0625  0.5000 (reduced coord)
  -1.66781   -1.66750   -1.66707   -1.66676   -1.66654   -1.66546   -1.66520   -1.66491
  -1.66423   -1.66363   -1.66328   -1.66300   -1.66278   -1.66194   -1.66190   -1.66096
  -1.66075   -1.66063   -1.65983   -1.65948   -1.65935   -1.65792   -1.65703   -1.65626
  -1.65432   -1.64202   -1.64117   -1.64086   -1.64001   -1.63852   -1.63838   -1.63808
  -1.63709   -1.63682   -1.63681   -0.66296   -0.66279   -0.66135   -0.66125   -0.66121
  -0.66112   -0.66058   -0.66047   -0.66043   -0.66033   -0.65838   -0.65728   -0.65720
  -0.65642   -0.65636   -0.65618   -0.65580   -0.65532   -0.65519   -0.65492   -0.65484
  -0.65418   -0.65406   -0.65392   -0.65387   -0.65357   -0.65348   -0.65299   -0.65291
  -0.65290   -0.65286   -0.65276   -0.65268   -0.65264   -0.65257   -0.41051   -0.40286
  -0.39072   -0.37620   -0.36093   -0.34707   -0.34523   -0.15004   -0.14875   -0.13317
  -0.13028   -0.11272   -0.09430   -0.07423   -0.07163   -0.03529   -0.02433   -0.01903
  -0.00344    0.00634    0.01383    0.02583    0.02854    0.02967    0.03405    0.04483
   0.04616    0.04989    0.05147    0.05698    0.09054    0.09673    0.10400    0.11255
   0.13266    0.19683    0.20757    0.22174    0.22694    0.23340    0.24232    0.25252
   0.25703    0.26645    0.26748    0.26933    0.26968    0.27792    0.28129    0.28419
   0.29112    0.29123    0.29780    0.30513    0.32329    0.33097    0.34271    0.34958
   0.35060    0.35240    0.35532    0.36237    0.36818    0.38281    0.38685    0.39040
   0.39841    0.41294    0.42337    0.42893    0.45504    0.46527    0.47101    0.48341
   0.50459    0.50646    0.51832    0.52138    0.52483    0.52977    0.53309    0.53435
   0.54569    0.55002    0.55310    0.56181    0.56292    0.57113    0.58075    0.58266
   0.58470    0.58627    0.58820    0.59177    0.59831    0.60901    0.60991    0.61478
   0.62205    0.63298    0.63382    0.63798    0.64231    0.64743    0.65234    0.65802
   0.66594    0.68106    0.68261    0.69219    0.69350    0.69882    0.70270    0.71067
   0.71867    0.72139    0.72753    0.72876    0.74194    0.75564    0.76449    0.76836
   0.76963    0.77999    0.78190    0.78847    0.79960    0.80088    0.80551    0.81538
   0.81679    0.81712    0.82218    0.83153    0.83277    0.83615    0.84594    0.85377
   0.85481    0.85982    0.86138    0.86253    0.86746    0.87116    0.87422    0.87485
   0.88424    0.89179    0.90192    0.90267
 kpt#   8, nband=220, wtk=  0.03125, kpt= -0.0625  0.0625  0.5000 (reduced coord)
  -1.66991   -1.66939   -1.66762   -1.66706   -1.66685   -1.66581   -1.66581   -1.66567
  -1.66528   -1.66523   -1.66358   -1.66343   -1.66292   -1.66272   -1.66248   -1.66235
  -1.66213   -1.66065   -1.66045   -1.66019   -1.65981   -1.65827   -1.65761   -1.65439
  -1.65418   -1.64257   -1.64151   -1.64119   -1.64032   -1.63969   -1.63871   -1.63867
  -1.63781   -1.63718   -1.63674   -0.66307   -0.66301   -0.66156   -0.66143   -0.66140
  -0.66137   -0.66059   -0.66052   -0.66049   -0.66043   -0.65842   -0.65744   -0.65728
  -0.65638   -0.65637   -0.65626   -0.65597   -0.65551   -0.65546   -0.65511   -0.65510
  -0.65419   -0.65404   -0.65396   -0.65395   -0.65371   -0.65359   -0.65311   -0.65304
  -0.65293   -0.65289   -0.65282   -0.65278   -0.65259   -0.65250   -0.41696   -0.40880
  -0.39575   -0.37990   -0.36270   -0.34822   -0.34526   -0.13412   -0.13281   -0.11799
  -0.11019   -0.09028   -0.08075   -0.06022   -0.04664   -0.02983   -0.02871   -0.01995
  -0.00575   -0.00494   -0.00445    0.01122    0.01177    0.02417    0.02973    0.03448
   0.03988    0.04205    0.04348    0.04831    0.06581    0.06712    0.08694    0.09980
   0.12747    0.20102    0.23027    0.24228    0.24871    0.25273    0.26795    0.27208
   0.27300    0.27640    0.28292    0.28453    0.28745    0.29167    0.29902    0.30423
   0.30973    0.31261    0.32499    0.32877    0.33038    0.33271    0.34008    0.34351
   0.34754    0.35190    0.35767    0.36268    0.36304    0.36924    0.37694    0.38138
   0.39800    0.40124    0.41304    0.44052    0.44564    0.45711    0.46255    0.47460
   0.47515    0.48882    0.48947    0.49487    0.50044    0.50960    0.51335    0.51982
   0.52963    0.53215    0.53434    0.53879    0.54901    0.55302    0.55944    0.56368
   0.56808    0.57666    0.58212    0.58710    0.58912    0.59233    0.59273    0.60699
   0.60739    0.61130    0.63523    0.64067    0.64266    0.64385    0.64795    0.65280
   0.65704    0.66181    0.66818    0.67675    0.68655    0.68689    0.69745    0.70048
   0.71077    0.71671    0.71683    0.72542    0.73381    0.73736    0.73777    0.75375
   0.76069    0.77118    0.77845    0.78343    0.78513    0.78852    0.80165    0.80523
   0.81231    0.81268    0.81778    0.83661    0.83901    0.84160    0.85055    0.85684
   0.86143    0.86848    0.87070    0.88432    0.89122    0.90415    0.91814    0.91962
   0.92143    0.92365    0.92915    0.92959
 kpt#   9, nband=220, wtk=  0.03125, kpt=  0.0625  0.1875  0.5000 (reduced coord)
  -1.66781   -1.66750   -1.66707   -1.66676   -1.66654   -1.66546   -1.66520   -1.66491
  -1.66423   -1.66363   -1.66328   -1.66300   -1.66278   -1.66194   -1.66190   -1.66096
  -1.66075   -1.66063   -1.65983   -1.65948   -1.65935   -1.65792   -1.65703   -1.65626
  -1.65432   -1.64202   -1.64117   -1.64086   -1.64001   -1.63852   -1.63838   -1.63808
  -1.63709   -1.63682   -1.63681   -0.66296   -0.66279   -0.66135   -0.66125   -0.66121
  -0.66112   -0.66058   -0.66047   -0.66043   -0.66033   -0.65838   -0.65728   -0.65720
  -0.65642   -0.65636   -0.65618   -0.65580   -0.65532   -0.65519   -0.65492   -0.65484
  -0.65418   -0.65406   -0.65392   -0.65387   -0.65357   -0.65348   -0.65299   -0.65291
  -0.65290   -0.65286   -0.65276   -0.65268   -0.65264   -0.65257   -0.41051   -0.40286
  -0.39072   -0.37620   -0.36093   -0.34707   -0.34523   -0.15004   -0.14875   -0.13317
  -0.13028   -0.11272   -0.09430   -0.07423   -0.07163   -0.03529   -0.02433   -0.01903
  -0.00344    0.00634    0.01383    0.02583    0.02854    0.02967    0.03405    0.04483
   0.04616    0.04989    0.05147    0.05698    0.09054    0.09673    0.10400    0.11255
   0.13266    0.19683    0.20757    0.22174    0.22694    0.23340    0.24232    0.25252
   0.25703    0.26645    0.26748    0.26933    0.26968    0.27792    0.28129    0.28419
   0.29112    0.29123    0.29780    0.30513    0.32329    0.33097    0.34271    0.34958
   0.35060    0.35240    0.35532    0.36237    0.36818    0.38281    0.38685    0.39040
   0.39841    0.41294    0.42337    0.42893    0.45504    0.46527    0.47101    0.48341
   0.50459    0.50646    0.51832    0.52138    0.52483    0.52977    0.53309    0.53435
   0.54569    0.55002    0.55310    0.56181    0.56292    0.57113    0.58075    0.58266
   0.58470    0.58627    0.58820    0.59177    0.59831    0.60901    0.60991    0.61478
   0.62205    0.63298    0.63382    0.63798    0.64231    0.64743    0.65234    0.65802
   0.66594    0.68106    0.68261    0.69219    0.69350    0.69882    0.70270    0.71067
   0.71867    0.72139    0.72753    0.72876    0.74194    0.75564    0.76449    0.76836
   0.76963    0.77999    0.78190    0.78847    0.79960    0.80088    0.80551    0.81538
   0.81679    0.81712    0.82218    0.83153    0.83277    0.83615    0.84594    0.85377
   0.85481    0.85982    0.86138    0.86253    0.86746    0.87116    0.87422    0.87485
   0.88424    0.89179    0.90192    0.90267
 kpt#  10, nband=220, wtk=  0.03125, kpt=  0.1875  0.1875  0.5000 (reduced coord)
  -1.66961   -1.66832   -1.66806   -1.66650   -1.66627   -1.66569   -1.66459   -1.66396
  -1.66329   -1.66307   -1.66275   -1.66181   -1.66135   -1.66095   -1.66079   -1.66065
  -1.66006   -1.65997   -1.65983   -1.65886   -1.65724   -1.65710   -1.65482   -1.65478
  -1.65278   -1.64187   -1.64086   -1.64034   -1.63941   -1.63794   -1.63787   -1.63707
  -1.63666   -1.63594   -1.63488   -0.66283   -0.66271   -0.66121   -0.66095   -0.66093
  -0.66088   -0.66055   -0.66051   -0.66046   -0.66039   -0.65834   -0.65708   -0.65687
  -0.65641   -0.65639   -0.65612   -0.65574   -0.65497   -0.65496   -0.65467   -0.65455
  -0.65413   -0.65403   -0.65396   -0.65389   -0.65369   -0.65354   -0.65291   -0.65278
  -0.65274   -0.65273   -0.65256   -0.65254   -0.65252   -0.65242   -0.40421   -0.39708
  -0.38585   -0.37266   -0.35929   -0.34547   -0.34416   -0.15505   -0.15366   -0.13816
  -0.13506   -0.11915   -0.10265   -0.08494   -0.06669   -0.05501   -0.04472   -0.02904
  -0.02458   -0.01132    0.00818    0.01842    0.02032    0.02360    0.03027    0.04796
   0.05291    0.06173    0.07494    0.09075    0.10893    0.11801    0.11830    0.13268
   0.14684    0.18183    0.18226    0.19708    0.19730    0.20563    0.20798    0.22487
   0.22652    0.23717    0.26029    0.28327    0.28337    0.28461    0.29081    0.29235
   0.29462    0.29827    0.30449    0.31322    0.32582    0.33844    0.34028    0.35556
   0.36266    0.36934    0.38084    0.38170    0.39341    0.39487    0.39779    0.40737
   0.43163    0.43369    0.44451    0.45359    0.46460    0.47002    0.47769    0.47808
   0.48186    0.48384    0.49610    0.49944    0.50810    0.51112    0.52665    0.52900
   0.53681    0.54106    0.54291    0.55519    0.55860    0.56018    0.57121    0.57636
   0.58974    0.59894    0.60368    0.61169    0.62390    0.63230    0.63245    0.63343
   0.63768    0.64559    0.65545    0.65759    0.66245    0.67092    0.68125    0.68392
   0.69045    0.69736    0.70520    0.70730    0.71060    0.72193    0.72388    0.72766
   0.73202    0.73367    0.74463    0.74716    0.74759    0.75237    0.76836    0.77175
   0.78614    0.79345    0.79640    0.79908    0.80053    0.80077    0.80195    0.80549
   0.81463    0.81736    0.81938    0.82282    0.82629    0.83382    0.83570    0.84455
   0.84672    0.85218    0.85663    0.86278    0.87380    0.87982    0.87991    0.88407
   0.88749    0.88810    0.89311    0.89510
 kpt#  11, nband=220, wtk=  0.03125, kpt=  0.3125  0.1875  0.5000 (reduced coord)
  -1.66858   -1.66827   -1.66763   -1.66636   -1.66614   -1.66568   -1.66511   -1.66432
  -1.66378   -1.66340   -1.66324   -1.66216   -1.66140   -1.66111   -1.66061   -1.66026
  -1.66011   -1.65968   -1.65916   -1.65889   -1.65843   -1.65768   -1.65580   -1.65559
  -1.65446   -1.64179   -1.64073   -1.63885   -1.63873   -1.63841   -1.63803   -1.63750
  -1.63719   -1.63693   -1.63662   -0.66253   -0.66248   -0.66175   -0.66169   -0.66077
  -0.66072   -0.66053   -0.66047   -0.66044   -0.66023   -0.65815   -0.65769   -0.65660
  -0.65648   -0.65646   -0.65596   -0.65564   -0.65542   -0.65503   -0.65452   -0.65421
  -0.65413   -0.65411   -0.65393   -0.65385   -0.65364   -0.65354   -0.65328   -0.65307
  -0.65296   -0.65281   -0.65277   -0.65264   -0.65225   -0.65210   -0.39274   -0.38689
  -0.37792   -0.36814   -0.35946   -0.34375   -0.34267   -0.16620   -0.16450   -0.14863
  -0.14756   -0.13202   -0.12049   -0.10637   -0.05795   -0.05548   -0.04400   -0.03254
  -0.01404   -0.01169    0.00194    0.00543    0.02019    0.02411    0.03011    0.03163
   0.04850    0.05296    0.08254    0.10032    0.10418    0.11277    0.11361    0.13403
   0.13614    0.17858    0.18297    0.18774    0.19351    0.20234    0.20945    0.21747
   0.22132    0.22715    0.26165    0.27383    0.27756    0.27915    0.29140    0.29517
   0.30419    0.30861    0.31423    0.32300    0.32344    0.32927    0.34261    0.34355
   0.35673    0.37951    0.38087    0.41037    0.41145    0.41805    0.42259    0.42623
   0.43220    0.43335    0.45041    0.45769    0.45919    0.47084    0.48044    0.49097
   0.49213    0.49546    0.50678    0.51138    0.51527    0.53489    0.53552    0.54286
   0.54532    0.55215    0.55920    0.56971    0.57786    0.58473    0.58809    0.59571
   0.60196    0.61167    0.61530    0.62074    0.62500    0.62824    0.64318    0.64707
   0.65221    0.65732    0.66100    0.67206    0.67286    0.68387    0.68737    0.68977
   0.69964    0.70324    0.70822    0.71146    0.71939    0.72839    0.73203    0.73771
   0.73877    0.74493    0.74620    0.74861    0.75646    0.76134    0.76679    0.77136
   0.78557    0.78657    0.78900    0.78995    0.79083    0.79831    0.80282    0.80995
   0.81555    0.81974    0.83370    0.83534    0.84043    0.84101    0.84664    0.84914
   0.85378    0.85681    0.86012    0.86130    0.86231    0.86436    0.86660    0.87045
   0.87856    0.88198    0.88344    0.89650
 kpt#  12, nband=220, wtk=  0.03125, kpt=  0.4375  0.1875  0.5000 (reduced coord)
  -1.66805   -1.66720   -1.66665   -1.66613   -1.66597   -1.66594   -1.66544   -1.66448
  -1.66440   -1.66426   -1.66372   -1.66281   -1.66227   -1.66216   -1.66180   -1.66159
  -1.66145   -1.66093   -1.66074   -1.66070   -1.66036   -1.65799   -1.65716   -1.65553
  -1.65529   -1.64214   -1.64096   -1.64074   -1.63960   -1.63950   -1.63922   -1.63900
  -1.63804   -1.63765   -1.63538   -0.66239   -0.66227   -0.66208   -0.66180   -0.66088
  -0.66083   -0.66075   -0.66072   -0.66055   -0.66024   -0.65807   -0.65781   -0.65677
  -0.65675   -0.65640   -0.65602   -0.65567   -0.65547   -0.65508   -0.65476   -0.65446
  -0.65426   -0.65409   -0.65393   -0.65389   -0.65382   -0.65352   -0.65336   -0.65318
  -0.65316   -0.65304   -0.65297   -0.65263   -0.65239   -0.65232   -0.37863   -0.37546
  -0.37119   -0.36796   -0.36603   -0.34272   -0.34174   -0.17631   -0.17294   -0.16000
  -0.15556   -0.13897   -0.13709   -0.12644   -0.04204   -0.03461   -0.02326   -0.01985
  -0.01643   -0.00365   -0.00104    0.00508    0.00928    0.01314    0.01506    0.02644
   0.04245    0.04458    0.07478    0.08481    0.08650    0.09690    0.10051    0.11117
   0.13154    0.18409    0.19881    0.20028    0.20206    0.21689    0.22138    0.22843
   0.23254    0.23553    0.24866    0.26731    0.27500    0.27853    0.28573    0.29098
   0.29600    0.29912    0.30268    0.31426    0.31841    0.31956    0.34059    0.34627
   0.37306    0.37930    0.38243    0.39824    0.40754    0.41388    0.42097    0.42300
   0.45853    0.46813    0.47337    0.47645    0.47944    0.49385    0.49566    0.51025
   0.51940    0.52526    0.53218    0.54195    0.54711    0.54931    0.55373    0.55689
   0.56410    0.56793    0.56862    0.57641    0.57796    0.58218    0.58909    0.59172
   0.59703    0.60261    0.60644    0.62138    0.62386    0.62762    0.63747    0.64323
   0.64898    0.65059    0.65555    0.65859    0.66734    0.67038    0.67348    0.68201
   0.69384    0.69871    0.70845    0.71539    0.71958    0.72419    0.73099    0.73242
   0.73684    0.74232    0.74407    0.75370    0.75629    0.76508    0.76615    0.77427
   0.78499    0.79136    0.79444    0.79538    0.80444    0.80723    0.80966    0.81091
   0.81723    0.82628    0.82763    0.83447    0.84325    0.84634    0.85414    0.85500
   0.86154    0.86335    0.86722    0.87063    0.87182    0.88124    0.88312    0.88967
   0.89187    0.89697    0.89967    0.90264
 kpt#  13, nband=220, wtk=  0.03125, kpt= -0.4375  0.1875  0.5000 (reduced coord)
  -1.66805   -1.66720   -1.66665   -1.66613   -1.66597   -1.66594   -1.66544   -1.66448
  -1.66440   -1.66426   -1.66372   -1.66281   -1.66227   -1.66216   -1.66180   -1.66159
  -1.66145   -1.66093   -1.66074   -1.66070   -1.66036   -1.65799   -1.65716   -1.65553
  -1.65529   -1.64214   -1.64096   -1.64074   -1.63960   -1.63950   -1.63922   -1.63900
  -1.63804   -1.63765   -1.63538   -0.66239   -0.66227   -0.66208   -0.66180   -0.66088
  -0.66083   -0.66075   -0.66072   -0.66055   -0.66024   -0.65807   -0.65781   -0.65677
  -0.65675   -0.65640   -0.65602   -0.65567   -0.65547   -0.65508   -0.65476   -0.65446
  -0.65426   -0.65409   -0.65393   -0.65389   -0.65382   -0.65352   -0.65336   -0.65318
  -0.65316   -0.65304   -0.65297   -0.65263   -0.65239   -0.65232   -0.37863   -0.37546
  -0.37119   -0.36796   -0.36603   -0.34272   -0.34174   -0.17631   -0.17294   -0.16000
  -0.15556   -0.13897   -0.13709   -0.12644   -0.04204   -0.03461   -0.02326   -0.01985
  -0.01643   -0.00365   -0.00104    0.00508    0.00928    0.01314    0.01506    0.02644
   0.04245    0.04458    0.07478    0.08481    0.08650    0.09690    0.10051    0.11117
   0.13154    0.18409    0.19881    0.20028    0.20206    0.21689    0.22138    0.22843
   0.23254    0.23553    0.24866    0.26731    0.27500    0.27853    0.28573    0.29098
   0.29600    0.29912    0.30268    0.31426    0.31841    0.31956    0.34059    0.34627
   0.37306    0.37930    0.38243    0.39824    0.40754    0.41388    0.42097    0.42300
   0.45853    0.46813    0.47337    0.47645    0.47944    0.49385    0.49566    0.51025
   0.51940    0.52526    0.53218    0.54195    0.54711    0.54931    0.55373    0.55689
   0.56410    0.56793    0.56862    0.57641    0.57796    0.58218    0.58909    0.59172
   0.59703    0.60261    0.60644    0.62138    0.62386    0.62762    0.63747    0.64323
   0.64898    0.65059    0.65555    0.65859    0.66734    0.67038    0.67348    0.68201
   0.69384    0.69871    0.70845    0.71539    0.71958    0.72419    0.73099    0.73242
   0.73684    0.74232    0.74407    0.75370    0.75629    0.76508    0.76615    0.77427
   0.78499    0.79136    0.79444    0.79538    0.80444    0.80723    0.80966    0.81091
   0.81723    0.82628    0.82763    0.83447    0.84325    0.84634    0.85414    0.85500
   0.86154    0.86335    0.86722    0.87063    0.87182    0.88124    0.88312    0.88967
   0.89187    0.89697    0.89967    0.90264
 kpt#  14, nband=220, wtk=  0.03125, kpt= -0.3125  0.1875  0.5000 (reduced coord)
  -1.66858   -1.66827   -1.66763   -1.66636   -1.66614   -1.66568   -1.66511   -1.66432
  -1.66378   -1.66340   -1.66324   -1.66216   -1.66140   -1.66111   -1.66061   -1.66026
  -1.66011   -1.65968   -1.65916   -1.65889   -1.65843   -1.65768   -1.65580   -1.65559
  -1.65446   -1.64179   -1.64073   -1.63885   -1.63873   -1.63841   -1.63803   -1.63750
  -1.63719   -1.63693   -1.63662   -0.66253   -0.66248   -0.66175   -0.66169   -0.66077
  -0.66072   -0.66053   -0.66047   -0.66044   -0.66023   -0.65815   -0.65769   -0.65660
  -0.65648   -0.65646   -0.65596   -0.65564   -0.65542   -0.65503   -0.65452   -0.65421
  -0.65413   -0.65411   -0.65393   -0.65385   -0.65364   -0.65354   -0.65328   -0.65307
  -0.65296   -0.65281   -0.65277   -0.65264   -0.65225   -0.65210   -0.39274   -0.38689
  -0.37792   -0.36814   -0.35946   -0.34375   -0.34267   -0.16620   -0.16450   -0.14863
  -0.14756   -0.13202   -0.12049   -0.10637   -0.05795   -0.05548   -0.04400   -0.03254
  -0.01404   -0.01169    0.00194    0.00543    0.02019    0.02411    0.03011    0.03163
   0.04850    0.05296    0.08254    0.10032    0.10418    0.11277    0.11361    0.13403
   0.13614    0.17858    0.18297    0.18774    0.19351    0.20234    0.20945    0.21747
   0.22132    0.22715    0.26165    0.27383    0.27756    0.27915    0.29140    0.29517
   0.30419    0.30861    0.31423    0.32300    0.32344    0.32927    0.34261    0.34355
   0.35673    0.37951    0.38087    0.41037    0.41145    0.41805    0.42259    0.42623
   0.43220    0.43335    0.45041    0.45769    0.45919    0.47084    0.48044    0.49097
   0.49213    0.49546    0.50678    0.51138    0.51527    0.53489    0.53552    0.54286
   0.54532    0.55215    0.55920    0.56971    0.57786    0.58473    0.58809    0.59571
   0.60196    0.61167    0.61530    0.62074    0.62500    0.62824    0.64318    0.64707
   0.65221    0.65732    0.66100    0.67206    0.67286    0.68387    0.68737    0.68977
   0.69964    0.70324    0.70822    0.71146    0.71939    0.72839    0.73203    0.73771
   0.73877    0.74493    0.74620    0.74861    0.75646    0.76134    0.76679    0.77136
   0.78557    0.78657    0.78900    0.78995    0.79083    0.79831    0.80282    0.80995
   0.81555    0.81974    0.83370    0.83534    0.84043    0.84101    0.84664    0.84914
   0.85378    0.85681    0.86012    0.86130    0.86231    0.86436    0.86660    0.87045
   0.87856    0.88198    0.88344    0.89650
 kpt#  15, nband=220, wtk=  0.03125, kpt= -0.1875  0.1875  0.5000 (reduced coord)
  -1.66961   -1.66832   -1.66806   -1.66650   -1.66627   -1.66569   -1.66459   -1.66396
  -1.66329   -1.66307   -1.66275   -1.66181   -1.66135   -1.66095   -1.66079   -1.66065
  -1.66006   -1.65997   -1.65983   -1.65886   -1.65724   -1.65710   -1.65482   -1.65478
  -1.65278   -1.64187   -1.64086   -1.64034   -1.63941   -1.63794   -1.63787   -1.63707
  -1.63666   -1.63594   -1.63488   -0.66283   -0.66271   -0.66121   -0.66095   -0.66093
  -0.66088   -0.66055   -0.66051   -0.66046   -0.66039   -0.65834   -0.65708   -0.65687
  -0.65641   -0.65639   -0.65612   -0.65574   -0.65497   -0.65496   -0.65467   -0.65455
  -0.65413   -0.65403   -0.65396   -0.65389   -0.65369   -0.65354   -0.65291   -0.65278
  -0.65274   -0.65273   -0.65256   -0.65254   -0.65252   -0.65242   -0.40421   -0.39708
  -0.38585   -0.37266   -0.35929   -0.34547   -0.34416   -0.15505   -0.15366   -0.13816
  -0.13506   -0.11915   -0.10265   -0.08494   -0.06669   -0.05501   -0.04472   -0.02904
  -0.02458   -0.01132    0.00818    0.01842    0.02032    0.02360    0.03027    0.04796
   0.05291    0.06173    0.07494    0.09075    0.10893    0.11801    0.11830    0.13268
   0.14684    0.18183    0.18226    0.19708    0.19730    0.20563    0.20798    0.22487
   0.22652    0.23717    0.26029    0.28327    0.28337    0.28461    0.29081    0.29235
   0.29462    0.29827    0.30449    0.31322    0.32582    0.33844    0.34028    0.35556
   0.36266    0.36934    0.38084    0.38170    0.39341    0.39487    0.39779    0.40737
   0.43163    0.43369    0.44451    0.45359    0.46460    0.47002    0.47769    0.47808
   0.48186    0.48384    0.49610    0.49944    0.50810    0.51112    0.52665    0.52900
   0.53681    0.54106    0.54291    0.55519    0.55860    0.56018    0.57121    0.57636
   0.58974    0.59894    0.60368    0.61169    0.62390    0.63230    0.63245    0.63343
   0.63768    0.64559    0.65545    0.65759    0.66245    0.67092    0.68125    0.68392
   0.69045    0.69736    0.70520    0.70730    0.71060    0.72193    0.72388    0.72766
   0.73202    0.73367    0.74463    0.74716    0.74759    0.75237    0.76836    0.77175
   0.78614    0.79345    0.79640    0.79908    0.80053    0.80077    0.80195    0.80549
   0.81463    0.81736    0.81938    0.82282    0.82629    0.83382    0.83570    0.84455
   0.84672    0.85218    0.85663    0.86278    0.87380    0.87982    0.87991    0.88407
   0.88749    0.88810    0.89311    0.89510
 kpt#  16, nband=220, wtk=  0.03125, kpt= -0.0625  0.1875  0.5000 (reduced coord)
  -1.66781   -1.66750   -1.66707   -1.66676   -1.66654   -1.66546   -1.66520   -1.66491
  -1.66423   -1.66363   -1.66328   -1.66300   -1.66278   -1.66194   -1.66190   -1.66096
  -1.66075   -1.66063   -1.65983   -1.65948   -1.65935   -1.65792   -1.65703   -1.65626
  -1.65432   -1.64202   -1.64117   -1.64086   -1.64001   -1.63852   -1.63838   -1.63808
  -1.63709   -1.63682   -1.63681   -0.66296   -0.66279   -0.66135   -0.66125   -0.66121
  -0.66112   -0.66058   -0.66047   -0.66043   -0.66033   -0.65838   -0.65728   -0.65720
  -0.65642   -0.65636   -0.65618   -0.65580   -0.65532   -0.65519   -0.65492   -0.65484
  -0.65418   -0.65406   -0.65392   -0.65387   -0.65357   -0.65348   -0.65299   -0.65291
  -0.65290   -0.65286   -0.65276   -0.65268   -0.65264   -0.65257   -0.41051   -0.40286
  -0.39072   -0.37620   -0.36093   -0.34707   -0.34523   -0.15004   -0.14875   -0.13317
  -0.13028   -0.11272   -0.09430   -0.07423   -0.07163   -0.03529   -0.02433   -0.01903
  -0.00344    0.00634    0.01383    0.02583    0.02854    0.02967    0.03405    0.04483
   0.04616    0.04989    0.05147    0.05698    0.09054    0.09673    0.10400    0.11255
   0.13266    0.19683    0.20757    0.22174    0.22694    0.23340    0.24232    0.25252
   0.25703    0.26645    0.26748    0.26933    0.26968    0.27792    0.28129    0.28419
   0.29112    0.29123    0.29780    0.30513    0.32329    0.33097    0.34271    0.34958
   0.35060    0.35240    0.35532    0.36237    0.36818    0.38281    0.38685    0.39040
   0.39841    0.41294    0.42337    0.42893    0.45504    0.46527    0.47101    0.48341
   0.50459    0.50646    0.51832    0.52138    0.52483    0.52977    0.53309    0.53435
   0.54569    0.55002    0.55310    0.56181    0.56292    0.57113    0.58075    0.58266
   0.58470    0.58627    0.58820    0.59177    0.59831    0.60901    0.60991    0.61478
   0.62205    0.63298    0.63382    0.63798    0.64231    0.64743    0.65234    0.65802
   0.66594    0.68106    0.68261    0.69219    0.69350    0.69882    0.70270    0.71067
   0.71867    0.72139    0.72753    0.72876    0.74194    0.75564    0.76449    0.76836
   0.76963    0.77999    0.78190    0.78847    0.79960    0.80088    0.80551    0.81538
   0.81679    0.81712    0.82218    0.83153    0.83277    0.83615    0.84594    0.85377
   0.85481    0.85982    0.86138    0.86253    0.86746    0.87116    0.87422    0.87485
   0.88424    0.89179    0.90192    0.90267
 kpt#  17, nband=220, wtk=  0.03125, kpt=  0.0625  0.3125  0.5000 (reduced coord)
  -1.66809   -1.66783   -1.66740   -1.66672   -1.66588   -1.66443   -1.66427   -1.66396
  -1.66269   -1.66185   -1.66144   -1.66117   -1.66089   -1.66077   -1.65991   -1.65949
  -1.65903   -1.65815   -1.65801   -1.65750   -1.65683   -1.65643   -1.65616   -1.65296
  -1.65246   -1.64100   -1.63951   -1.63868   -1.63805   -1.63769   -1.63723   -1.63644
  -1.63604   -1.63569   -1.63457   -0.66246   -0.66225   -0.66113   -0.66100   -0.66074
  -0.66072   -0.66056   -0.66048   -0.66033   -0.66029   -0.65805   -0.65702   -0.65666
  -0.65653   -0.65625   -0.65567   -0.65529   -0.65507   -0.65474   -0.65449   -0.65424
  -0.65414   -0.65404   -0.65381   -0.65362   -0.65357   -0.65344   -0.65296   -0.65286
  -0.65267   -0.65266   -0.65251   -0.65246   -0.65228   -0.65211   -0.39855   -0.39220
  -0.38238   -0.37140   -0.36122   -0.34646   -0.34536   -0.17065   -0.16936   -0.15394
  -0.15246   -0.13810   -0.12266   -0.10761   -0.06345   -0.02642   -0.00699   -0.00431
   0.00566    0.01155    0.01957    0.02856    0.03461    0.04597    0.04938    0.05391
   0.05682    0.05908    0.06667    0.08665    0.11307    0.12135    0.12469    0.13627
   0.13789    0.17320    0.18334    0.18588    0.18875    0.20363    0.20503    0.21352
   0.22442    0.23068    0.23412    0.23579    0.24075    0.24957    0.26144    0.26487
   0.27891    0.28740    0.28794    0.30140    0.31876    0.33394    0.35451    0.35817
   0.36936    0.37101    0.37713    0.38209    0.38997    0.39270    0.40566    0.41707
   0.41779    0.44021    0.44329    0.45798    0.46006    0.47237    0.47405    0.48080
   0.48317    0.49324    0.50838    0.51496    0.53328    0.53791    0.53853    0.55409
   0.56029    0.57097    0.57129    0.58844    0.59211    0.59306    0.59643    0.60294
   0.60710    0.60910    0.61307    0.62288    0.62841    0.64117    0.64625    0.64699
   0.65175    0.65841    0.65944    0.66170    0.66664    0.67085    0.67279    0.67532
   0.67653    0.69531    0.69789    0.70092    0.71035    0.71282    0.71761    0.72154
   0.72358    0.72636    0.73118    0.73693    0.73823    0.74166    0.74240    0.75425
   0.76005    0.76100    0.76526    0.78520    0.78544    0.79118    0.79724    0.80107
   0.80564    0.80785    0.81422    0.81434    0.82709    0.82724    0.83799    0.85241
   0.85971    0.86106    0.86274    0.86595    0.87250    0.87658    0.87811    0.87945
   0.89831    0.90467    0.91185    0.91771
 kpt#  18, nband=220, wtk=  0.03125, kpt=  0.1875  0.3125  0.5000 (reduced coord)
  -1.66858   -1.66827   -1.66763   -1.66636   -1.66614   -1.66568   -1.66511   -1.66432
  -1.66378   -1.66340   -1.66324   -1.66216   -1.66140   -1.66111   -1.66061   -1.66026
  -1.66011   -1.65968   -1.65916   -1.65889   -1.65843   -1.65768   -1.65580   -1.65559
  -1.65446   -1.64179   -1.64073   -1.63885   -1.63873   -1.63841   -1.63803   -1.63750
  -1.63719   -1.63693   -1.63662   -0.66253   -0.66248   -0.66175   -0.66169   -0.66077
  -0.66072   -0.66053   -0.66047   -0.66044   -0.66023   -0.65815   -0.65769   -0.65660
  -0.65648   -0.65646   -0.65596   -0.65564   -0.65542   -0.65503   -0.65452   -0.65421
  -0.65413   -0.65411   -0.65393   -0.65385   -0.65364   -0.65354   -0.65328   -0.65307
  -0.65296   -0.65281   -0.65277   -0.65264   -0.65225   -0.65210   -0.39274   -0.38689
  -0.37792   -0.36814   -0.35946   -0.34375   -0.34267   -0.16620   -0.16450   -0.14863
  -0.14756   -0.13202   -0.12049   -0.10637   -0.05795   -0.05548   -0.04400   -0.03254
  -0.01404   -0.01169    0.00194    0.00543    0.02019    0.02411    0.03011    0.03163
   0.04850    0.05296    0.08254    0.10032    0.10418    0.11277    0.11361    0.13403
   0.13614    0.17858    0.18297    0.18774    0.19351    0.20234    0.20945    0.21747
   0.22132    0.22715    0.26165    0.27383    0.27756    0.27915    0.29140    0.29517
   0.30419    0.30861    0.31423    0.32300    0.32344    0.32927    0.34261    0.34355
   0.35673    0.37951    0.38087    0.41037    0.41145    0.41805    0.42259    0.42623
   0.43220    0.43335    0.45041    0.45769    0.45919    0.47084    0.48044    0.49097
   0.49213    0.49546    0.50678    0.51138    0.51527    0.53489    0.53552    0.54286
   0.54532    0.55215    0.55920    0.56971    0.57786    0.58473    0.58809    0.59571
   0.60196    0.61167    0.61530    0.62074    0.62500    0.62824    0.64318    0.64707
   0.65221    0.65732    0.66100    0.67206    0.67286    0.68387    0.68737    0.68977
   0.69964    0.70324    0.70822    0.71146    0.71939    0.72839    0.73203    0.73771
   0.73877    0.74493    0.74620    0.74861    0.75646    0.76134    0.76679    0.77136
   0.78557    0.78657    0.78900    0.78995    0.79083    0.79831    0.80282    0.80995
   0.81555    0.81974    0.83370    0.83534    0.84043    0.84101    0.84664    0.84914
   0.85378    0.85681    0.86012    0.86130    0.86231    0.86436    0.86660    0.87045
   0.87856    0.88198    0.88344    0.89650
 kpt#  19, nband=220, wtk=  0.03125, kpt=  0.3125  0.3125  0.5000 (reduced coord)
  -1.66977   -1.66870   -1.66759   -1.66678   -1.66669   -1.66554   -1.66527   -1.66483
  -1.66437   -1.66405   -1.66386   -1.66349   -1.66312   -1.66168   -1.66144   -1.66058
  -1.66025   -1.66019   -1.65955   -1.65870   -1.65818   -1.65808   -1.65677   -1.65618
  -1.65352   -1.64287   -1.64154   -1.63999   -1.63963   -1.63902   -1.63834   -1.63752
  -1.63747   -1.63682   -1.63596   -0.66259   -0.66234   -0.66228   -0.66211   -0.66093
  -0.66091   -0.66047   -0.66030   -0.66026   -0.66023   -0.65825   -0.65812   -0.65662
  -0.65658   -0.65639   -0.65638   -0.65603   -0.65549   -0.65504   -0.65440   -0.65420
  -0.65403   -0.65403   -0.65398   -0.65387   -0.65383   -0.65362   -0.65361   -0.65350
  -0.65306   -0.65297   -0.65272   -0.65262   -0.65225   -0.65191   -0.38252   -0.37786
  -0.37092   -0.36397   -0.35844   -0.33984   -0.33880   -0.16182   -0.15902   -0.14435
  -0.14132   -0.12235   -0.11989   -0.10815   -0.08266   -0.07208   -0.05592   -0.04332
  -0.03748   -0.01685   -0.01101   -0.00323   -0.00002    0.00075    0.00818    0.01394
   0.01790    0.02514    0.05108    0.06856    0.07597    0.08920    0.08961    0.11481
   0.12346    0.20319    0.20787    0.21808    0.22164    0.23505    0.24620    0.25513
   0.26164    0.27017    0.27080    0.28166    0.28522    0.29609    0.30010    0.31142
   0.31297    0.31363    0.32723    0.33324    0.33373    0.34230    0.35194    0.35538
   0.36669    0.37381    0.37757    0.39987    0.40496    0.41803    0.41810    0.45066
   0.46184    0.46245    0.46424    0.46984    0.47374    0.48642    0.48807    0.49923
   0.50752    0.50846    0.51192    0.51626    0.52245    0.53095    0.53564    0.54318
   0.55538    0.55943    0.56704    0.56836    0.57925    0.58531    0.59186    0.59695
   0.59852    0.60268    0.60443    0.61174    0.62689    0.63442    0.64833    0.65823
   0.67282    0.67340    0.68444    0.69137    0.69558    0.70372    0.70541    0.70851
   0.71397    0.71503    0.71545    0.71801    0.72151    0.72388    0.72395    0.72789
   0.72936    0.73207    0.73683    0.74042    0.74209    0.74330    0.74864    0.75470
   0.76055    0.78799    0.79261    0.79446    0.79460    0.79627    0.80199    0.81018
   0.81637    0.81818    0.81993    0.82087    0.83437    0.83696    0.84422    0.84870
   0.84991    0.85092    0.85427    0.85822    0.86232    0.87010    0.87084    0.87211
   0.87938    0.88146    0.88196    0.89558
 kpt#  20, nband=220, wtk=  0.03125, kpt=  0.4375  0.3125  0.5000 (reduced coord)
  -1.66865   -1.66790   -1.66762   -1.66704   -1.66676   -1.66630   -1.66496   -1.66471
  -1.66459   -1.66368   -1.66338   -1.66284   -1.66266   -1.66200   -1.66172   -1.66136
  -1.66086   -1.66038   -1.66006   -1.65989   -1.65929   -1.65905   -1.65720   -1.65591
  -1.65378   -1.64183   -1.64091   -1.64007   -1.63996   -1.63936   -1.63901   -1.63845
  -1.63779   -1.63685   -1.63653   -0.66250   -0.66243   -0.66239   -0.66220   -0.66096
  -0.66071   -0.66066   -0.66047   -0.66033   -0.66029   -0.65829   -0.65797   -0.65690
  -0.65653   -0.65651   -0.65630   -0.65607   -0.65551   -0.65500   -0.65440   -0.65425
  -0.65412   -0.65404   -0.65401   -0.65387   -0.65378   -0.65375   -0.65360   -0.65355
  -0.65308   -0.65299   -0.65291   -0.65270   -0.65218   -0.65198   -0.37087   -0.36848
  -0.36533   -0.36313   -0.36185   -0.33702   -0.33606   -0.16158   -0.15773   -0.14555
  -0.13974   -0.12273   -0.12223   -0.11353   -0.07309   -0.06788   -0.05303   -0.04178
  -0.03939   -0.03468   -0.02718   -0.02547   -0.01405   -0.01309   -0.00708    0.00060
   0.01204    0.01540    0.03354    0.04072    0.05127    0.05365    0.08386    0.10013
   0.12644    0.19912    0.22643    0.24588    0.26011    0.26201    0.26559    0.27080
   0.27507    0.28385    0.29141    0.29228    0.29697    0.30339    0.30729    0.31569
   0.31722    0.32997    0.33086    0.33468    0.34014    0.34848    0.35304    0.35981
   0.36301    0.37001    0.38184    0.39130    0.39552    0.40625    0.41253    0.41970
   0.45000    0.46432    0.46969    0.47906    0.50650    0.51336    0.51519    0.51988
   0.52112    0.53314    0.53642    0.54592    0.55374    0.55385    0.56562    0.56757
   0.56926    0.58989    0.59424    0.59550    0.59877    0.60181    0.60558    0.60653
   0.61027    0.61476    0.62096    0.62554    0.62694    0.63065    0.63759    0.63862
   0.63953    0.64753    0.65534    0.65921    0.66073    0.66447    0.67471    0.67820
   0.68331    0.68712    0.70535    0.71199    0.72264    0.72368    0.72879    0.73311
   0.73475    0.73575    0.74314    0.74419    0.74812    0.75162    0.75461    0.75638
   0.76685    0.76839    0.77439    0.77792    0.78398    0.79589    0.79618    0.80261
   0.80345    0.80686    0.81516    0.81553    0.82002    0.82147    0.82907    0.83474
   0.84629    0.84751    0.85378    0.86214    0.86731    0.86824    0.87194    0.87540
   0.87990    0.88495    0.88792    0.88897
 kpt#  21, nband=220, wtk=  0.03125, kpt= -0.4375  0.3125  0.5000 (reduced coord)
  -1.66865   -1.66790   -1.66762   -1.66704   -1.66676   -1.66630   -1.66496   -1.66471
  -1.66459   -1.66368   -1.66338   -1.66284   -1.66266   -1.66200   -1.66172   -1.66136
  -1.66086   -1.66038   -1.66006   -1.65989   -1.65929   -1.65905   -1.65720   -1.65591
  -1.65378   -1.64183   -1.64091   -1.64007   -1.63996   -1.63936   -1.63901   -1.63845
  -1.63779   -1.63685   -1.63653   -0.66250   -0.66243   -0.66239   -0.66220   -0.66096
  -0.66071   -0.66066   -0.66047   -0.66033   -0.66029   -0.65829   -0.65797   -0.65690
  -0.65653   -0.65651   -0.65630   -0.65607   -0.65551   -0.65500   -0.65440   -0.65425
  -0.65412   -0.65404   -0.65401   -0.65387   -0.65378   -0.65375   -0.65360   -0.65355
  -0.65308   -0.65299   -0.65291   -0.65270   -0.65218   -0.65198   -0.37087   -0.36848
  -0.36533   -0.36313   -0.36185   -0.33702   -0.33606   -0.16158   -0.15773   -0.14555
  -0.13974   -0.12273   -0.12223   -0.11353   -0.07309   -0.06788   -0.05303   -0.04178
  -0.03939   -0.03468   -0.02718   -0.02547   -0.01405   -0.01309   -0.00708    0.00060
   0.01204    0.01540    0.03354    0.04072    0.05127    0.05365    0.08386    0.10013
   0.12644    0.19912    0.22643    0.24588    0.26011    0.26201    0.26559    0.27080
   0.27507    0.28385    0.29141    0.29228    0.29697    0.30339    0.30729    0.31569
   0.31722    0.32997    0.33086    0.33468    0.34014    0.34848    0.35304    0.35981
   0.36301    0.37001    0.38184    0.39130    0.39552    0.40625    0.41253    0.41970
   0.45000    0.46432    0.46969    0.47906    0.50650    0.51336    0.51519    0.51988
   0.52112    0.53314    0.53642    0.54592    0.55374    0.55385    0.56562    0.56757
   0.56926    0.58989    0.59424    0.59550    0.59877    0.60181    0.60558    0.60653
   0.61027    0.61476    0.62096    0.62554    0.62694    0.63065    0.63759    0.63862
   0.63953    0.64753    0.65534    0.65921    0.66073    0.66447    0.67471    0.67820
   0.68331    0.68712    0.70535    0.71199    0.72264    0.72368    0.72879    0.73311
   0.73475    0.73575    0.74314    0.74419    0.74812    0.75162    0.75461    0.75638
   0.76685    0.76839    0.77439    0.77792    0.78398    0.79589    0.79618    0.80261
   0.80345    0.80686    0.81516    0.81553    0.82002    0.82147    0.82907    0.83474
   0.84629    0.84751    0.85378    0.86214    0.86731    0.86824    0.87194    0.87540
   0.87990    0.88495    0.88792    0.88897
 kpt#  22, nband=220, wtk=  0.03125, kpt= -0.3125  0.3125  0.5000 (reduced coord)
  -1.66977   -1.66870   -1.66759   -1.66678   -1.66669   -1.66554   -1.66527   -1.66483
  -1.66437   -1.66405   -1.66386   -1.66349   -1.66312   -1.66168   -1.66144   -1.66058
  -1.66025   -1.66019   -1.65955   -1.65870   -1.65818   -1.65808   -1.65677   -1.65618
  -1.65352   -1.64287   -1.64154   -1.63999   -1.63963   -1.63902   -1.63834   -1.63752
  -1.63747   -1.63682   -1.63596   -0.66259   -0.66234   -0.66228   -0.66211   -0.66093
  -0.66091   -0.66047   -0.66030   -0.66026   -0.66023   -0.65825   -0.65812   -0.65662
  -0.65658   -0.65639   -0.65638   -0.65603   -0.65549   -0.65504   -0.65440   -0.65420
  -0.65403   -0.65403   -0.65398   -0.65387   -0.65383   -0.65362   -0.65361   -0.65350
  -0.65306   -0.65297   -0.65272   -0.65262   -0.65225   -0.65191   -0.38252   -0.37786
  -0.37092   -0.36397   -0.35844   -0.33984   -0.33880   -0.16182   -0.15902   -0.14435
  -0.14132   -0.12235   -0.11989   -0.10815   -0.08266   -0.07208   -0.05592   -0.04332
  -0.03748   -0.01685   -0.01101   -0.00323   -0.00002    0.00075    0.00818    0.01394
   0.01790    0.02514    0.05108    0.06856    0.07597    0.08920    0.08961    0.11481
   0.12346    0.20319    0.20787    0.21808    0.22164    0.23505    0.24620    0.25513
   0.26164    0.27017    0.27080    0.28166    0.28522    0.29609    0.30010    0.31142
   0.31297    0.31363    0.32723    0.33324    0.33373    0.34230    0.35194    0.35538
   0.36669    0.37381    0.37757    0.39987    0.40496    0.41803    0.41810    0.45066
   0.46184    0.46245    0.46424    0.46984    0.47374    0.48642    0.48807    0.49923
   0.50752    0.50846    0.51192    0.51626    0.52245    0.53095    0.53564    0.54318
   0.55538    0.55943    0.56704    0.56836    0.57925    0.58531    0.59186    0.59695
   0.59852    0.60268    0.60443    0.61174    0.62689    0.63442    0.64833    0.65823
   0.67282    0.67340    0.68444    0.69137    0.69558    0.70372    0.70541    0.70851
   0.71397    0.71503    0.71545    0.71801    0.72151    0.72388    0.72395    0.72789
   0.72936    0.73207    0.73683    0.74042    0.74209    0.74330    0.74864    0.75470
   0.76055    0.78799    0.79261    0.79446    0.79460    0.79627    0.80199    0.81018
   0.81637    0.81818    0.81993    0.82087    0.83437    0.83696    0.84422    0.84870
   0.84991    0.85092    0.85427    0.85822    0.86232    0.87010    0.87084    0.87211
   0.87938    0.88146    0.88196    0.89558
 kpt#  23, nband=220, wtk=  0.03125, kpt= -0.1875  0.3125  0.5000 (reduced coord)
  -1.66858   -1.66827   -1.66763   -1.66636   -1.66614   -1.66568   -1.66511   -1.66432
  -1.66378   -1.66340   -1.66324   -1.66216   -1.66140   -1.66111   -1.66061   -1.66026
  -1.66011   -1.65968   -1.65916   -1.65889   -1.65843   -1.65768   -1.65580   -1.65559
  -1.65446   -1.64179   -1.64073   -1.63885   -1.63873   -1.63841   -1.63803   -1.63750
  -1.63719   -1.63693   -1.63662   -0.66253   -0.66248   -0.66175   -0.66169   -0.66077
  -0.66072   -0.66053   -0.66047   -0.66044   -0.66023   -0.65815   -0.65769   -0.65660
  -0.65648   -0.65646   -0.65596   -0.65564   -0.65542   -0.65503   -0.65452   -0.65421
  -0.65413   -0.65411   -0.65393   -0.65385   -0.65364   -0.65354   -0.65328   -0.65307
  -0.65296   -0.65281   -0.65277   -0.65264   -0.65225   -0.65210   -0.39274   -0.38689
  -0.37792   -0.36814   -0.35946   -0.34375   -0.34267   -0.16620   -0.16450   -0.14863
  -0.14756   -0.13202   -0.12049   -0.10637   -0.05795   -0.05548   -0.04400   -0.03254
  -0.01404   -0.01169    0.00194    0.00543    0.02019    0.02411    0.03011    0.03163
   0.04850    0.05296    0.08254    0.10032    0.10418    0.11277    0.11361    0.13403
   0.13614    0.17858    0.18297    0.18774    0.19351    0.20234    0.20945    0.21747
   0.22132    0.22715    0.26165    0.27383    0.27756    0.27915    0.29140    0.29517
   0.30419    0.30861    0.31423    0.32300    0.32344    0.32927    0.34261    0.34355
   0.35673    0.37951    0.38087    0.41037    0.41145    0.41805    0.42259    0.42623
   0.43220    0.43335    0.45041    0.45769    0.45919    0.47084    0.48044    0.49097
   0.49213    0.49546    0.50678    0.51138    0.51527    0.53489    0.53552    0.54286
   0.54532    0.55215    0.55920    0.56971    0.57786    0.58473    0.58809    0.59571
   0.60196    0.61167    0.61530    0.62074    0.62500    0.62824    0.64318    0.64707
   0.65221    0.65732    0.66100    0.67206    0.67286    0.68387    0.68737    0.68977
   0.69964    0.70324    0.70822    0.71146    0.71939    0.72839    0.73203    0.73771
   0.73877    0.74493    0.74620    0.74861    0.75646    0.76134    0.76679    0.77136
   0.78557    0.78657    0.78900    0.78995    0.79083    0.79831    0.80282    0.80995
   0.81555    0.81974    0.83370    0.83534    0.84043    0.84101    0.84664    0.84914
   0.85378    0.85681    0.86012    0.86130    0.86231    0.86436    0.86660    0.87045
   0.87856    0.88198    0.88344    0.89650
 kpt#  24, nband=220, wtk=  0.03125, kpt= -0.0625  0.3125  0.5000 (reduced coord)
  -1.66809   -1.66783   -1.66740   -1.66672   -1.66588   -1.66443   -1.66427   -1.66396
  -1.66269   -1.66185   -1.66144   -1.66117   -1.66089   -1.66077   -1.65991   -1.65949
  -1.65903   -1.65815   -1.65801   -1.65750   -1.65683   -1.65643   -1.65616   -1.65296
  -1.65246   -1.64100   -1.63951   -1.63868   -1.63805   -1.63769   -1.63723   -1.63644
  -1.63604   -1.63569   -1.63457   -0.66246   -0.66225   -0.66113   -0.66100   -0.66074
  -0.66072   -0.66056   -0.66048   -0.66033   -0.66029   -0.65805   -0.65702   -0.65666
  -0.65653   -0.65625   -0.65567   -0.65529   -0.65507   -0.65474   -0.65449   -0.65424
  -0.65414   -0.65404   -0.65381   -0.65362   -0.65357   -0.65344   -0.65296   -0.65286
  -0.65267   -0.65266   -0.65251   -0.65246   -0.65228   -0.65211   -0.39855   -0.39220
  -0.38238   -0.37140   -0.36122   -0.34646   -0.34536   -0.17065   -0.16936   -0.15394
  -0.15246   -0.13810   -0.12266   -0.10761   -0.06345   -0.02642   -0.00699   -0.00431
   0.00566    0.01155    0.01957    0.02856    0.03461    0.04597    0.04938    0.05391
   0.05682    0.05908    0.06667    0.08665    0.11307    0.12135    0.12469    0.13627
   0.13789    0.17320    0.18334    0.18588    0.18875    0.20363    0.20503    0.21352
   0.22442    0.23068    0.23412    0.23579    0.24075    0.24957    0.26144    0.26487
   0.27891    0.28740    0.28794    0.30140    0.31876    0.33394    0.35451    0.35817
   0.36936    0.37101    0.37713    0.38209    0.38997    0.39270    0.40566    0.41707
   0.41779    0.44021    0.44329    0.45798    0.46006    0.47237    0.47405    0.48080
   0.48317    0.49324    0.50838    0.51496    0.53328    0.53791    0.53853    0.55409
   0.56029    0.57097    0.57129    0.58844    0.59211    0.59306    0.59643    0.60294
   0.60710    0.60910    0.61307    0.62288    0.62841    0.64117    0.64625    0.64699
   0.65175    0.65841    0.65944    0.66170    0.66664    0.67085    0.67279    0.67532
   0.67653    0.69531    0.69789    0.70092    0.71035    0.71282    0.71761    0.72154
   0.72358    0.72636    0.73118    0.73693    0.73823    0.74166    0.74240    0.75425
   0.76005    0.76100    0.76526    0.78520    0.78544    0.79118    0.79724    0.80107
   0.80564    0.80785    0.81422    0.81434    0.82709    0.82724    0.83799    0.85241
   0.85971    0.86106    0.86274    0.86595    0.87250    0.87658    0.87811    0.87945
   0.89831    0.90467    0.91185    0.91771
 kpt#  25, nband=220, wtk=  0.03125, kpt=  0.0625  0.4375  0.5000 (reduced coord)
  -1.66799   -1.66766   -1.66684   -1.66658   -1.66600   -1.66542   -1.66464   -1.66424
  -1.66327   -1.66296   -1.66256   -1.66249   -1.66208   -1.66186   -1.66122   -1.66108
  -1.66019   -1.66004   -1.65970   -1.65906   -1.65894   -1.65773   -1.65755   -1.65361
  -1.65333   -1.64200   -1.64028   -1.63906   -1.63883   -1.63853   -1.63779   -1.63756
  -1.63745   -1.63688   -1.63605   -0.66233   -0.66223   -0.66152   -0.66122   -0.66095
  -0.66090   -0.66081   -0.66056   -0.66028   -0.66023   -0.65811   -0.65735   -0.65687
  -0.65668   -0.65625   -0.65549   -0.65539   -0.65513   -0.65501   -0.65481   -0.65448
  -0.65429   -0.65412   -0.65390   -0.65384   -0.65370   -0.65336   -0.65311   -0.65298
  -0.65290   -0.65273   -0.65264   -0.65262   -0.65247   -0.65244   -0.38340   -0.37986
  -0.37508   -0.37136   -0.36915   -0.34651   -0.34552   -0.18450   -0.18134   -0.16799
  -0.16416   -0.14804   -0.14496   -0.13369   -0.04378   -0.01918   -0.00748    0.01584
   0.01819    0.01874    0.03231    0.03681    0.04059    0.04173    0.04683    0.05310
   0.06203    0.06433    0.10074    0.11758    0.12431    0.12882    0.13344    0.13828
   0.15343    0.15660    0.15825    0.17100    0.17396    0.18009    0.18696    0.19222
   0.19692    0.20249    0.21459    0.21699    0.22340    0.22782    0.22915    0.24315
   0.25369    0.25836    0.28318    0.31008    0.31578    0.33631    0.33869    0.36950
   0.37502    0.39888    0.40975    0.41680    0.43000    0.43454    0.43847    0.44034
   0.44701    0.44816    0.46340    0.46885    0.47292    0.48718    0.48975    0.49595
   0.51052    0.51354    0.51434    0.52343    0.53381    0.53557    0.53844    0.54225
   0.55528    0.55597    0.55971    0.56085    0.56510    0.58008    0.58776    0.58965
   0.59888    0.60448    0.61401    0.62076    0.62335    0.63337    0.63682    0.63875
   0.64377    0.64951    0.66015    0.67332    0.67630    0.67867    0.69530    0.70145
   0.70377    0.70425    0.70712    0.71627    0.72366    0.72491    0.73788    0.73844
   0.74624    0.75141    0.75235    0.75313    0.75540    0.75908    0.77897    0.77979
   0.78494    0.78677    0.80041    0.80200    0.80502    0.80675    0.80888    0.81789
   0.82020    0.82073    0.82909    0.83056    0.83245    0.83459    0.83993    0.84818
   0.85058    0.85928    0.86212    0.86253    0.86788    0.87550    0.88237    0.88366
   0.88769    0.88855    0.89137    0.89274
 kpt#  26, nband=220, wtk=  0.03125, kpt=  0.1875  0.4375  0.5000 (reduced coord)
  -1.66805   -1.66720   -1.66665   -1.66613   -1.66597   -1.66594   -1.66544   -1.66448
  -1.66440   -1.66426   -1.66372   -1.66281   -1.66227   -1.66216   -1.66180   -1.66159
  -1.66145   -1.66093   -1.66074   -1.66070   -1.66036   -1.65799   -1.65716   -1.65553
  -1.65529   -1.64214   -1.64096   -1.64074   -1.63960   -1.63950   -1.63922   -1.63900
  -1.63804   -1.63765   -1.63538   -0.66239   -0.66227   -0.66208   -0.66180   -0.66088
  -0.66083   -0.66075   -0.66072   -0.66055   -0.66024   -0.65807   -0.65781   -0.65677
  -0.65675   -0.65640   -0.65602   -0.65567   -0.65547   -0.65508   -0.65476   -0.65446
  -0.65426   -0.65409   -0.65393   -0.65389   -0.65382   -0.65352   -0.65336   -0.65318
  -0.65316   -0.65304   -0.65297   -0.65263   -0.65239   -0.65232   -0.37863   -0.37546
  -0.37119   -0.36796   -0.36603   -0.34272   -0.34174   -0.17631   -0.17294   -0.16000
  -0.15556   -0.13897   -0.13709   -0.12644   -0.04204   -0.03461   -0.02326   -0.01985
  -0.01643   -0.00365   -0.00104    0.00508    0.00928    0.01314    0.01506    0.02644
   0.04245    0.04458    0.07478    0.08481    0.08650    0.09690    0.10051    0.11117
   0.13154    0.18409    0.19881    0.20028    0.20206    0.21689    0.22138    0.22843
   0.23254    0.23553    0.24866    0.26731    0.27500    0.27853    0.28573    0.29098
   0.29600    0.29912    0.30268    0.31426    0.31841    0.31956    0.34059    0.34627
   0.37306    0.37930    0.38243    0.39824    0.40754    0.41388    0.42097    0.42300
   0.45853    0.46813    0.47337    0.47645    0.47944    0.49385    0.49566    0.51025
   0.51940    0.52526    0.53218    0.54195    0.54711    0.54931    0.55373    0.55689
   0.56410    0.56793    0.56862    0.57641    0.57796    0.58218    0.58909    0.59172
   0.59703    0.60261    0.60644    0.62138    0.62386    0.62762    0.63747    0.64323
   0.64898    0.65059    0.65555    0.65859    0.66734    0.67038    0.67348    0.68201
   0.69384    0.69871    0.70845    0.71539    0.71958    0.72419    0.73099    0.73242
   0.73684    0.74232    0.74407    0.75370    0.75629    0.76508    0.76615    0.77427
   0.78499    0.79136    0.79444    0.79538    0.80444    0.80723    0.80966    0.81091
   0.81723    0.82628    0.82763    0.83447    0.84325    0.84634    0.85414    0.85500
   0.86154    0.86335    0.86722    0.87063    0.87182    0.88124    0.88312    0.88967
   0.89187    0.89697    0.89967    0.90264
 kpt#  27, nband=220, wtk=  0.03125, kpt=  0.3125  0.4375  0.5000 (reduced coord)
  -1.66865   -1.66790   -1.66762   -1.66704   -1.66676   -1.66630   -1.66496   -1.66471
  -1.66459   -1.66368   -1.66338   -1.66284   -1.66266   -1.66200   -1.66172   -1.66136
  -1.66086   -1.66038   -1.66006   -1.65989   -1.65929   -1.65905   -1.65720   -1.65591
  -1.65378   -1.64183   -1.64091   -1.64007   -1.63996   -1.63936   -1.63901   -1.63845
  -1.63779   -1.63685   -1.63653   -0.66250   -0.66243   -0.66239   -0.66220   -0.66096
  -0.66071   -0.66066   -0.66047   -0.66033   -0.66029   -0.65829   -0.65797   -0.65690
  -0.65653   -0.65651   -0.65630   -0.65607   -0.65551   -0.65500   -0.65440   -0.65425
  -0.65412   -0.65404   -0.65401   -0.65387   -0.65378   -0.65375   -0.65360   -0.65355
  -0.65308   -0.65299   -0.65291   -0.65270   -0.65218   -0.65198   -0.37087   -0.36848
  -0.36533   -0.36313   -0.36185   -0.33702   -0.33606   -0.16158   -0.15773   -0.14555
  -0.13974   -0.12273   -0.12223   -0.11353   -0.07309   -0.06788   -0.05303   -0.04178
  -0.03939   -0.03468   -0.02718   -0.02547   -0.01405   -0.01309   -0.00708    0.00060
   0.01204    0.01540    0.03354    0.04072    0.05127    0.05365    0.08386    0.10013
   0.12644    0.19912    0.22643    0.24588    0.26011    0.26201    0.26559    0.27080
   0.27507    0.28385    0.29141    0.29228    0.29697    0.30339    0.30729    0.31569
   0.31722    0.32997    0.33086    0.33468    0.34014    0.34848    0.35304    0.35981
   0.36301    0.37001    0.38184    0.39130    0.39552    0.40625    0.41253    0.41970
   0.45000    0.46432    0.46969    0.47906    0.50650    0.51336    0.51519    0.51988
   0.52112    0.53314    0.53642    0.54592    0.55374    0.55385    0.56562    0.56757
   0.56926    0.58989    0.59424    0.59550    0.59877    0.60181    0.60558    0.60653
   0.61027    0.61476    0.62096    0.62554    0.62694    0.63065    0.63759    0.63862
   0.63953    0.64753    0.65534    0.65921    0.66073    0.66447    0.67471    0.67820
   0.68331    0.68712    0.70535    0.71199    0.72264    0.72368    0.72879    0.73311
   0.73475    0.73575    0.74314    0.74419    0.74812    0.75162    0.75461    0.75638
   0.76685    0.76839    0.77439    0.77792    0.78398    0.79589    0.79618    0.80261
   0.80345    0.80686    0.81516    0.81553    0.82002    0.82147    0.82907    0.83474
   0.84629    0.84751    0.85378    0.86214    0.86731    0.86824    0.87194    0.87540
   0.87990    0.88495    0.88792    0.88897
 kpt#  28, nband=220, wtk=  0.03125, kpt=  0.4375  0.4375  0.5000 (reduced coord)
  -1.66853   -1.66820   -1.66789   -1.66700   -1.66610   -1.66576   -1.66559   -1.66503
  -1.66470   -1.66435   -1.66407   -1.66336   -1.66291   -1.66287   -1.66249   -1.66216
  -1.66196   -1.66158   -1.66137   -1.66036   -1.66029   -1.65913   -1.65832   -1.65620
  -1.65591   -1.64215   -1.64155   -1.64114   -1.64081   -1.64051   -1.63995   -1.63956
  -1.63807   -1.63690   -1.63664   -0.66290   -0.66267   -0.66233   -0.66220   -0.66102
  -0.66096   -0.66057   -0.66057   -0.66039   -0.66032   -0.65869   -0.65794   -0.65694
  -0.65675   -0.65671   -0.65644   -0.65637   -0.65556   -0.65498   -0.65443   -0.65432
  -0.65428   -0.65420   -0.65408   -0.65404   -0.65392   -0.65387   -0.65384   -0.65363
  -0.65319   -0.65305   -0.65294   -0.65280   -0.65223   -0.65199   -0.36350   -0.36230
  -0.36091   -0.36031   -0.36007   -0.33271   -0.33176   -0.14676   -0.14233   -0.13041
  -0.12280   -0.10774   -0.10597   -0.09894   -0.09046   -0.08822   -0.07185   -0.07104
  -0.06715   -0.05623   -0.05312   -0.04176   -0.03202   -0.02169   -0.02003   -0.01457
  -0.00966   -0.00568    0.00507    0.00863    0.03339    0.04356    0.08641    0.09722
   0.12803    0.20839    0.24256    0.25379    0.25468    0.25899    0.27716    0.27813
   0.30124    0.30191    0.30622    0.31805    0.31851    0.32465    0.33566    0.33669
   0.34420    0.34893    0.35641    0.35774    0.36312    0.36413    0.37268    0.37384
   0.37951    0.38162    0.38529    0.38589    0.40678    0.41100    0.41321    0.43939
   0.44206    0.45866    0.46011    0.48152    0.49379    0.49667    0.50166    0.51119
   0.55120    0.55828    0.57181    0.57187    0.57881    0.58004    0.58243    0.58771
   0.58926    0.59044    0.59187    0.59290    0.59426    0.60633    0.60783    0.61174
   0.61252    0.62653    0.63329    0.63417    0.63963    0.64048    0.64310    0.64880
   0.64910    0.65315    0.65765    0.67521    0.68014    0.68123    0.68223    0.69018
   0.69046    0.69317    0.69368    0.69751    0.69937    0.70593    0.71113    0.71186
   0.71225    0.71375    0.71581    0.71665    0.72197    0.72789    0.73198    0.73306
   0.74607    0.75197    0.76706    0.77136    0.77511    0.77570    0.77601    0.77789
   0.78554    0.78694    0.79221    0.79832    0.80391    0.80861    0.80933    0.81150
   0.82022    0.82622    0.83232    0.83256    0.83907    0.83990    0.84134    0.85269
   0.85812    0.86594    0.87101    0.87213
 kpt#  29, nband=220, wtk=  0.03125, kpt= -0.4375  0.4375  0.5000 (reduced coord)
  -1.66853   -1.66820   -1.66789   -1.66700   -1.66610   -1.66576   -1.66559   -1.66503
  -1.66470   -1.66435   -1.66407   -1.66336   -1.66291   -1.66287   -1.66249   -1.66216
  -1.66196   -1.66158   -1.66137   -1.66036   -1.66029   -1.65913   -1.65832   -1.65620
  -1.65591   -1.64215   -1.64155   -1.64114   -1.64081   -1.64051   -1.63995   -1.63956
  -1.63807   -1.63690   -1.63664   -0.66290   -0.66267   -0.66233   -0.66220   -0.66102
  -0.66096   -0.66057   -0.66057   -0.66039   -0.66032   -0.65869   -0.65794   -0.65694
  -0.65675   -0.65671   -0.65644   -0.65637   -0.65556   -0.65498   -0.65443   -0.65432
  -0.65428   -0.65420   -0.65408   -0.65404   -0.65392   -0.65387   -0.65384   -0.65363
  -0.65319   -0.65305   -0.65294   -0.65280   -0.65223   -0.65199   -0.36350   -0.36230
  -0.36091   -0.36031   -0.36007   -0.33271   -0.33176   -0.14676   -0.14233   -0.13041
  -0.12280   -0.10774   -0.10597   -0.09894   -0.09046   -0.08822   -0.07185   -0.07104
  -0.06715   -0.05623   -0.05312   -0.04176   -0.03202   -0.02169   -0.02003   -0.01457
  -0.00966   -0.00568    0.00507    0.00863    0.03339    0.04356    0.08641    0.09722
   0.12803    0.20839    0.24256    0.25379    0.25468    0.25899    0.27716    0.27813
   0.30124    0.30191    0.30622    0.31805    0.31851    0.32465    0.33566    0.33669
   0.34420    0.34893    0.35641    0.35774    0.36312    0.36413    0.37268    0.37384
   0.37951    0.38162    0.38529    0.38589    0.40678    0.41100    0.41321    0.43939
   0.44206    0.45866    0.46011    0.48152    0.49379    0.49667    0.50166    0.51119
   0.55120    0.55828    0.57181    0.57187    0.57881    0.58004    0.58243    0.58771
   0.58926    0.59044    0.59187    0.59290    0.59426    0.60633    0.60783    0.61174
   0.61252    0.62653    0.63329    0.63417    0.63963    0.64048    0.64310    0.64880
   0.64910    0.65315    0.65765    0.67521    0.68014    0.68123    0.68223    0.69018
   0.69046    0.69317    0.69368    0.69751    0.69937    0.70593    0.71113    0.71186
   0.71225    0.71375    0.71581    0.71665    0.72197    0.72789    0.73198    0.73306
   0.74607    0.75197    0.76706    0.77136    0.77511    0.77570    0.77601    0.77789
   0.78554    0.78694    0.79221    0.79832    0.80391    0.80861    0.80933    0.81150
   0.82022    0.82622    0.83232    0.83256    0.83907    0.83990    0.84134    0.85269
   0.85812    0.86594    0.87101    0.87213
 kpt#  30, nband=220, wtk=  0.03125, kpt= -0.3125  0.4375  0.5000 (reduced coord)
  -1.66865   -1.66790   -1.66762   -1.66704   -1.66676   -1.66630   -1.66496   -1.66471
  -1.66459   -1.66368   -1.66338   -1.66284   -1.66266   -1.66200   -1.66172   -1.66136
  -1.66086   -1.66038   -1.66006   -1.65989   -1.65929   -1.65905   -1.65720   -1.65591
  -1.65378   -1.64183   -1.64091   -1.64007   -1.63996   -1.63936   -1.63901   -1.63845
  -1.63779   -1.63685   -1.63653   -0.66250   -0.66243   -0.66239   -0.66220   -0.66096
  -0.66071   -0.66066   -0.66047   -0.66033   -0.66029   -0.65829   -0.65797   -0.65690
  -0.65653   -0.65651   -0.65630   -0.65607   -0.65551   -0.65500   -0.65440   -0.65425
  -0.65412   -0.65404   -0.65401   -0.65387   -0.65378   -0.65375   -0.65360   -0.65355
  -0.65308   -0.65299   -0.65291   -0.65270   -0.65218   -0.65198   -0.37087   -0.36848
  -0.36533   -0.36313   -0.36185   -0.33702   -0.33606   -0.16158   -0.15773   -0.14555
  -0.13974   -0.12273   -0.12223   -0.11353   -0.07309   -0.06788   -0.05303   -0.04178
  -0.03939   -0.03468   -0.02718   -0.02547   -0.01405   -0.01309   -0.00708    0.00060
   0.01204    0.01540    0.03354    0.04072    0.05127    0.05365    0.08386    0.10013
   0.12644    0.19912    0.22643    0.24588    0.26011    0.26201    0.26559    0.27080
   0.27507    0.28385    0.29141    0.29228    0.29697    0.30339    0.30729    0.31569
   0.31722    0.32997    0.33086    0.33468    0.34014    0.34848    0.35304    0.35981
   0.36301    0.37001    0.38184    0.39130    0.39552    0.40625    0.41253    0.41970
   0.45000    0.46432    0.46969    0.47906    0.50650    0.51336    0.51519    0.51988
   0.52112    0.53314    0.53642    0.54592    0.55374    0.55385    0.56562    0.56757
   0.56926    0.58989    0.59424    0.59550    0.59877    0.60181    0.60558    0.60653
   0.61027    0.61476    0.62096    0.62554    0.62694    0.63065    0.63759    0.63862
   0.63953    0.64753    0.65534    0.65921    0.66073    0.66447    0.67471    0.67820
   0.68331    0.68712    0.70535    0.71199    0.72264    0.72368    0.72879    0.73311
   0.73475    0.73575    0.74314    0.74419    0.74812    0.75162    0.75461    0.75638
   0.76685    0.76839    0.77439    0.77792    0.78398    0.79589    0.79618    0.80261
   0.80345    0.80686    0.81516    0.81553    0.82002    0.82147    0.82907    0.83474
   0.84629    0.84751    0.85378    0.86214    0.86731    0.86824    0.87194    0.87540
   0.87990    0.88495    0.88792    0.88897
 kpt#  31, nband=220, wtk=  0.03125, kpt= -0.1875  0.4375  0.5000 (reduced coord)
  -1.66805   -1.66720   -1.66665   -1.66613   -1.66597   -1.66594   -1.66544   -1.66448
  -1.66440   -1.66426   -1.66372   -1.66281   -1.66227   -1.66216   -1.66180   -1.66159
  -1.66145   -1.66093   -1.66074   -1.66070   -1.66036   -1.65799   -1.65716   -1.65553
  -1.65529   -1.64214   -1.64096   -1.64074   -1.63960   -1.63950   -1.63922   -1.63900
  -1.63804   -1.63765   -1.63538   -0.66239   -0.66227   -0.66208   -0.66180   -0.66088
  -0.66083   -0.66075   -0.66072   -0.66055   -0.66024   -0.65807   -0.65781   -0.65677
  -0.65675   -0.65640   -0.65602   -0.65567   -0.65547   -0.65508   -0.65476   -0.65446
  -0.65426   -0.65409   -0.65393   -0.65389   -0.65382   -0.65352   -0.65336   -0.65318
  -0.65316   -0.65304   -0.65297   -0.65263   -0.65239   -0.65232   -0.37863   -0.37546
  -0.37119   -0.36796   -0.36603   -0.34272   -0.34174   -0.17631   -0.17294   -0.16000
  -0.15556   -0.13897   -0.13709   -0.12644   -0.04204   -0.03461   -0.02326   -0.01985
  -0.01643   -0.00365   -0.00104    0.00508    0.00928    0.01314    0.01506    0.02644
   0.04245    0.04458    0.07478    0.08481    0.08650    0.09690    0.10051    0.11117
   0.13154    0.18409    0.19881    0.20028    0.20206    0.21689    0.22138    0.22843
   0.23254    0.23553    0.24866    0.26731    0.27500    0.27853    0.28573    0.29098
   0.29600    0.29912    0.30268    0.31426    0.31841    0.31956    0.34059    0.34627
   0.37306    0.37930    0.38243    0.39824    0.40754    0.41388    0.42097    0.42300
   0.45853    0.46813    0.47337    0.47645    0.47944    0.49385    0.49566    0.51025
   0.51940    0.52526    0.53218    0.54195    0.54711    0.54931    0.55373    0.55689
   0.56410    0.56793    0.56862    0.57641    0.57796    0.58218    0.58909    0.59172
   0.59703    0.60261    0.60644    0.62138    0.62386    0.62762    0.63747    0.64323
   0.64898    0.65059    0.65555    0.65859    0.66734    0.67038    0.67348    0.68201
   0.69384    0.69871    0.70845    0.71539    0.71958    0.72419    0.73099    0.73242
   0.73684    0.74232    0.74407    0.75370    0.75629    0.76508    0.76615    0.77427
   0.78499    0.79136    0.79444    0.79538    0.80444    0.80723    0.80966    0.81091
   0.81723    0.82628    0.82763    0.83447    0.84325    0.84634    0.85414    0.85500
   0.86154    0.86335    0.86722    0.87063    0.87182    0.88124    0.88312    0.88967
   0.89187    0.89697    0.89967    0.90264
 kpt#  32, nband=220, wtk=  0.03125, kpt= -0.0625  0.4375  0.5000 (reduced coord)
  -1.66799   -1.66766   -1.66684   -1.66658   -1.66600   -1.66542   -1.66464   -1.66424
  -1.66327   -1.66296   -1.66256   -1.66249   -1.66208   -1.66186   -1.66122   -1.66108
  -1.66019   -1.66004   -1.65970   -1.65906   -1.65894   -1.65773   -1.65755   -1.65361
  -1.65333   -1.64200   -1.64028   -1.63906   -1.63883   -1.63853   -1.63779   -1.63756
  -1.63745   -1.63688   -1.63605   -0.66233   -0.66223   -0.66152   -0.66122   -0.66095
  -0.66090   -0.66081   -0.66056   -0.66028   -0.66023   -0.65811   -0.65735   -0.65687
  -0.65668   -0.65625   -0.65549   -0.65539   -0.65513   -0.65501   -0.65481   -0.65448
  -0.65429   -0.65412   -0.65390   -0.65384   -0.65370   -0.65336   -0.65311   -0.65298
  -0.65290   -0.65273   -0.65264   -0.65262   -0.65247   -0.65244   -0.38340   -0.37986
  -0.37508   -0.37136   -0.36915   -0.34651   -0.34552   -0.18450   -0.18134   -0.16799
  -0.16416   -0.14804   -0.14496   -0.13369   -0.04378   -0.01918   -0.00748    0.01584
   0.01819    0.01874    0.03231    0.03681    0.04059    0.04173    0.04683    0.05310
   0.06203    0.06433    0.10074    0.11758    0.12431    0.12882    0.13344    0.13828
   0.15343    0.15660    0.15825    0.17100    0.17396    0.18009    0.18696    0.19222
   0.19692    0.20249    0.21459    0.21699    0.22340    0.22782    0.22915    0.24315
   0.25369    0.25836    0.28318    0.31008    0.31578    0.33631    0.33869    0.36950
   0.37502    0.39888    0.40975    0.41680    0.43000    0.43454    0.43847    0.44034
   0.44701    0.44816    0.46340    0.46885    0.47292    0.48718    0.48975    0.49595
   0.51052    0.51354    0.51434    0.52343    0.53381    0.53557    0.53844    0.54225
   0.55528    0.55597    0.55971    0.56085    0.56510    0.58008    0.58776    0.58965
   0.59888    0.60448    0.61401    0.62076    0.62335    0.63337    0.63682    0.63875
   0.64377    0.64951    0.66015    0.67332    0.67630    0.67867    0.69530    0.70145
   0.70377    0.70425    0.70712    0.71627    0.72366    0.72491    0.73788    0.73844
   0.74624    0.75141    0.75235    0.75313    0.75540    0.75908    0.77897    0.77979
   0.78494    0.78677    0.80041    0.80200    0.80502    0.80675    0.80888    0.81789
   0.82020    0.82073    0.82909    0.83056    0.83245    0.83459    0.83993    0.84818
   0.85058    0.85928    0.86212    0.86253    0.86788    0.87550    0.88237    0.88366
   0.88769    0.88855    0.89137    0.89274
