 Fermi (or HOMO) energy (hartree) =   0.15951   Average Vxc (hartree)=  -0.32561
 Eigenvalues (hartree) for nkpt=  10  k points:
 kpt#   1, nband=122, wtk=  0.06250, kpt=  0.0625  0.0625  0.5000 (reduced coord)
  -1.66077   -1.65954   -1.65882   -1.65748   -1.65745   -1.65676   -1.65650   -1.65590
  -1.65513   -1.65497   -1.65397   -1.65352   -1.65342   -1.65340   -1.65277   -1.65272
  -1.65227   -1.65220   -1.65212   -1.65132   -1.65098   -1.65035   -1.64984   -1.64910
  -1.64893   -1.64833   -1.64798   -1.64483   -1.64255   -1.64247   -1.63102   -1.63012
  -1.62996   -1.62969   -1.62895   -1.62665   -1.62632   -1.62566   -1.62527   -1.62490
  -0.65296   -0.65271   -0.65130   -0.65107   -0.65103   -0.65103   -0.65056   -0.65029
  -0.65000   -0.65000   -0.64988   -0.64919   -0.64905   -0.64899   -0.64863   -0.64843
  -0.64789   -0.64781   -0.64733   -0.64711   -0.64507   -0.64484   -0.64401   -0.64393
  -0.64384   -0.64384   -0.64343   -0.64284   -0.64257   -0.64255   -0.64239   -0.64226
  -0.64216   -0.64213   -0.64200   -0.64185   -0.64161   -0.64158   -0.64151   -0.64124
  -0.40778   -0.40103   -0.39078   -0.37849   -0.36343   -0.34921   -0.33632   -0.33471
  -0.12540   -0.12483   -0.11246   -0.10691   -0.08854   -0.08329   -0.06265   -0.05358
  -0.03225   -0.02844   -0.02082   -0.01266   -0.00094   -0.00058    0.00340    0.01321
   0.01486    0.02442    0.02893    0.03244    0.04246    0.04396    0.04688    0.05514
   0.05559    0.05874    0.07144    0.07724    0.08199    0.09673    0.12767    0.13359
   0.21984    0.22083
 kpt#   2, nband=122, wtk=  0.12500, kpt=  0.1875  0.0625  0.5000 (reduced coord)
  -1.65943   -1.65846   -1.65811   -1.65680   -1.65642   -1.65601   -1.65551   -1.65530
  -1.65528   -1.65468   -1.65419   -1.65372   -1.65363   -1.65341   -1.65313   -1.65225
  -1.65202   -1.65182   -1.65163   -1.65142   -1.65089   -1.65066   -1.65016   -1.64999
  -1.64916   -1.64766   -1.64674   -1.64636   -1.64430   -1.64318   -1.63090   -1.63053
  -1.62965   -1.62908   -1.62740   -1.62714   -1.62678   -1.62630   -1.62580   -1.62555
  -0.65269   -0.65225   -0.65111   -0.65097   -0.65097   -0.65078   -0.65040   -0.65023
  -0.65023   -0.65010   -0.65007   -0.64902   -0.64897   -0.64883   -0.64882   -0.64835
  -0.64799   -0.64791   -0.64764   -0.64732   -0.64463   -0.64457   -0.64393   -0.64374
  -0.64373   -0.64362   -0.64343   -0.64291   -0.64258   -0.64250   -0.64239   -0.64232
  -0.64222   -0.64205   -0.64198   -0.64193   -0.64178   -0.64173   -0.64166   -0.64153
  -0.40129   -0.39494   -0.38539   -0.37407   -0.36050   -0.34825   -0.33533   -0.33457
  -0.14175   -0.14022   -0.12656   -0.12587   -0.11076   -0.10071   -0.07738   -0.06822
  -0.06119   -0.03298   -0.01665   -0.01244    0.00069    0.00623    0.01528    0.02886
   0.03261    0.03392    0.03929    0.04366    0.04791    0.05648    0.05770    0.06016
   0.06047    0.06070    0.09059    0.10640    0.11047    0.11193    0.13556    0.14069
   0.20479    0.22121
 kpt#   3, nband=122, wtk=  0.12500, kpt=  0.3125  0.0625  0.5000 (reduced coord)
  -1.65862   -1.65841   -1.65769   -1.65739   -1.65682   -1.65643   -1.65478   -1.65459
  -1.65413   -1.65330   -1.65290   -1.65258   -1.65230   -1.65178   -1.65177   -1.65075
  -1.65063   -1.65031   -1.64973   -1.64921   -1.64889   -1.64878   -1.64836   -1.64778
  -1.64761   -1.64700   -1.64640   -1.64554   -1.64288   -1.64251   -1.62975   -1.62961
  -1.62738   -1.62705   -1.62655   -1.62619   -1.62587   -1.62539   -1.62534   -1.62484
  -0.65244   -0.65191   -0.65090   -0.65077   -0.65065   -0.65046   -0.65032   -0.65011
  -0.65009   -0.64995   -0.64982   -0.64901   -0.64880   -0.64838   -0.64821   -0.64811
  -0.64786   -0.64781   -0.64774   -0.64741   -0.64435   -0.64430   -0.64365   -0.64360
  -0.64340   -0.64335   -0.64296   -0.64265   -0.64258   -0.64246   -0.64237   -0.64221
  -0.64196   -0.64193   -0.64179   -0.64173   -0.64167   -0.64159   -0.64135   -0.64134
  -0.38925   -0.38389   -0.37609   -0.36727   -0.35754   -0.35014   -0.33468   -0.33465
  -0.16268   -0.16007   -0.14902   -0.14592   -0.13283   -0.12736   -0.10837   -0.09674
  -0.05696   -0.02437    0.00110    0.00114    0.01266    0.01573    0.01957    0.03018
   0.04022    0.04078    0.05049    0.05680    0.06355    0.06496    0.06811    0.06873
   0.07492    0.09011    0.11613    0.12896    0.13391    0.13583    0.14213    0.15643
   0.18543    0.18760
 kpt#   4, nband=122, wtk=  0.12500, kpt=  0.4375  0.0625  0.5000 (reduced coord)
  -1.65858   -1.65833   -1.65743   -1.65711   -1.65661   -1.65660   -1.65494   -1.65462
  -1.65362   -1.65336   -1.65309   -1.65288   -1.65273   -1.65239   -1.65200   -1.65194
  -1.65164   -1.65134   -1.65116   -1.65026   -1.64977   -1.64935   -1.64897   -1.64842
  -1.64831   -1.64800   -1.64635   -1.64602   -1.64356   -1.64284   -1.63051   -1.62980
  -1.62809   -1.62737   -1.62714   -1.62680   -1.62650   -1.62639   -1.62528   -1.62504
  -0.65200   -0.65181   -0.65116   -0.65114   -0.65060   -0.65050   -0.65029   -0.65024
  -0.65010   -0.64993   -0.64957   -0.64932   -0.64892   -0.64866   -0.64836   -0.64831
  -0.64791   -0.64786   -0.64754   -0.64746   -0.64408   -0.64396   -0.64386   -0.64382
  -0.64340   -0.64330   -0.64319   -0.64302   -0.64253   -0.64243   -0.64239   -0.64227
  -0.64207   -0.64200   -0.64188   -0.64175   -0.64174   -0.64167   -0.64157   -0.64156
  -0.37391   -0.37065   -0.36663   -0.36301   -0.36022   -0.35921   -0.33479   -0.33479
  -0.17535   -0.17344   -0.16224   -0.15834   -0.14391   -0.14126   -0.13055   -0.12331
  -0.03702   -0.01231   -0.00553    0.01813    0.02306    0.02662    0.03779    0.03979
   0.04708    0.04762    0.05129    0.05193    0.06182    0.06230    0.07308    0.07581
   0.10929    0.12260    0.13313    0.13733    0.14097    0.14320    0.15408    0.15801
   0.16372    0.17097
 kpt#   5, nband=122, wtk=  0.06250, kpt=  0.1875  0.1875  0.5000 (reduced coord)
  -1.65949   -1.65912   -1.65833   -1.65814   -1.65730   -1.65659   -1.65546   -1.65472
  -1.65440   -1.65389   -1.65372   -1.65274   -1.65213   -1.65207   -1.65170   -1.65080
  -1.65013   -1.64997   -1.64971   -1.64971   -1.64942   -1.64893   -1.64870   -1.64859
  -1.64793   -1.64786   -1.64618   -1.64575   -1.64309   -1.64281   -1.63036   -1.63007
  -1.62834   -1.62812   -1.62731   -1.62659   -1.62640   -1.62557   -1.62447   -1.62365
  -0.65257   -0.65213   -0.65098   -0.65061   -0.65060   -0.65052   -0.65035   -0.65033
  -0.65030   -0.65009   -0.64981   -0.64909   -0.64877   -0.64844   -0.64841   -0.64826
  -0.64783   -0.64776   -0.64762   -0.64755   -0.64476   -0.64438   -0.64367   -0.64346
  -0.64342   -0.64325   -0.64323   -0.64297   -0.64257   -0.64250   -0.64249   -0.64220
  -0.64199   -0.64194   -0.64180   -0.64177   -0.64164   -0.64159   -0.64153   -0.64150
  -0.39496   -0.38901   -0.38015   -0.36979   -0.35768   -0.34731   -0.33375   -0.33345
  -0.14702   -0.14473   -0.13198   -0.13046   -0.11484   -0.10872   -0.08712   -0.07418
  -0.06053   -0.04602   -0.03756   -0.02495   -0.02398   -0.01033    0.00650    0.01639
   0.02310    0.02568    0.03605    0.04073    0.05076    0.05270    0.06955    0.07048
   0.08359    0.09553    0.11741    0.11800    0.12914    0.13108    0.14897    0.15951
   0.18857    0.19122
 kpt#   6, nband=122, wtk=  0.12500, kpt=  0.3125  0.1875  0.5000 (reduced coord)
  -1.65938   -1.65908   -1.65733   -1.65723   -1.65658   -1.65632   -1.65545   -1.65524
  -1.65469   -1.65434   -1.65414   -1.65382   -1.65332   -1.65297   -1.65192   -1.65146
  -1.65120   -1.65090   -1.65014   -1.64982   -1.64972   -1.64912   -1.64881   -1.64862
  -1.64855   -1.64745   -1.64685   -1.64590   -1.64549   -1.64504   -1.63002   -1.62991
  -1.62833   -1.62807   -1.62726   -1.62712   -1.62686   -1.62654   -1.62593   -1.62587
  -0.65226   -0.65199   -0.65148   -0.65144   -0.65062   -0.65030   -0.65023   -0.65022
  -0.65011   -0.65010   -0.64990   -0.64947   -0.64894   -0.64879   -0.64818   -0.64803
  -0.64790   -0.64789   -0.64778   -0.64764   -0.64448   -0.64448   -0.64393   -0.64383
  -0.64330   -0.64302   -0.64296   -0.64294   -0.64264   -0.64264   -0.64250   -0.64237
  -0.64229   -0.64216   -0.64204   -0.64199   -0.64185   -0.64178   -0.64131   -0.64127
  -0.38340   -0.37843   -0.37128   -0.36333   -0.35480   -0.34867   -0.33196   -0.33195
  -0.15820   -0.15514   -0.14486   -0.14022   -0.12535   -0.12434   -0.10620   -0.09565
  -0.05126   -0.04657   -0.03710   -0.02851   -0.01304   -0.01067    0.00404    0.00906
   0.01948    0.02811    0.03228    0.03265    0.03763    0.05073    0.05995    0.06360
   0.08975    0.10819    0.11401    0.11574    0.12292    0.13196    0.13672    0.15593
   0.18790    0.19276
 kpt#   7, nband=122, wtk=  0.12500, kpt=  0.4375  0.1875  0.5000 (reduced coord)
  -1.65872   -1.65854   -1.65758   -1.65727   -1.65610   -1.65605   -1.65577   -1.65559
  -1.65470   -1.65354   -1.65336   -1.65332   -1.65300   -1.65274   -1.65222   -1.65182
  -1.65114   -1.65112   -1.65089   -1.65089   -1.65062   -1.65033   -1.65023   -1.64938
  -1.64851   -1.64816   -1.64639   -1.64592   -1.64491   -1.64480   -1.63023   -1.62997
  -1.62945   -1.62875   -1.62747   -1.62743   -1.62636   -1.62602   -1.62601   -1.62590
  -0.65200   -0.65186   -0.65165   -0.65161   -0.65047   -0.65037   -0.65035   -0.65030
  -0.65014   -0.65013   -0.64964   -0.64964   -0.64905   -0.64880   -0.64825   -0.64820
  -0.64800   -0.64789   -0.64762   -0.64755   -0.64456   -0.64442   -0.64390   -0.64382
  -0.64323   -0.64316   -0.64315   -0.64297   -0.64262   -0.64256   -0.64246   -0.64240
  -0.64235   -0.64223   -0.64202   -0.64184   -0.64180   -0.64176   -0.64154   -0.64143
  -0.36911   -0.36614   -0.36254   -0.35935   -0.35693   -0.35611   -0.33102   -0.33101
  -0.16701   -0.16525   -0.15381   -0.15027   -0.13541   -0.13271   -0.12222   -0.11628
  -0.03492   -0.02602   -0.01639   -0.01325   -0.01097    0.00154    0.00481    0.00708
   0.01134    0.01951    0.02163    0.02368    0.03311    0.03540    0.05307    0.05693
   0.08333    0.09251    0.09710    0.10341    0.10676    0.11150    0.12853    0.14153
   0.19350    0.20895
 kpt#   8, nband=122, wtk=  0.06250, kpt=  0.3125  0.3125  0.5000 (reduced coord)
  -1.65937   -1.65795   -1.65787   -1.65679   -1.65664   -1.65605   -1.65594   -1.65495
  -1.65471   -1.65447   -1.65396   -1.65336   -1.65308   -1.65273   -1.65202   -1.65179
  -1.65105   -1.65022   -1.64996   -1.64981   -1.64976   -1.64895   -1.64855   -1.64831
  -1.64814   -1.64746   -1.64707   -1.64693   -1.64566   -1.64560   -1.63135   -1.63071
  -1.62783   -1.62783   -1.62728   -1.62698   -1.62634   -1.62621   -1.62587   -1.62565
  -0.65213   -0.65209   -0.65183   -0.65163   -0.65038   -0.65033   -0.65013   -0.65010
  -0.65003   -0.65003   -0.64993   -0.64992   -0.64906   -0.64895   -0.64801   -0.64792
  -0.64788   -0.64778   -0.64766   -0.64765   -0.64499   -0.64474   -0.64386   -0.64362
  -0.64316   -0.64297   -0.64294   -0.64283   -0.64273   -0.64270   -0.64258   -0.64250
  -0.64247   -0.64226   -0.64193   -0.64189   -0.64187   -0.64183   -0.64116   -0.64106
  -0.37310   -0.36903   -0.36343   -0.35755   -0.35173   -0.34812   -0.32808   -0.32808
  -0.15331   -0.15023   -0.14018   -0.13443   -0.12069   -0.11569   -0.10440   -0.09813
  -0.07369   -0.06499   -0.05200   -0.03683   -0.03680   -0.01919   -0.00351   -0.00142
  -0.00130    0.00748    0.01273    0.01870    0.01915    0.02515    0.02903    0.03545
   0.05607    0.07671    0.08296    0.09680    0.09721    0.11142    0.11778    0.14187
   0.20394    0.22832
 kpt#   9, nband=122, wtk=  0.12500, kpt=  0.4375  0.3125  0.5000 (reduced coord)
  -1.65828   -1.65782   -1.65775   -1.65711   -1.65701   -1.65522   -1.65491   -1.65463
  -1.65406   -1.65347   -1.65310   -1.65294   -1.65293   -1.65244   -1.65217   -1.65187
  -1.65095   -1.65075   -1.65069   -1.65024   -1.64991   -1.64955   -1.64931   -1.64923
  -1.64885   -1.64819   -1.64711   -1.64580   -1.64575   -1.64352   -1.62973   -1.62971
  -1.62864   -1.62847   -1.62705   -1.62703   -1.62694   -1.62609   -1.62591   -1.62505
  -0.65217   -0.65202   -0.65174   -0.65167   -0.65050   -0.65043   -0.65029   -0.65019
  -0.65014   -0.65006   -0.64984   -0.64977   -0.64867   -0.64867   -0.64803   -0.64799
  -0.64789   -0.64781   -0.64780   -0.64772   -0.64501   -0.64481   -0.64371   -0.64370
  -0.64298   -0.64287   -0.64275   -0.64270   -0.64268   -0.64262   -0.64253   -0.64246
  -0.64240   -0.64232   -0.64202   -0.64201   -0.64192   -0.64191   -0.64125   -0.64117
  -0.36129   -0.35892   -0.35622   -0.35397   -0.35234   -0.35195   -0.32533   -0.32533
  -0.15190   -0.15061   -0.13824   -0.13586   -0.11954   -0.11748   -0.10601   -0.10454
  -0.06384   -0.06025   -0.04850   -0.03564   -0.03250   -0.03050   -0.02070   -0.01848
  -0.01838   -0.00842   -0.00090    0.00087    0.00714    0.00814    0.02265    0.02732
   0.04261    0.04869    0.05755    0.06082    0.08066    0.09299    0.12345    0.13407
   0.21339    0.22624
 kpt#  10, nband=122, wtk=  0.06250, kpt=  0.4375  0.4375  0.5000 (reduced coord)
  -1.65903   -1.65848   -1.65842   -1.65820   -1.65724   -1.65703   -1.65613   -1.65610
  -1.65473   -1.65435   -1.65386   -1.65381   -1.65328   -1.65295   -1.65278   -1.65257
  -1.65227   -1.65223   -1.65207   -1.65178   -1.65084   -1.65056   -1.65013   -1.64966
  -1.64897   -1.64754   -1.64728   -1.64651   -1.64486   -1.64252   -1.63045   -1.62963
  -1.62941   -1.62929   -1.62791   -1.62718   -1.62697   -1.62688   -1.62676   -1.62544
  -0.65250   -0.65238   -0.65180   -0.65173   -0.65061   -0.65058   -0.65030   -0.65029
  -0.65023   -0.65006   -0.65004   -0.64999   -0.64896   -0.64892   -0.64805   -0.64802
  -0.64802   -0.64787   -0.64782   -0.64769   -0.64538   -0.64515   -0.64388   -0.64375
  -0.64298   -0.64298   -0.64293   -0.64291   -0.64282   -0.64280   -0.64272   -0.64271
  -0.64248   -0.64237   -0.64213   -0.64213   -0.64192   -0.64182   -0.64117   -0.64116
  -0.35382   -0.35238   -0.35107   -0.35058   -0.34994   -0.34986   -0.32104   -0.32104
  -0.13649   -0.13610   -0.12150   -0.12125   -0.10231   -0.10184   -0.09232   -0.08997
  -0.08118   -0.07938   -0.06802   -0.06232   -0.05908   -0.05255   -0.04969   -0.04043
  -0.03463   -0.02328   -0.01636   -0.01248   -0.00783   -0.00168   -0.00150    0.00488
   0.01453    0.01983    0.03682    0.04058    0.08243    0.08779    0.12791    0.13191
   0.22743    0.23218
