 Eigenvalues (hartree) for nkpt=  10  k points:
 kpt#   1, nband=150, wtk=  0.06250, kpt=  0.0625  0.0625  0.2500 (reduced coord)
  -1.71747   -1.71684   -1.71516   -1.71392   -1.71292   -1.71140   -1.70996   -1.70969
  -1.70754   -1.70746   -1.69263   -1.69225   -1.69177   -1.69067   -1.69037   -1.68911
  -1.68847   -1.68785   -1.68598   -1.68498   -0.70808   -0.70682   -0.70642   -0.70602
  -0.70558   -0.70544   -0.70509   -0.70484   -0.70477   -0.70435   -0.70432   -0.70424
  -0.70394   -0.70372   -0.70370   -0.70360   -0.70334   -0.70331   -0.70304   -0.70295
  -0.45969   -0.43625   -0.40487   -0.39337   -0.17576   -0.16409   -0.13372   -0.11113
  -0.08895   -0.07165   -0.05535   -0.04627   -0.03009   -0.01659   -0.01597   -0.00327
  -0.00106    0.01679    0.02774    0.07090    0.14533    0.19565    0.20070    0.22548
   0.22696    0.22828    0.24521    0.25079    0.25294    0.25300    0.26533    0.28371
   0.28989    0.29642    0.29983    0.31719    0.32059    0.32870    0.32993    0.34728
   0.39081    0.39309    0.40961    0.42307    0.43862    0.44880    0.46256    0.46661
   0.46835    0.48712    0.49648    0.49833    0.50412    0.51344    0.52247    0.52498
   0.53176    0.53913    0.54737    0.55549    0.57258    0.58208    0.59081    0.60134
   0.60510    0.61668    0.61970    0.62077    0.63031    0.64913    0.65910    0.66668
   0.68394    0.68790    0.69783    0.69818    0.70418    0.72147    0.72292    0.74126
   0.74628    0.76732    0.77488    0.77818    0.78317    0.79064    0.80752    0.82653
   0.82975    0.83339    0.84343    0.84644    0.85556    0.86564    0.87216    0.88307
   0.88345    0.90510    0.90548    0.90757    0.91160    0.92070    0.92331    0.92711
   0.94196    0.94430    0.95051    0.95310    0.96372    0.96777
 kpt#   2, nband=150, wtk=  0.12500, kpt=  0.1875  0.0625  0.2500 (reduced coord)
  -1.71664   -1.71579   -1.71465   -1.71312   -1.71248   -1.71153   -1.71108   -1.70921
  -1.70849   -1.70803   -1.69342   -1.69233   -1.69119   -1.69042   -1.68976   -1.68953
  -1.68825   -1.68776   -1.68708   -1.68663   -0.70747   -0.70645   -0.70593   -0.70577
  -0.70563   -0.70547   -0.70511   -0.70490   -0.70483   -0.70474   -0.70448   -0.70438
  -0.70395   -0.70374   -0.70357   -0.70356   -0.70349   -0.70340   -0.70336   -0.70323
  -0.45355   -0.43148   -0.40180   -0.39328   -0.19096   -0.18353   -0.15644   -0.12794
  -0.09962   -0.07014   -0.04488   -0.03723   -0.01675   -0.00721   -0.00311    0.00075
   0.00351    0.04597    0.04661    0.08064    0.13703    0.17709    0.17889    0.20276
   0.21133    0.21804    0.22462    0.22909    0.23985    0.24699    0.25134    0.25238
   0.29150    0.29759    0.30468    0.31612    0.32196    0.32552    0.34962    0.36161
   0.37827    0.40212    0.42008    0.42751    0.45154    0.46560    0.47234    0.48521
   0.49190    0.49613    0.50657    0.51043    0.52022    0.52885    0.53232    0.54049
   0.54862    0.55506    0.56066    0.57149    0.57351    0.58343    0.59264    0.60306
   0.61077    0.62331    0.63023    0.63815    0.64696    0.65438    0.66714    0.66847
   0.68759    0.70272    0.70811    0.71172    0.72315    0.72793    0.73240    0.74289
   0.76199    0.76374    0.76668    0.77404    0.78621    0.79085    0.80264    0.80280
   0.81675    0.81772    0.82431    0.83181    0.83562    0.84323    0.84985    0.87499
   0.87834    0.88129    0.88343    0.88728    0.90155    0.91192    0.91550    0.92308
   0.93706    0.93942    0.94962    0.96064    0.96629    0.96894
 kpt#   3, nband=150, wtk=  0.12500, kpt=  0.3125  0.0625  0.2500 (reduced coord)
  -1.71619   -1.71498   -1.71376   -1.71340   -1.71134   -1.70981   -1.70817   -1.70795
  -1.70745   -1.70494   -1.69128   -1.69078   -1.69012   -1.68834   -1.68774   -1.68744
  -1.68681   -1.68678   -1.68634   -1.68591   -0.70702   -0.70618   -0.70581   -0.70530
  -0.70522   -0.70505   -0.70500   -0.70479   -0.70458   -0.70456   -0.70445   -0.70422
  -0.70383   -0.70354   -0.70339   -0.70336   -0.70333   -0.70308   -0.70293   -0.70290
  -0.44242   -0.42417   -0.39777   -0.39468   -0.21142   -0.20510   -0.18288   -0.15983
  -0.09047   -0.05417   -0.03015   -0.02518   -0.01997    0.00041    0.00643    0.01162
   0.03333    0.06694    0.07235    0.09190    0.13262    0.13408    0.14466    0.16209
   0.17831    0.18680    0.18681    0.21681    0.21855    0.22740    0.23913    0.26565
   0.29538    0.29978    0.32352    0.33092    0.34164    0.35844    0.36788    0.37710
   0.39203    0.40921    0.41795    0.42583    0.43921    0.44999    0.47031    0.48215
   0.49546    0.51559    0.52205    0.52609    0.54156    0.54784    0.55366    0.55731
   0.57291    0.57867    0.59122    0.59493    0.60467    0.60846    0.61754    0.62227
   0.62617    0.63745    0.64153    0.65291    0.66067    0.66615    0.67338    0.67501
   0.68512    0.69345    0.69681    0.70481    0.71238    0.72641    0.72940    0.73738
   0.74722    0.75009    0.76076    0.76475    0.77860    0.78285    0.78765    0.79665
   0.81195    0.82373    0.83261    0.84087    0.84562    0.84754    0.86358    0.86709
   0.88573    0.88863    0.89254    0.89813    0.90274    0.91789    0.92037    0.92576
   0.92870    0.93006    0.94049    0.94684    0.95693    0.96868
 kpt#   4, nband=150, wtk=  0.12500, kpt=  0.4375  0.0625  0.2500 (reduced coord)
  -1.71518   -1.71440   -1.71365   -1.71284   -1.71183   -1.71138   -1.71108   -1.71023
  -1.70750   -1.70648   -1.69253   -1.69164   -1.69092   -1.68973   -1.68905   -1.68889
  -1.68835   -1.68733   -1.68711   -1.68609   -0.70650   -0.70621   -0.70582   -0.70565
  -0.70537   -0.70524   -0.70502   -0.70489   -0.70484   -0.70466   -0.70446   -0.70443
  -0.70384   -0.70370   -0.70366   -0.70345   -0.70338   -0.70334   -0.70327   -0.70318
  -0.42935   -0.42111   -0.39671   -0.39615   -0.22298   -0.21942   -0.19526   -0.18549
  -0.07118   -0.04727   -0.02974   -0.01168   -0.00408   -0.00187    0.01003    0.01631
   0.06466    0.07667    0.08456    0.09073    0.11641    0.12196    0.13264    0.14507
   0.15391    0.15620    0.17352    0.18331    0.18965    0.20410    0.24337    0.26950
   0.28871    0.31065    0.33289    0.34956    0.36280    0.38382    0.39528    0.40325
   0.40932    0.42308    0.43367    0.44447    0.45662    0.46143    0.46929    0.48788
   0.49646    0.50060    0.50749    0.51033    0.51969    0.53364    0.55116    0.55809
   0.56487    0.57265    0.58487    0.59062    0.59895    0.60233    0.61284    0.63611
   0.64475    0.64754    0.66342    0.66676    0.67219    0.67466    0.68377    0.69118
   0.70200    0.70769    0.72027    0.72910    0.73293    0.73954    0.74566    0.75422
   0.76424    0.76901    0.77505    0.77838    0.78548    0.78805    0.79550    0.80479
   0.80807    0.81757    0.82564    0.83634    0.83835    0.84725    0.85003    0.85907
   0.86972    0.87574    0.87688    0.89607    0.89882    0.90356    0.90661    0.91163
   0.91773    0.93734    0.94241    0.94578    0.95600    0.96548
 kpt#   5, nband=150, wtk=  0.06250, kpt=  0.1875  0.1875  0.2500 (reduced coord)
  -1.71552   -1.71534   -1.71418   -1.71195   -1.71061   -1.71035   -1.70955   -1.70909
  -1.70808   -1.70617   -1.69269   -1.69099   -1.69083   -1.69044   -1.68922   -1.68881
  -1.68738   -1.68690   -1.68576   -1.68485   -0.70719   -0.70631   -0.70558   -0.70553
  -0.70547   -0.70521   -0.70487   -0.70471   -0.70463   -0.70462   -0.70461   -0.70439
  -0.70374   -0.70368   -0.70360   -0.70351   -0.70342   -0.70314   -0.70314   -0.70302
  -0.44757   -0.42692   -0.39868   -0.39252   -0.19614   -0.18807   -0.16355   -0.13783
  -0.09660   -0.09380   -0.07025   -0.03816   -0.02251   -0.01990   -0.00976    0.01363
   0.03839    0.06284    0.07203    0.09451    0.13363    0.14176    0.15285    0.16451
   0.18180    0.20923    0.22956    0.23959    0.24407    0.25471    0.26090    0.26561
   0.28783    0.30289    0.31512    0.33943    0.34258    0.34631    0.36112    0.38902
   0.39601    0.41234    0.41662    0.42521    0.43964    0.44577    0.46286    0.46303
   0.47052    0.48087    0.49588    0.51369    0.51443    0.52091    0.52760    0.54893
   0.55125    0.55456    0.57921    0.58663    0.59459    0.60746    0.62494    0.63198
   0.63252    0.63860    0.64355    0.66474    0.67029    0.67046    0.67707    0.68206
   0.69722    0.70899    0.70995    0.71243    0.71422    0.73406    0.74429    0.75606
   0.75777    0.76747    0.76856    0.77414    0.77942    0.79117    0.79868    0.80315
   0.80999    0.81806    0.82698    0.83715    0.83996    0.84249    0.84727    0.85686
   0.85777    0.86585    0.86702    0.88404    0.88592    0.89641    0.90817    0.91513
   0.91792    0.92424    0.93430    0.94286    0.95850    0.95981
 kpt#   6, nband=150, wtk=  0.12500, kpt=  0.3125  0.1875  0.2500 (reduced coord)
  -1.71523   -1.71473   -1.71400   -1.71216   -1.71143   -1.71013   -1.70956   -1.70867
  -1.70742   -1.70691   -1.69241   -1.69169   -1.68957   -1.68896   -1.68871   -1.68830
  -1.68786   -1.68659   -1.68639   -1.68604   -0.70697   -0.70641   -0.70598   -0.70582
  -0.70507   -0.70495   -0.70473   -0.70472   -0.70460   -0.70453   -0.70444   -0.70437
  -0.70406   -0.70392   -0.70352   -0.70346   -0.70341   -0.70323   -0.70294   -0.70281
  -0.43694   -0.42018   -0.39447   -0.39245   -0.20679   -0.19974   -0.17766   -0.15817
  -0.09728   -0.08510   -0.06977   -0.04184   -0.02537   -0.02417   -0.01168    0.00422
   0.04897    0.05515    0.06592    0.09055    0.12685    0.14249    0.15644    0.15737
   0.17671    0.19552    0.23438    0.23711    0.24298    0.26315    0.27009    0.27635
   0.28299    0.29064    0.32378    0.33680    0.36432    0.36755    0.37708    0.37957
   0.40310    0.40963    0.42376    0.42912    0.44071    0.44803    0.45993    0.47294
   0.49572    0.49844    0.50460    0.51164    0.51903    0.53489    0.54494    0.55526
   0.56748    0.57483    0.58886    0.59100    0.59983    0.61003    0.62124    0.63502
   0.63752    0.64940    0.65200    0.65623    0.67644    0.67900    0.68477    0.69134
   0.70307    0.70691    0.72022    0.72305    0.73158    0.73722    0.74974    0.75357
   0.75989    0.76367    0.76566    0.78348    0.78996    0.79947    0.79975    0.80225
   0.80697    0.81791    0.82075    0.82674    0.83622    0.84474    0.84974    0.85581
   0.86256    0.86507    0.87077    0.87793    0.89535    0.89977    0.90577    0.91051
   0.91912    0.92425    0.92989    0.93807    0.95032    0.95915
 kpt#   7, nband=150, wtk=  0.12500, kpt=  0.4375  0.1875  0.2500 (reduced coord)
  -1.71579   -1.71500   -1.71386   -1.71311   -1.71192   -1.71135   -1.71059   -1.70988
  -1.70823   -1.70772   -1.69184   -1.69156   -1.69132   -1.69038   -1.69001   -1.68838
  -1.68810   -1.68794   -1.68716   -1.68683   -0.70680   -0.70669   -0.70607   -0.70592
  -0.70514   -0.70505   -0.70494   -0.70487   -0.70480   -0.70461   -0.70449   -0.70441
  -0.70408   -0.70405   -0.70370   -0.70360   -0.70345   -0.70334   -0.70316   -0.70299
  -0.42487   -0.41758   -0.39291   -0.39242   -0.21450   -0.21130   -0.18597   -0.17808
  -0.07656   -0.07037   -0.05164   -0.04860   -0.04297   -0.03340   -0.00940   -0.00114
   0.03194    0.04038    0.05539    0.06519    0.14016    0.15371    0.16831    0.17887
   0.18374    0.18715    0.23244    0.23340    0.23886    0.24961    0.26476    0.27184
   0.28144    0.30174    0.31883    0.34158    0.34604    0.35460    0.37871    0.39570
   0.42414    0.42984    0.43099    0.45074    0.46934    0.47953    0.48193    0.49317
   0.49714    0.50029    0.52084    0.52376    0.52932    0.53990    0.54582    0.55435
   0.55864    0.57370    0.58120    0.58243    0.58875    0.60169    0.61400    0.62232
   0.62579    0.63962    0.65121    0.65886    0.67006    0.67710    0.68915    0.69547
   0.69757    0.71198    0.71814    0.72473    0.73162    0.74849    0.75782    0.75883
   0.75975    0.76746    0.78073    0.78748    0.79407    0.79835    0.80980    0.81580
   0.82155    0.82889    0.83042    0.83416    0.84402    0.85160    0.86247    0.86736
   0.86898    0.87237    0.88297    0.88568    0.89367    0.89840    0.90252    0.91495
   0.91795    0.92503    0.92810    0.93881    0.94273    0.94774
 kpt#   8, nband=150, wtk=  0.06250, kpt=  0.3125  0.3125  0.2500 (reduced coord)
  -1.71529   -1.71498   -1.71450   -1.71366   -1.71235   -1.71054   -1.70938   -1.70872
  -1.70846   -1.70812   -1.69307   -1.69228   -1.69048   -1.68990   -1.68929   -1.68854
  -1.68744   -1.68731   -1.68670   -1.68638   -0.70711   -0.70685   -0.70618   -0.70611
  -0.70495   -0.70486   -0.70485   -0.70466   -0.70465   -0.70464   -0.70453   -0.70453
  -0.70439   -0.70432   -0.70354   -0.70352   -0.70346   -0.70330   -0.70284   -0.70265
  -0.42757   -0.41462   -0.38980   -0.38944   -0.20136   -0.19506   -0.16972   -0.15956
  -0.12409   -0.09704   -0.07099   -0.06363   -0.04270   -0.04221   -0.03720   -0.01547
   0.01369    0.02760    0.04539    0.06868    0.14501    0.17415    0.19222    0.19570
   0.20485    0.23108    0.23440    0.25669    0.25715    0.26594    0.27667    0.29571
   0.29764    0.30563    0.32011    0.32886    0.34269    0.37248    0.38409    0.40791
   0.41688    0.42733    0.42910    0.43120    0.45166    0.46041    0.46366    0.47823
   0.47892    0.50038    0.50190    0.51141    0.52236    0.53478    0.54572    0.54612
   0.55706    0.57150    0.57359    0.59491    0.61894    0.62371    0.63956    0.64114
   0.64190    0.66538    0.66831    0.67022    0.67306    0.67438    0.68686    0.69371
   0.69765    0.70017    0.70828    0.71854    0.71916    0.73912    0.74688    0.74935
   0.75492    0.76347    0.77831    0.78200    0.78306    0.79655    0.80307    0.80704
   0.82245    0.82611    0.82664    0.83219    0.83416    0.83940    0.84284    0.85360
   0.86797    0.87217    0.87931    0.88081    0.88742    0.88984    0.89964    0.90224
   0.91420    0.91761    0.92610    0.92713    0.93344    0.93632
 kpt#   9, nband=150, wtk=  0.12500, kpt=  0.4375  0.3125  0.2500 (reduced coord)
  -1.71624   -1.71556   -1.71362   -1.71335   -1.71214   -1.71105   -1.71058   -1.70982
  -1.70954   -1.70842   -1.69280   -1.69127   -1.69088   -1.69003   -1.68982   -1.68944
  -1.68881   -1.68815   -1.68789   -1.68768   -0.70725   -0.70715   -0.70606   -0.70601
  -0.70511   -0.70499   -0.70493   -0.70487   -0.70473   -0.70469   -0.70465   -0.70448
  -0.70432   -0.70420   -0.70383   -0.70361   -0.70358   -0.70355   -0.70298   -0.70274
  -0.41776   -0.41255   -0.38717   -0.38684   -0.19907   -0.19669   -0.16789   -0.16539
  -0.11637   -0.09537   -0.08220   -0.07210   -0.06112   -0.05864   -0.03683   -0.02982
  -0.01721   -0.00118    0.04115    0.05440    0.16213    0.17977    0.21831    0.22591
   0.22721    0.24637    0.24846    0.25629    0.27028    0.27884    0.28618    0.28785
   0.30349    0.31128    0.32180    0.32276    0.33356    0.35956    0.37400    0.39089
   0.41791    0.41915    0.44607    0.46556    0.46898    0.47331    0.47907    0.49106
   0.51320    0.51737    0.51844    0.52752    0.54597    0.54984    0.55177    0.55846
   0.57190    0.57676    0.58011    0.59047    0.59889    0.60568    0.61185    0.61457
   0.62356    0.63386    0.63917    0.65123    0.65803    0.67391    0.68816    0.69246
   0.70104    0.70621    0.71034    0.71447    0.72274    0.73558    0.74137    0.75130
   0.75374    0.75999    0.76621    0.77493    0.78205    0.78728    0.79546    0.81294
   0.81576    0.82599    0.82824    0.83122    0.83578    0.84099    0.84773    0.85381
   0.86311    0.86642    0.87050    0.87962    0.88702    0.88937    0.90556    0.90715
   0.91457    0.91825    0.92039    0.93922    0.94007    0.94835
 kpt#  10, nband=150, wtk=  0.06250, kpt=  0.4375  0.4375  0.2500 (reduced coord)
  -1.71602   -1.71479   -1.71395   -1.71277   -1.71171   -1.71068   -1.71063   -1.71043
  -1.70976   -1.70837   -1.69204   -1.69169   -1.69103   -1.69082   -1.68908   -1.68866
  -1.68832   -1.68772   -1.68679   -1.68662   -0.70735   -0.70724   -0.70599   -0.70574
  -0.70506   -0.70497   -0.70491   -0.70487   -0.70480   -0.70479   -0.70464   -0.70446
  -0.70436   -0.70414   -0.70382   -0.70364   -0.70343   -0.70336   -0.70293   -0.70274
  -0.41146   -0.40953   -0.38279   -0.38266   -0.18296   -0.18198   -0.15279   -0.14325
  -0.14030   -0.11309   -0.11293   -0.10085   -0.07898   -0.06935   -0.05690   -0.04443
  -0.03708   -0.03140    0.04566    0.05084    0.17860    0.18524    0.22004    0.22371
   0.25742    0.26042    0.27452    0.28048    0.28711    0.29186    0.30591    0.31579
   0.31854    0.32153    0.32174    0.33527    0.35172    0.37520    0.38306    0.38739
   0.41022    0.41258    0.42809    0.44049    0.46397    0.46888    0.50505    0.51962
   0.52378    0.52853    0.53050    0.54070    0.54470    0.55006    0.55782    0.56638
   0.58225    0.59141    0.59309    0.59724    0.60551    0.60614    0.61066    0.61618
   0.62631    0.63754    0.64268    0.65538    0.65748    0.66017    0.66189    0.67721
   0.67959    0.68680    0.69118    0.69553    0.70645    0.71716    0.73019    0.73150
   0.73280    0.73668    0.74589    0.75621    0.77087    0.77843    0.78478    0.78598
   0.79074    0.79424    0.81604    0.81744    0.82556    0.84323    0.84707    0.84981
   0.85565    0.87541    0.87677    0.88505    0.89261    0.89808    0.91621    0.91763
   0.92443    0.92834    0.94050    0.94466    0.95339    0.95834
