 Fermi (or HOMO) energy (hartree) =   0.09451   Average Vxc (hartree)=  -0.27835
 Eigenvalues (hartree) for nkpt=  10  k points:
 kpt#   1, nband= 61, wtk=  0.06250, kpt=  0.0625  0.0625  0.2500 (reduced coord)
  -1.71747   -1.71684   -1.71516   -1.71392   -1.71292   -1.71140   -1.70996   -1.70969
  -1.70754   -1.70746   -1.69263   -1.69225   -1.69177   -1.69067   -1.69037   -1.68911
  -1.68847   -1.68785   -1.68598   -1.68498   -0.70808   -0.70682   -0.70642   -0.70602
  -0.70558   -0.70544   -0.70509   -0.70484   -0.70477   -0.70435   -0.70432   -0.70424
  -0.70394   -0.70372   -0.70370   -0.70360   -0.70334   -0.70331   -0.70304   -0.70295
  -0.45969   -0.43625   -0.40487   -0.39337   -0.17576   -0.16409   -0.13372   -0.11113
  -0.08895   -0.07165   -0.05535   -0.04627   -0.03009   -0.01659   -0.01597   -0.00327
  -0.00106    0.01679    0.02774    0.07090    0.14533
 kpt#   2, nband= 61, wtk=  0.12500, kpt=  0.1875  0.0625  0.2500 (reduced coord)
  -1.71664   -1.71579   -1.71465   -1.71312   -1.71248   -1.71153   -1.71108   -1.70921
  -1.70849   -1.70803   -1.69342   -1.69233   -1.69119   -1.69042   -1.68976   -1.68953
  -1.68825   -1.68776   -1.68708   -1.68663   -0.70747   -0.70645   -0.70593   -0.70577
  -0.70563   -0.70547   -0.70511   -0.70490   -0.70483   -0.70474   -0.70448   -0.70438
  -0.70395   -0.70374   -0.70357   -0.70356   -0.70349   -0.70340   -0.70336   -0.70323
  -0.45355   -0.43148   -0.40180   -0.39328   -0.19096   -0.18353   -0.15644   -0.12794
  -0.09962   -0.07014   -0.04488   -0.03723   -0.01675   -0.00721   -0.00311    0.00075
   0.00351    0.04597    0.04661    0.08064    0.13703
 kpt#   3, nband= 61, wtk=  0.12500, kpt=  0.3125  0.0625  0.2500 (reduced coord)
  -1.71619   -1.71498   -1.71376   -1.71340   -1.71134   -1.70981   -1.70817   -1.70795
  -1.70745   -1.70494   -1.69128   -1.69078   -1.69012   -1.68834   -1.68774   -1.68744
  -1.68681   -1.68678   -1.68634   -1.68591   -0.70702   -0.70618   -0.70581   -0.70530
  -0.70522   -0.70505   -0.70500   -0.70479   -0.70458   -0.70456   -0.70445   -0.70422
  -0.70383   -0.70354   -0.70339   -0.70336   -0.70333   -0.70308   -0.70293   -0.70290
  -0.44242   -0.42417   -0.39777   -0.39468   -0.21142   -0.20510   -0.18288   -0.15983
  -0.09047   -0.05417   -0.03015   -0.02518   -0.01997    0.00041    0.00643    0.01162
   0.03333    0.06694    0.07235    0.09190    0.13262
 kpt#   4, nband= 61, wtk=  0.12500, kpt=  0.4375  0.0625  0.2500 (reduced coord)
  -1.71518   -1.71440   -1.71365   -1.71284   -1.71183   -1.71138   -1.71108   -1.71023
  -1.70750   -1.70648   -1.69253   -1.69164   -1.69092   -1.68973   -1.68905   -1.68889
  -1.68835   -1.68733   -1.68711   -1.68609   -0.70650   -0.70621   -0.70582   -0.70565
  -0.70537   -0.70524   -0.70502   -0.70489   -0.70484   -0.70466   -0.70446   -0.70443
  -0.70384   -0.70370   -0.70366   -0.70345   -0.70338   -0.70334   -0.70327   -0.70318
  -0.42935   -0.42111   -0.39671   -0.39615   -0.22298   -0.21942   -0.19526   -0.18549
  -0.07118   -0.04727   -0.02974   -0.01168   -0.00408   -0.00187    0.01003    0.01631
   0.06466    0.07667    0.08456    0.09073    0.11641
 kpt#   5, nband= 61, wtk=  0.06250, kpt=  0.1875  0.1875  0.2500 (reduced coord)
  -1.71552   -1.71534   -1.71418   -1.71195   -1.71061   -1.71035   -1.70955   -1.70909
  -1.70808   -1.70617   -1.69269   -1.69099   -1.69083   -1.69044   -1.68922   -1.68881
  -1.68738   -1.68690   -1.68576   -1.68485   -0.70719   -0.70631   -0.70558   -0.70553
  -0.70547   -0.70521   -0.70487   -0.70471   -0.70463   -0.70462   -0.70461   -0.70439
  -0.70374   -0.70368   -0.70360   -0.70351   -0.70342   -0.70314   -0.70314   -0.70302
  -0.44757   -0.42692   -0.39868   -0.39252   -0.19614   -0.18807   -0.16355   -0.13783
  -0.09660   -0.09380   -0.07025   -0.03816   -0.02251   -0.01990   -0.00976    0.01363
   0.03839    0.06284    0.07203    0.09451    0.13363
 kpt#   6, nband= 61, wtk=  0.12500, kpt=  0.3125  0.1875  0.2500 (reduced coord)
  -1.71523   -1.71473   -1.71400   -1.71216   -1.71143   -1.71013   -1.70956   -1.70867
  -1.70742   -1.70691   -1.69241   -1.69169   -1.68957   -1.68896   -1.68871   -1.68830
  -1.68786   -1.68659   -1.68639   -1.68604   -0.70697   -0.70641   -0.70598   -0.70582
  -0.70507   -0.70495   -0.70473   -0.70472   -0.70460   -0.70453   -0.70444   -0.70437
  -0.70406   -0.70392   -0.70352   -0.70346   -0.70341   -0.70323   -0.70294   -0.70281
  -0.43694   -0.42018   -0.39447   -0.39245   -0.20679   -0.19974   -0.17766   -0.15817
  -0.09728   -0.08510   -0.06977   -0.04184   -0.02537   -0.02417   -0.01168    0.00422
   0.04897    0.05515    0.06592    0.09055    0.12685
 kpt#   7, nband= 61, wtk=  0.12500, kpt=  0.4375  0.1875  0.2500 (reduced coord)
  -1.71579   -1.71500   -1.71386   -1.71311   -1.71192   -1.71135   -1.71059   -1.70988
  -1.70823   -1.70772   -1.69184   -1.69156   -1.69132   -1.69038   -1.69001   -1.68838
  -1.68810   -1.68794   -1.68716   -1.68683   -0.70680   -0.70669   -0.70607   -0.70592
  -0.70514   -0.70505   -0.70494   -0.70487   -0.70480   -0.70461   -0.70449   -0.70441
  -0.70408   -0.70405   -0.70370   -0.70360   -0.70345   -0.70334   -0.70316   -0.70299
  -0.42487   -0.41758   -0.39291   -0.39242   -0.21450   -0.21130   -0.18597   -0.17808
  -0.07656   -0.07037   -0.05164   -0.04860   -0.04297   -0.03340   -0.00940   -0.00114
   0.03194    0.04038    0.05539    0.06519    0.14016
 kpt#   8, nband= 61, wtk=  0.06250, kpt=  0.3125  0.3125  0.2500 (reduced coord)
  -1.71529   -1.71498   -1.71450   -1.71366   -1.71235   -1.71054   -1.70938   -1.70872
  -1.70846   -1.70812   -1.69307   -1.69228   -1.69048   -1.68990   -1.68929   -1.68854
  -1.68744   -1.68731   -1.68670   -1.68638   -0.70711   -0.70685   -0.70618   -0.70611
  -0.70495   -0.70486   -0.70485   -0.70466   -0.70465   -0.70464   -0.70453   -0.70453
  -0.70439   -0.70432   -0.70354   -0.70352   -0.70346   -0.70330   -0.70284   -0.70265
  -0.42757   -0.41462   -0.38980   -0.38944   -0.20136   -0.19506   -0.16972   -0.15956
  -0.12409   -0.09704   -0.07099   -0.06363   -0.04270   -0.04221   -0.03720   -0.01547
   0.01369    0.02760    0.04539    0.06868    0.14501
 kpt#   9, nband= 61, wtk=  0.12500, kpt=  0.4375  0.3125  0.2500 (reduced coord)
  -1.71624   -1.71556   -1.71362   -1.71335   -1.71214   -1.71105   -1.71058   -1.70982
  -1.70954   -1.70842   -1.69280   -1.69127   -1.69088   -1.69003   -1.68982   -1.68944
  -1.68881   -1.68815   -1.68789   -1.68768   -0.70725   -0.70715   -0.70606   -0.70601
  -0.70511   -0.70499   -0.70493   -0.70487   -0.70473   -0.70469   -0.70465   -0.70448
  -0.70432   -0.70420   -0.70383   -0.70361   -0.70358   -0.70355   -0.70298   -0.70274
  -0.41776   -0.41255   -0.38717   -0.38684   -0.19907   -0.19669   -0.16789   -0.16539
  -0.11637   -0.09537   -0.08220   -0.07210   -0.06112   -0.05864   -0.03683   -0.02982
  -0.01721   -0.00118    0.04115    0.05440    0.16213
 kpt#  10, nband= 61, wtk=  0.06250, kpt=  0.4375  0.4375  0.2500 (reduced coord)
  -1.71602   -1.71479   -1.71395   -1.71277   -1.71171   -1.71068   -1.71063   -1.71043
  -1.70976   -1.70837   -1.69204   -1.69169   -1.69103   -1.69082   -1.68908   -1.68866
  -1.68832   -1.68772   -1.68679   -1.68662   -0.70735   -0.70724   -0.70599   -0.70574
  -0.70506   -0.70497   -0.70491   -0.70487   -0.70480   -0.70479   -0.70464   -0.70446
  -0.70436   -0.70414   -0.70382   -0.70364   -0.70343   -0.70336   -0.70293   -0.70274
  -0.41146   -0.40953   -0.38279   -0.38266   -0.18296   -0.18198   -0.15279   -0.14325
  -0.14030   -0.11309   -0.11293   -0.10085   -0.07898   -0.06935   -0.05690   -0.04443
  -0.03708   -0.03140    0.04566    0.05084    0.17860
