 Fermi (or HOMO) energy (hartree) =   0.09759   Average Vxc (hartree)=  -0.27835
 Eigenvalues (hartree) for nkpt=  42  k points:
 kpt#   1, nband= 68, wtk=  0.01389, kpt=  0.0417  0.0417  0.1250 (reduced coord)
  -1.71740   -1.71551   -1.71516   -1.71419   -1.71333   -1.71081   -1.70992   -1.70981
  -1.70762   -1.70686   -1.69314   -1.69226   -1.69185   -1.69171   -1.68925   -1.68891
  -1.68824   -1.68760   -1.68455   -1.68441   -0.70788   -0.70659   -0.70657   -0.70615
  -0.70577   -0.70559   -0.70503   -0.70484   -0.70469   -0.70435   -0.70427   -0.70415
  -0.70377   -0.70369   -0.70368   -0.70363   -0.70334   -0.70313   -0.70292   -0.70290
  -0.46065   -0.43699   -0.40532   -0.39343   -0.17342   -0.16054   -0.12944   -0.10965
  -0.08422   -0.06947   -0.06165   -0.04414   -0.03656   -0.01841   -0.01400   -0.00724
   0.00050    0.00899    0.02577    0.06932    0.14634    0.19659    0.19879    0.22424
   0.23476    0.23650    0.24211    0.25371
 kpt#   2, nband= 68, wtk=  0.02778, kpt=  0.1250  0.0417  0.1250 (reduced coord)
  -1.71781   -1.71572   -1.71504   -1.71456   -1.71368   -1.71200   -1.71137   -1.71054
  -1.70841   -1.70745   -1.69308   -1.69245   -1.69220   -1.69166   -1.69013   -1.68942
  -1.68891   -1.68798   -1.68693   -1.68546   -0.70772   -0.70675   -0.70623   -0.70608
  -0.70597   -0.70583   -0.70516   -0.70498   -0.70485   -0.70476   -0.70451   -0.70432
  -0.70385   -0.70375   -0.70370   -0.70360   -0.70343   -0.70335   -0.70316   -0.70288
  -0.45786   -0.43477   -0.40386   -0.39331   -0.18106   -0.17157   -0.14220   -0.11541
  -0.09622   -0.06918   -0.04968   -0.04386   -0.02347   -0.01598   -0.01054   -0.00141
   0.00126    0.02658    0.03205    0.07374    0.14190    0.19859    0.20725    0.21153
   0.21446    0.22939    0.23922    0.23998
 kpt#   3, nband= 68, wtk=  0.02778, kpt=  0.2083  0.0417  0.1250 (reduced coord)
  -1.71598   -1.71547   -1.71435   -1.71263   -1.71160   -1.71094   -1.70976   -1.70787
  -1.70780   -1.70693   -1.69215   -1.69140   -1.69062   -1.69001   -1.68850   -1.68819
  -1.68758   -1.68710   -1.68605   -1.68583   -0.70739   -0.70647   -0.70582   -0.70573
  -0.70562   -0.70540   -0.70500   -0.70485   -0.70477   -0.70471   -0.70443   -0.70427
  -0.70367   -0.70356   -0.70341   -0.70331   -0.70321   -0.70313   -0.70306   -0.70294
  -0.45249   -0.43071   -0.40133   -0.39346   -0.19428   -0.18747   -0.16080   -0.13263
  -0.09967   -0.06235   -0.03825   -0.03737   -0.01329   -0.00892   -0.00256    0.00422
   0.00609    0.04661    0.04702    0.08097    0.13553    0.17520    0.17856    0.20505
   0.20987    0.21194    0.21463    0.22485
 kpt#   4, nband= 68, wtk=  0.02778, kpt=  0.2917  0.0417  0.1250 (reduced coord)
  -1.71633   -1.71585   -1.71375   -1.71316   -1.71216   -1.71006   -1.70823   -1.70718
  -1.70679   -1.70549   -1.69225   -1.69104   -1.69030   -1.68859   -1.68825   -1.68775
  -1.68727   -1.68626   -1.68587   -1.68518   -0.70711   -0.70639   -0.70581   -0.70535
  -0.70532   -0.70512   -0.70507   -0.70493   -0.70479   -0.70464   -0.70448   -0.70440
  -0.70385   -0.70343   -0.70326   -0.70319   -0.70315   -0.70308   -0.70284   -0.70278
  -0.44501   -0.42572   -0.39859   -0.39445   -0.20860   -0.20241   -0.17923   -0.15472
  -0.09338   -0.05072   -0.02696   -0.02663   -0.02037    0.00324    0.00344    0.01182
   0.02304    0.06306    0.06484    0.08919    0.13324    0.14525    0.15071    0.17704
   0.18264    0.18491    0.19999    0.21660
 kpt#   5, nband= 68, wtk=  0.02778, kpt=  0.3750  0.0417  0.1250 (reduced coord)
  -1.71603   -1.71454   -1.71349   -1.71242   -1.71121   -1.71076   -1.71008   -1.70913
  -1.70733   -1.70640   -1.69149   -1.69146   -1.69013   -1.68888   -1.68874   -1.68818
  -1.68808   -1.68719   -1.68690   -1.68475   -0.70683   -0.70613   -0.70586   -0.70560
  -0.70533   -0.70529   -0.70494   -0.70487   -0.70475   -0.70470   -0.70460   -0.70438
  -0.70375   -0.70345   -0.70339   -0.70331   -0.70326   -0.70314   -0.70307   -0.70294
  -0.43628   -0.42179   -0.39673   -0.39618   -0.21952   -0.21385   -0.19232   -0.17453
  -0.08207   -0.03586   -0.03490   -0.01404   -0.01387    0.00713    0.01150    0.01641
   0.04449    0.07082    0.08274    0.09759    0.12077    0.12803    0.14412    0.14873
   0.16029    0.16524    0.17061    0.18973
 kpt#   6, nband= 68, wtk=  0.02778, kpt=  0.4583  0.0417  0.1250 (reduced coord)
  -1.71603   -1.71596   -1.71458   -1.71414   -1.71243   -1.71177   -1.71124   -1.71031
  -1.70789   -1.70700   -1.69287   -1.69155   -1.69062   -1.68966   -1.68934   -1.68915
  -1.68875   -1.68830   -1.68744   -1.68724   -0.70666   -0.70628   -0.70601   -0.70593
  -0.70554   -0.70545   -0.70514   -0.70502   -0.70474   -0.70472   -0.70466   -0.70456
  -0.70383   -0.70368   -0.70359   -0.70354   -0.70344   -0.70327   -0.70324   -0.70315
  -0.42779   -0.42210   -0.39700   -0.39648   -0.22406   -0.22160   -0.19572   -0.18902
  -0.06762   -0.05141   -0.01899   -0.00627   -0.00268    0.00149    0.01541    0.01651
   0.06641    0.07713    0.09160    0.09263    0.11129    0.12317    0.13030    0.14570
   0.15050    0.15328    0.16752    0.17187
 kpt#   7, nband= 68, wtk=  0.01389, kpt=  0.1250  0.1250  0.1250 (reduced coord)
  -1.71712   -1.71672   -1.71601   -1.71449   -1.71362   -1.71126   -1.71126   -1.70963
  -1.70854   -1.70795   -1.69258   -1.69257   -1.69220   -1.69183   -1.69019   -1.68998
  -1.68861   -1.68799   -1.68754   -1.68702   -0.70771   -0.70670   -0.70618   -0.70598
  -0.70585   -0.70568   -0.70519   -0.70512   -0.70502   -0.70492   -0.70464   -0.70433
  -0.70379   -0.70367   -0.70364   -0.70345   -0.70343   -0.70334   -0.70329   -0.70323
  -0.45510   -0.43259   -0.40238   -0.39306   -0.18600   -0.17732   -0.14939   -0.12127
  -0.09805   -0.08250   -0.05660   -0.03571   -0.02540   -0.00898   -0.00469   -0.00190
   0.00345    0.04567    0.04774    0.08022    0.13886    0.17937    0.17969    0.20488
   0.21337    0.21981    0.23378    0.23709
 kpt#   8, nband= 68, wtk=  0.02778, kpt=  0.2083  0.1250  0.1250 (reduced coord)
  -1.71617   -1.71530   -1.71501   -1.71253   -1.71120   -1.71076   -1.70927   -1.70868
  -1.70743   -1.70658   -1.69311   -1.69084   -1.69017   -1.68958   -1.68933   -1.68906
  -1.68788   -1.68623   -1.68588   -1.68496   -0.70736   -0.70648   -0.70579   -0.70570
  -0.70551   -0.70527   -0.70499   -0.70489   -0.70487   -0.70466   -0.70448   -0.70438
  -0.70371   -0.70349   -0.70337   -0.70337   -0.70318   -0.70314   -0.70302   -0.70293
  -0.44980   -0.42861   -0.39983   -0.39294   -0.19546   -0.18795   -0.16252   -0.13562
  -0.09658   -0.08574   -0.05977   -0.03047   -0.02496   -0.01137   -0.00718    0.00913
   0.02482    0.06042    0.06586    0.08996    0.13424    0.15003    0.15515    0.17816
   0.19647    0.21115    0.22713    0.23567
 kpt#   9, nband= 68, wtk=  0.02778, kpt=  0.2917  0.1250  0.1250 (reduced coord)
  -1.71550   -1.71483   -1.71420   -1.71193   -1.71118   -1.71051   -1.70928   -1.70735
  -1.70713   -1.70622   -1.69204   -1.69174   -1.68888   -1.68841   -1.68824   -1.68816
  -1.68731   -1.68645   -1.68619   -1.68578   -0.70723   -0.70623   -0.70580   -0.70555
  -0.70515   -0.70509   -0.70493   -0.70487   -0.70471   -0.70467   -0.70450   -0.70439
  -0.70392   -0.70354   -0.70339   -0.70328   -0.70310   -0.70305   -0.70287   -0.70275
  -0.44245   -0.42379   -0.39704   -0.39351   -0.20687   -0.20011   -0.17743   -0.15431
  -0.09043   -0.07934   -0.05380   -0.02900   -0.01651   -0.01522   -0.00866    0.01371
   0.04727    0.06451    0.07303    0.09390    0.13023    0.13360    0.14938    0.15385
   0.16635    0.19717    0.21878    0.22644
 kpt#  10, nband= 68, wtk=  0.02778, kpt=  0.3750  0.1250  0.1250 (reduced coord)
  -1.71487   -1.71470   -1.71354   -1.71286   -1.71195   -1.71098   -1.71023   -1.70924
  -1.70735   -1.70650   -1.69250   -1.69177   -1.69002   -1.68935   -1.68868   -1.68797
  -1.68781   -1.68690   -1.68678   -1.68606   -0.70692   -0.70621   -0.70593   -0.70582
  -0.70523   -0.70520   -0.70506   -0.70494   -0.70465   -0.70459   -0.70445   -0.70440
  -0.70391   -0.70377   -0.70351   -0.70339   -0.70335   -0.70312   -0.70299   -0.70278
  -0.43395   -0.42006   -0.39508   -0.39469   -0.21619   -0.21054   -0.18864   -0.17208
  -0.08007   -0.06605   -0.04189   -0.03647   -0.01380   -0.01131   -0.00861    0.01224
   0.06055    0.06451    0.06497    0.08861    0.12218    0.13358    0.14809    0.15226
   0.15900    0.17716    0.20234    0.22121
 kpt#  11, nband= 68, wtk=  0.02778, kpt=  0.4583  0.1250  0.1250 (reduced coord)
  -1.71538   -1.71449   -1.71362   -1.71320   -1.71190   -1.71136   -1.71095   -1.71027
  -1.70811   -1.70716   -1.69251   -1.69214   -1.69066   -1.68997   -1.68930   -1.68892
  -1.68808   -1.68773   -1.68667   -1.68578   -0.70663   -0.70651   -0.70606   -0.70596
  -0.70539   -0.70531   -0.70506   -0.70488   -0.70469   -0.70462   -0.70445   -0.70441
  -0.70391   -0.70380   -0.70367   -0.70356   -0.70320   -0.70319   -0.70311   -0.70299
  -0.42580   -0.42039   -0.39516   -0.39469   -0.22018   -0.21783   -0.19157   -0.18540
  -0.06658   -0.05187   -0.04766   -0.03131   -0.02297   -0.01381    0.00037    0.00972
   0.05922    0.06026    0.06966    0.07521    0.12656    0.13175    0.14742    0.15273
   0.16466    0.16837    0.20496    0.20566
 kpt#  12, nband= 68, wtk=  0.01389, kpt=  0.2083  0.2083  0.1250 (reduced coord)
  -1.71704   -1.71626   -1.71444   -1.71289   -1.71127   -1.71070   -1.70925   -1.70866
  -1.70761   -1.70630   -1.69244   -1.69142   -1.69122   -1.68912   -1.68906   -1.68813
  -1.68773   -1.68663   -1.68629   -1.68571   -0.70721   -0.70643   -0.70585   -0.70559
  -0.70552   -0.70536   -0.70494   -0.70486   -0.70484   -0.70475   -0.70459   -0.70453
  -0.70377   -0.70367   -0.70346   -0.70340   -0.70336   -0.70300   -0.70295   -0.70282
  -0.44466   -0.42483   -0.39724   -0.39226   -0.19872   -0.19068   -0.16695   -0.14298
  -0.10161   -0.09082   -0.07506   -0.04264   -0.02388   -0.01933   -0.01339    0.01360
   0.05041    0.06049    0.07125    0.09733    0.13084    0.14006    0.15259    0.16044
   0.16731    0.20980    0.23084    0.24206
 kpt#  13, nband= 68, wtk=  0.02778, kpt=  0.2917  0.2083  0.1250 (reduced coord)
  -1.71594   -1.71558   -1.71425   -1.71273   -1.71217   -1.71039   -1.70962   -1.70905
  -1.70824   -1.70693   -1.69255   -1.69200   -1.69026   -1.68942   -1.68900   -1.68866
  -1.68784   -1.68752   -1.68629   -1.68592   -0.70706   -0.70659   -0.70619   -0.70593
  -0.70519   -0.70508   -0.70500   -0.70487   -0.70478   -0.70469   -0.70456   -0.70438
  -0.70401   -0.70382   -0.70361   -0.70350   -0.70335   -0.70317   -0.70286   -0.70260
  -0.43762   -0.42036   -0.39434   -0.39194   -0.20427   -0.19684   -0.17433   -0.15473
  -0.10471   -0.08567   -0.07631   -0.04692   -0.02813   -0.02460   -0.01215    0.00242
   0.04741    0.05358    0.06616    0.09067    0.12829    0.14424    0.15763    0.15990
   0.18000    0.19993    0.23668    0.24390
 kpt#  14, nband= 68, wtk=  0.02778, kpt=  0.3750  0.2083  0.1250 (reduced coord)
  -1.71598   -1.71454   -1.71326   -1.71274   -1.71241   -1.71159   -1.71039   -1.70949
  -1.70881   -1.70792   -1.69247   -1.69186   -1.69139   -1.68990   -1.68925   -1.68900
  -1.68816   -1.68791   -1.68767   -1.68614   -0.70710   -0.70683   -0.70600   -0.70596
  -0.70524   -0.70516   -0.70496   -0.70484   -0.70477   -0.70467   -0.70454   -0.70440
  -0.70406   -0.70398   -0.70372   -0.70357   -0.70333   -0.70332   -0.70295   -0.70280
  -0.42963   -0.41705   -0.39217   -0.39205   -0.20997   -0.20446   -0.18138   -0.16787
  -0.09601   -0.07999   -0.06553   -0.04405   -0.03710   -0.03579   -0.01099   -0.00757
   0.03155    0.03943    0.05873    0.07359    0.13577    0.15123    0.17451    0.17862
   0.18428    0.19865    0.23813    0.24144
 kpt#  15, nband= 68, wtk=  0.02778, kpt=  0.4583  0.2083  0.1250 (reduced coord)
  -1.71552   -1.71540   -1.71330   -1.71310   -1.71222   -1.71163   -1.71158   -1.71056
  -1.70852   -1.70777   -1.69245   -1.69208   -1.69084   -1.69028   -1.68969   -1.68899
  -1.68858   -1.68825   -1.68718   -1.68690   -0.70697   -0.70688   -0.70600   -0.70597
  -0.70541   -0.70532   -0.70501   -0.70487   -0.70480   -0.70470   -0.70460   -0.70443
  -0.70397   -0.70393   -0.70363   -0.70355   -0.70333   -0.70329   -0.70318   -0.70308
  -0.42218   -0.41739   -0.39188   -0.39148   -0.21260   -0.21050   -0.18337   -0.17844
  -0.07945   -0.06928   -0.05737   -0.05343   -0.05062   -0.04080   -0.01259   -0.00705
   0.02258    0.03167    0.04988    0.05862    0.14797    0.16206    0.17420    0.18849
   0.19496    0.19644    0.23830    0.24144
 kpt#  16, nband= 68, wtk=  0.01389, kpt=  0.2917  0.2917  0.1250 (reduced coord)
  -1.71663   -1.71578   -1.71530   -1.71487   -1.71214   -1.71064   -1.71057   -1.70960
  -1.70881   -1.70653   -1.69445   -1.69269   -1.69081   -1.69023   -1.68892   -1.68815
  -1.68798   -1.68767   -1.68717   -1.68621   -0.70732   -0.70698   -0.70641   -0.70610
  -0.70509   -0.70498   -0.70497   -0.70487   -0.70484   -0.70476   -0.70458   -0.70451
  -0.70442   -0.70428   -0.70362   -0.70355   -0.70345   -0.70330   -0.70257   -0.70250
  -0.43114   -0.41643   -0.39124   -0.39028   -0.20233   -0.19531   -0.17128   -0.15770
  -0.12014   -0.09311   -0.07520   -0.05982   -0.03928   -0.03507   -0.02340   -0.01230
   0.02588    0.03388    0.05541    0.07476    0.13937    0.15995    0.18145    0.18782
   0.19774    0.21423    0.23723    0.25125
 kpt#  17, nband= 68, wtk=  0.02778, kpt=  0.3750  0.2917  0.1250 (reduced coord)
  -1.71560   -1.71480   -1.71379   -1.71252   -1.71133   -1.71023   -1.70942   -1.70882
  -1.70800   -1.70738   -1.69163   -1.69137   -1.69040   -1.68895   -1.68840   -1.68807
  -1.68744   -1.68702   -1.68650   -1.68613   -0.70707   -0.70688   -0.70599   -0.70584
  -0.70510   -0.70503   -0.70495   -0.70476   -0.70466   -0.70460   -0.70451   -0.70429
  -0.70416   -0.70402   -0.70361   -0.70342   -0.70326   -0.70318   -0.70270   -0.70244
  -0.42401   -0.41363   -0.38890   -0.38873   -0.20196   -0.19709   -0.17084   -0.16331
  -0.12020   -0.09559   -0.06586   -0.06267   -0.05625   -0.05063   -0.03545   -0.02021
   0.00262    0.02117    0.03974    0.06304    0.15013    0.18539    0.18959    0.20772
   0.21452    0.23617    0.24045    0.25751
 kpt#  18, nband= 68, wtk=  0.02778, kpt=  0.4583  0.2917  0.1250 (reduced coord)
  -1.71613   -1.71563   -1.71339   -1.71325   -1.71209   -1.71120   -1.71044   -1.70962
  -1.70908   -1.70816   -1.69257   -1.69162   -1.69129   -1.69007   -1.68938   -1.68884
  -1.68847   -1.68789   -1.68750   -1.68702   -0.70728   -0.70726   -0.70608   -0.70599
  -0.70522   -0.70506   -0.70491   -0.70486   -0.70475   -0.70467   -0.70451   -0.70448
  -0.70426   -0.70419   -0.70371   -0.70365   -0.70346   -0.70333   -0.70284   -0.70262
  -0.41767   -0.41384   -0.38789   -0.38760   -0.20188   -0.20017   -0.17140   -0.16887
  -0.10631   -0.08870   -0.08180   -0.07095   -0.05697   -0.05614   -0.03024   -0.02906
  -0.01131    0.00100    0.04314    0.05265    0.16197    0.17483    0.21419    0.22330
   0.22456    0.23597    0.25187    0.25489
 kpt#  19, nband= 68, wtk=  0.01389, kpt=  0.3750  0.3750  0.1250 (reduced coord)
  -1.71604   -1.71590   -1.71442   -1.71315   -1.71201   -1.71097   -1.71016   -1.70997
  -1.70987   -1.70823   -1.69201   -1.69191   -1.69112   -1.69012   -1.68935   -1.68902
  -1.68828   -1.68784   -1.68757   -1.68690   -0.70738   -0.70714   -0.70613   -0.70603
  -0.70519   -0.70510   -0.70489   -0.70486   -0.70483   -0.70479   -0.70461   -0.70458
  -0.70435   -0.70425   -0.70367   -0.70349   -0.70336   -0.70336   -0.70290   -0.70261
  -0.41813   -0.41113   -0.38605   -0.38572   -0.19431   -0.19094   -0.16005   -0.15913
  -0.13413   -0.10681   -0.07868   -0.07301   -0.07108   -0.06063   -0.05141   -0.02912
  -0.02264   -0.00363    0.03866    0.05695    0.16252    0.18675    0.22382    0.22569
   0.23093    0.24494    0.25653    0.26012
 kpt#  20, nband= 68, wtk=  0.02778, kpt=  0.4583  0.3750  0.1250 (reduced coord)
  -1.71617   -1.71529   -1.71373   -1.71351   -1.71214   -1.71147   -1.71077   -1.71023
  -1.70980   -1.70938   -1.69256   -1.69155   -1.69106   -1.69077   -1.69006   -1.68901
  -1.68844   -1.68834   -1.68784   -1.68752   -0.70749   -0.70727   -0.70619   -0.70608
  -0.70522   -0.70517   -0.70494   -0.70493   -0.70489   -0.70478   -0.70465   -0.70449
  -0.70424   -0.70417   -0.70384   -0.70363   -0.70353   -0.70339   -0.70282   -0.70267
  -0.41332   -0.41082   -0.38424   -0.38407   -0.18949   -0.18831   -0.15825   -0.15629
  -0.12689   -0.10632   -0.10381   -0.09181   -0.07160   -0.06279   -0.04870   -0.03809
  -0.03345   -0.02487    0.04441    0.05103    0.17357    0.18211    0.22353    0.22768
   0.24877    0.25817    0.26735    0.27196
 kpt#  21, nband= 68, wtk=  0.01389, kpt=  0.4583  0.4583  0.1250 (reduced coord)
  -1.71681   -1.71482   -1.71422   -1.71300   -1.71211   -1.71135   -1.71099   -1.71060
  -1.71035   -1.70965   -1.69181   -1.69174   -1.69124   -1.69060   -1.68895   -1.68877
  -1.68856   -1.68805   -1.68786   -1.68775   -0.70767   -0.70730   -0.70620   -0.70590
  -0.70524   -0.70520   -0.70511   -0.70501   -0.70495   -0.70474   -0.70469   -0.70456
  -0.70422   -0.70412   -0.70373   -0.70359   -0.70355   -0.70331   -0.70281   -0.70260
  -0.41028   -0.40942   -0.38203   -0.38197   -0.17937   -0.17889   -0.14902   -0.14155
  -0.13834   -0.12230   -0.11410   -0.10826   -0.08007   -0.07522   -0.05798   -0.05163
  -0.03673   -0.03423    0.04738    0.04973    0.18230    0.18533    0.21890    0.22051
   0.26007    0.26051    0.28180    0.28490
 kpt#  22, nband= 68, wtk=  0.01389, kpt=  0.0417  0.0417  0.3750 (reduced coord)
  -1.71876   -1.71797   -1.71660   -1.71572   -1.71523   -1.71273   -1.71082   -1.71046
  -1.70852   -1.70799   -1.69363   -1.69314   -1.69277   -1.69221   -1.69054   -1.68929
  -1.68849   -1.68795   -1.68728   -1.68666   -0.70830   -0.70695   -0.70677   -0.70629
  -0.70585   -0.70581   -0.70526   -0.70515   -0.70504   -0.70468   -0.70450   -0.70435
  -0.70390   -0.70380   -0.70370   -0.70365   -0.70339   -0.70336   -0.70319   -0.70288
  -0.46065   -0.43700   -0.40533   -0.39346   -0.17342   -0.16056   -0.12945   -0.10965
  -0.08422   -0.06948   -0.06166   -0.04415   -0.03655   -0.01845   -0.01401   -0.00724
   0.00050    0.00899    0.02577    0.06943    0.14729    0.19182    0.19665    0.22423
   0.23509    0.24199    0.25363    0.25386
 kpt#  23, nband= 68, wtk=  0.02778, kpt=  0.1250  0.0417  0.3750 (reduced coord)
  -1.71762   -1.71676   -1.71436   -1.71347   -1.71313   -1.71240   -1.71178   -1.71014
  -1.70845   -1.70781   -1.69310   -1.69266   -1.69241   -1.69183   -1.69116   -1.68907
  -1.68874   -1.68808   -1.68722   -1.68528   -0.70794   -0.70680   -0.70631   -0.70593
  -0.70585   -0.70573   -0.70510   -0.70501   -0.70484   -0.70474   -0.70458   -0.70436
  -0.70387   -0.70381   -0.70365   -0.70349   -0.70346   -0.70334   -0.70314   -0.70299
  -0.45786   -0.43478   -0.40386   -0.39332   -0.18106   -0.17157   -0.14220   -0.11541
  -0.09621   -0.06918   -0.04968   -0.04386   -0.02346   -0.01599   -0.01056   -0.00141
   0.00125    0.02658    0.03204    0.07383    0.14267    0.19351    0.20625    0.21159
   0.21393    0.22944    0.23974    0.24022
 kpt#  24, nband= 68, wtk=  0.02778, kpt=  0.2083  0.0417  0.3750 (reduced coord)
  -1.71619   -1.71525   -1.71431   -1.71288   -1.71228   -1.71104   -1.71014   -1.70906
  -1.70829   -1.70760   -1.69261   -1.69171   -1.69093   -1.68989   -1.68937   -1.68886
  -1.68752   -1.68725   -1.68706   -1.68588   -0.70749   -0.70644   -0.70610   -0.70577
  -0.70560   -0.70546   -0.70493   -0.70482   -0.70477   -0.70467   -0.70448   -0.70443
  -0.70365   -0.70357   -0.70353   -0.70335   -0.70329   -0.70327   -0.70321   -0.70310
  -0.45249   -0.43071   -0.40133   -0.39346   -0.19429   -0.18747   -0.16080   -0.13263
  -0.09967   -0.06235   -0.03826   -0.03737   -0.01329   -0.00891   -0.00256    0.00420
   0.00609    0.04659    0.04702    0.08102    0.13610    0.17504    0.17861    0.20123
   0.20987    0.21196    0.21303    0.22483
 kpt#  25, nband= 68, wtk=  0.02778, kpt=  0.2917  0.0417  0.3750 (reduced coord)
  -1.71521   -1.71377   -1.71276   -1.71250   -1.71140   -1.70872   -1.70756   -1.70711
  -1.70668   -1.70584   -1.69178   -1.68993   -1.68875   -1.68852   -1.68807   -1.68707
  -1.68698   -1.68631   -1.68571   -1.68380   -0.70697   -0.70621   -0.70575   -0.70531
  -0.70520   -0.70508   -0.70479   -0.70467   -0.70463   -0.70450   -0.70445   -0.70424
  -0.70366   -0.70337   -0.70329   -0.70318   -0.70313   -0.70296   -0.70285   -0.70263
  -0.44501   -0.42572   -0.39859   -0.39445   -0.20861   -0.20241   -0.17923   -0.15472
  -0.09338   -0.05072   -0.02697   -0.02662   -0.02037    0.00325    0.00345    0.01182
   0.02306    0.06306    0.06479    0.08919    0.13364    0.14525    0.15080    0.17703
   0.18250    0.18490    0.19991    0.21326
 kpt#  26, nband= 68, wtk=  0.02778, kpt=  0.3750  0.0417  0.3750 (reduced coord)
  -1.71510   -1.71486   -1.71376   -1.71283   -1.71158   -1.71101   -1.71050   -1.70925
  -1.70792   -1.70695   -1.69198   -1.69113   -1.69067   -1.68966   -1.68916   -1.68856
  -1.68783   -1.68746   -1.68674   -1.68609   -0.70663   -0.70616   -0.70593   -0.70571
  -0.70544   -0.70530   -0.70507   -0.70490   -0.70468   -0.70459   -0.70454   -0.70439
  -0.70389   -0.70365   -0.70349   -0.70343   -0.70328   -0.70324   -0.70315   -0.70306
  -0.43628   -0.42179   -0.39673   -0.39617   -0.21952   -0.21385   -0.19232   -0.17453
  -0.08208   -0.03586   -0.03489   -0.01405   -0.01388    0.00713    0.01149    0.01640
   0.04452    0.07083    0.08269    0.09758    0.12076    0.12802    0.14443    0.14875
   0.16025    0.16523    0.17061    0.18968
 kpt#  27, nband= 68, wtk=  0.02778, kpt=  0.4583  0.0417  0.3750 (reduced coord)
  -1.71521   -1.71502   -1.71408   -1.71370   -1.71227   -1.71162   -1.71133   -1.71000
  -1.70757   -1.70639   -1.69311   -1.69178   -1.69063   -1.69026   -1.68991   -1.68922
  -1.68768   -1.68701   -1.68643   -1.68540   -0.70662   -0.70633   -0.70604   -0.70594
  -0.70559   -0.70545   -0.70503   -0.70487   -0.70471   -0.70467   -0.70451   -0.70435
  -0.70367   -0.70362   -0.70360   -0.70344   -0.70335   -0.70325   -0.70313   -0.70307
  -0.42779   -0.42210   -0.39700   -0.39648   -0.22407   -0.22160   -0.19571   -0.18901
  -0.06761   -0.05142   -0.01899   -0.00627   -0.00269    0.00148    0.01541    0.01651
   0.06642    0.07714    0.09156    0.09262    0.11130    0.12316    0.13031    0.14569
   0.15050    0.15337    0.16772    0.17185
 kpt#  28, nband= 68, wtk=  0.01389, kpt=  0.1250  0.1250  0.3750 (reduced coord)
  -1.71619   -1.71500   -1.71445   -1.71256   -1.71232   -1.71194   -1.71068   -1.70883
  -1.70847   -1.70762   -1.69249   -1.69210   -1.69186   -1.69134   -1.68950   -1.68833
  -1.68789   -1.68662   -1.68608   -1.68503   -0.70757   -0.70653   -0.70601   -0.70587
  -0.70574   -0.70563   -0.70491   -0.70489   -0.70476   -0.70468   -0.70446   -0.70436
  -0.70371   -0.70367   -0.70360   -0.70348   -0.70330   -0.70326   -0.70305   -0.70283
  -0.45510   -0.43259   -0.40238   -0.39306   -0.18600   -0.17731   -0.14939   -0.12127
  -0.09803   -0.08250   -0.05660   -0.03572   -0.02540   -0.00897   -0.00468   -0.00190
   0.00344    0.04568    0.04772    0.08031    0.13951    0.17946    0.17961    0.19905
   0.21342    0.21978    0.23353    0.23709
 kpt#  29, nband= 68, wtk=  0.02778, kpt=  0.2083  0.1250  0.3750 (reduced coord)
  -1.71626   -1.71400   -1.71322   -1.71221   -1.71207   -1.71058   -1.70974   -1.70904
  -1.70785   -1.70559   -1.69202   -1.69116   -1.69010   -1.68978   -1.68903   -1.68809
  -1.68691   -1.68661   -1.68613   -1.68435   -0.70729   -0.70632   -0.70578   -0.70566
  -0.70561   -0.70524   -0.70498   -0.70474   -0.70466   -0.70460   -0.70444   -0.70426
  -0.70359   -0.70351   -0.70342   -0.70334   -0.70320   -0.70316   -0.70303   -0.70292
  -0.44980   -0.42861   -0.39983   -0.39294   -0.19546   -0.18795   -0.16252   -0.13562
  -0.09658   -0.08574   -0.05977   -0.03048   -0.02497   -0.01137   -0.00718    0.00915
   0.02481    0.06043    0.06583    0.09000    0.13467    0.15006    0.15532    0.17818
   0.19545    0.20767    0.22621    0.23568
 kpt#  30, nband= 68, wtk=  0.02778, kpt=  0.2917  0.1250  0.3750 (reduced coord)
  -1.71708   -1.71509   -1.71360   -1.71242   -1.71165   -1.70925   -1.70882   -1.70815
  -1.70652   -1.70604   -1.69193   -1.69012   -1.68998   -1.68881   -1.68833   -1.68761
  -1.68732   -1.68658   -1.68586   -1.68507   -0.70715   -0.70623   -0.70570   -0.70555
  -0.70522   -0.70510   -0.70498   -0.70484   -0.70475   -0.70455   -0.70444   -0.70437
  -0.70374   -0.70351   -0.70342   -0.70335   -0.70323   -0.70314   -0.70292   -0.70263
  -0.44245   -0.42378   -0.39704   -0.39350   -0.20687   -0.20011   -0.17743   -0.15431
  -0.09043   -0.07934   -0.05380   -0.02900   -0.01652   -0.01523   -0.00866    0.01371
   0.04728    0.06452    0.07300    0.09389    0.13043    0.13361    0.14970    0.15385
   0.16632    0.19658    0.21877    0.22302
 kpt#  31, nband= 68, wtk=  0.02778, kpt=  0.3750  0.1250  0.3750 (reduced coord)
  -1.71650   -1.71437   -1.71412   -1.71286   -1.71208   -1.71128   -1.71033   -1.70947
  -1.70762   -1.70753   -1.69181   -1.69105   -1.69047   -1.68979   -1.68947   -1.68875
  -1.68848   -1.68801   -1.68701   -1.68671   -0.70681   -0.70640   -0.70599   -0.70580
  -0.70546   -0.70521   -0.70507   -0.70500   -0.70472   -0.70462   -0.70460   -0.70442
  -0.70376   -0.70369   -0.70366   -0.70348   -0.70343   -0.70327   -0.70306   -0.70299
  -0.43395   -0.42006   -0.39508   -0.39469   -0.21619   -0.21053   -0.18864   -0.17208
  -0.08008   -0.06604   -0.04189   -0.03647   -0.01381   -0.01132   -0.00863    0.01224
   0.06054    0.06453    0.06494    0.08860    0.12226    0.13359    0.14805    0.15244
   0.15911    0.17705    0.20234    0.22122
 kpt#  32, nband= 68, wtk=  0.02778, kpt=  0.4583  0.1250  0.3750 (reduced coord)
  -1.71606   -1.71513   -1.71449   -1.71427   -1.71277   -1.71229   -1.71204   -1.71070
  -1.70959   -1.70892   -1.69310   -1.69248   -1.69172   -1.69116   -1.69077   -1.69035
  -1.68890   -1.68853   -1.68816   -1.68686   -0.70667   -0.70660   -0.70618   -0.70615
  -0.70556   -0.70548   -0.70509   -0.70501   -0.70496   -0.70491   -0.70465   -0.70462
  -0.70401   -0.70385   -0.70381   -0.70359   -0.70348   -0.70338   -0.70332   -0.70326
  -0.42580   -0.42039   -0.39516   -0.39469   -0.22018   -0.21783   -0.19156   -0.18539
  -0.06659   -0.05188   -0.04768   -0.03131   -0.02298   -0.01382    0.00036    0.00971
   0.05922    0.06024    0.06965    0.07518    0.12660    0.13173    0.14742    0.15275
   0.16476    0.16832    0.20499    0.20570
 kpt#  33, nband= 68, wtk=  0.01389, kpt=  0.2083  0.2083  0.3750 (reduced coord)
  -1.71561   -1.71534   -1.71442   -1.71248   -1.71089   -1.70992   -1.70882   -1.70878
  -1.70805   -1.70655   -1.69230   -1.69070   -1.68992   -1.68973   -1.68933   -1.68866
  -1.68742   -1.68648   -1.68633   -1.68407   -0.70717   -0.70633   -0.70582   -0.70563
  -0.70547   -0.70520   -0.70488   -0.70481   -0.70467   -0.70459   -0.70453   -0.70451
  -0.70360   -0.70351   -0.70348   -0.70326   -0.70319   -0.70315   -0.70311   -0.70297
  -0.44466   -0.42483   -0.39724   -0.39226   -0.19872   -0.19068   -0.16695   -0.14298
  -0.10161   -0.09082   -0.07505   -0.04263   -0.02388   -0.01934   -0.01340    0.01361
   0.05042    0.06050    0.07122    0.09734    0.13107    0.14003    0.15289    0.16046
   0.16725    0.20752    0.22792    0.24214
 kpt#  34, nband= 68, wtk=  0.02778, kpt=  0.2917  0.2083  0.3750 (reduced coord)
  -1.71640   -1.71526   -1.71481   -1.71276   -1.71110   -1.71059   -1.70991   -1.70977
  -1.70829   -1.70767   -1.69293   -1.69246   -1.69064   -1.68967   -1.68898   -1.68863
  -1.68791   -1.68716   -1.68706   -1.68608   -0.70708   -0.70668   -0.70620   -0.70585
  -0.70523   -0.70512   -0.70496   -0.70492   -0.70483   -0.70466   -0.70456   -0.70447
  -0.70403   -0.70393   -0.70355   -0.70347   -0.70337   -0.70322   -0.70292   -0.70277
  -0.43762   -0.42036   -0.39434   -0.39194   -0.20427   -0.19684   -0.17434   -0.15473
  -0.10471   -0.08568   -0.07631   -0.04692   -0.02813   -0.02460   -0.01216    0.00242
   0.04741    0.05356    0.06614    0.09068    0.12847    0.14423    0.15788    0.15974
   0.18009    0.19950    0.23336    0.24319
 kpt#  35, nband= 68, wtk=  0.02778, kpt=  0.3750  0.2083  0.3750 (reduced coord)
  -1.71560   -1.71468   -1.71357   -1.71306   -1.71239   -1.71087   -1.70979   -1.70913
  -1.70803   -1.70694   -1.69273   -1.69138   -1.69019   -1.68941   -1.68904   -1.68877
  -1.68754   -1.68710   -1.68630   -1.68581   -0.70710   -0.70694   -0.70611   -0.70590
  -0.70515   -0.70512   -0.70492   -0.70488   -0.70476   -0.70456   -0.70440   -0.70426
  -0.70408   -0.70386   -0.70364   -0.70332   -0.70322   -0.70304   -0.70284   -0.70275
  -0.42963   -0.41705   -0.39217   -0.39205   -0.20997   -0.20446   -0.18138   -0.16787
  -0.09601   -0.07999   -0.06553   -0.04404   -0.03709   -0.03579   -0.01099   -0.00757
   0.03155    0.03942    0.05873    0.07359    0.13597    0.15122    0.17464    0.17852
   0.18414    0.19872    0.23823    0.24140
 kpt#  36, nband= 68, wtk=  0.02778, kpt=  0.4583  0.2083  0.3750 (reduced coord)
  -1.71621   -1.71537   -1.71383   -1.71340   -1.71178   -1.71165   -1.71089   -1.71018
  -1.70860   -1.70822   -1.69176   -1.69155   -1.69136   -1.69091   -1.68981   -1.68934
  -1.68830   -1.68776   -1.68749   -1.68661   -0.70700   -0.70676   -0.70611   -0.70605
  -0.70522   -0.70521   -0.70508   -0.70504   -0.70483   -0.70478   -0.70455   -0.70441
  -0.70404   -0.70398   -0.70367   -0.70359   -0.70337   -0.70326   -0.70306   -0.70293
  -0.42218   -0.41739   -0.39188   -0.39148   -0.21260   -0.21050   -0.18338   -0.17844
  -0.07944   -0.06928   -0.05737   -0.05343   -0.05062   -0.04080   -0.01259   -0.00705
   0.02259    0.03167    0.04986    0.05860    0.14811    0.16211    0.17425    0.18856
   0.19480    0.19642    0.23801    0.24118
 kpt#  37, nband= 68, wtk=  0.01389, kpt=  0.2917  0.2917  0.3750 (reduced coord)
  -1.71611   -1.71515   -1.71514   -1.71224   -1.71147   -1.71019   -1.70994   -1.70876
  -1.70851   -1.70705   -1.69313   -1.69237   -1.69097   -1.69000   -1.68884   -1.68794
  -1.68716   -1.68714   -1.68596   -1.68531   -0.70713   -0.70684   -0.70613   -0.70598
  -0.70522   -0.70511   -0.70499   -0.70474   -0.70466   -0.70457   -0.70442   -0.70436
  -0.70431   -0.70402   -0.70355   -0.70351   -0.70337   -0.70322   -0.70271   -0.70242
  -0.43114   -0.41643   -0.39124   -0.39028   -0.20233   -0.19530   -0.17128   -0.15770
  -0.12014   -0.09311   -0.07519   -0.05982   -0.03929   -0.03506   -0.02339   -0.01229
   0.02589    0.03389    0.05542    0.07478    0.13963    0.15995    0.18156    0.18737
   0.19775    0.21441    0.23732    0.24745
 kpt#  38, nband= 68, wtk=  0.02778, kpt=  0.3750  0.2917  0.3750 (reduced coord)
  -1.71628   -1.71585   -1.71427   -1.71402   -1.71151   -1.71137   -1.71032   -1.70959
  -1.70896   -1.70857   -1.69249   -1.69211   -1.69109   -1.68970   -1.68957   -1.68915
  -1.68906   -1.68838   -1.68780   -1.68723   -0.70721   -0.70698   -0.70617   -0.70611
  -0.70515   -0.70510   -0.70502   -0.70501   -0.70481   -0.70472   -0.70457   -0.70451
  -0.70427   -0.70411   -0.70372   -0.70367   -0.70358   -0.70342   -0.70280   -0.70267
  -0.42400   -0.41364   -0.38891   -0.38873   -0.20197   -0.19709   -0.17085   -0.16330
  -0.12021   -0.09560   -0.06587   -0.06268   -0.05625   -0.05063   -0.03545   -0.02021
   0.00261    0.02116    0.03971    0.06302    0.15036    0.18530    0.18953    0.20773
   0.21408    0.23615    0.24063    0.25774
 kpt#  39, nband= 68, wtk=  0.02778, kpt=  0.4583  0.2917  0.3750 (reduced coord)
  -1.71624   -1.71548   -1.71325   -1.71230   -1.71116   -1.71085   -1.71034   -1.70997
  -1.70911   -1.70858   -1.69216   -1.69100   -1.69051   -1.68969   -1.68923   -1.68899
  -1.68862   -1.68763   -1.68750   -1.68688   -0.70719   -0.70715   -0.70604   -0.70585
  -0.70516   -0.70512   -0.70498   -0.70487   -0.70482   -0.70475   -0.70449   -0.70433
  -0.70420   -0.70405   -0.70363   -0.70355   -0.70344   -0.70338   -0.70286   -0.70263
  -0.41767   -0.41384   -0.38789   -0.38760   -0.20188   -0.20017   -0.17140   -0.16887
  -0.10631   -0.08870   -0.08179   -0.07095   -0.05697   -0.05614   -0.03024   -0.02906
  -0.01131    0.00100    0.04312    0.05264    0.16214    0.17492    0.21419    0.22333
   0.22440    0.23589    0.25155    0.25505
 kpt#  40, nband= 68, wtk=  0.01389, kpt=  0.3750  0.3750  0.3750 (reduced coord)
  -1.71652   -1.71514   -1.71426   -1.71268   -1.71197   -1.71065   -1.71030   -1.71019
  -1.70969   -1.70911   -1.69228   -1.69133   -1.69109   -1.68996   -1.68961   -1.68912
  -1.68847   -1.68801   -1.68760   -1.68707   -0.70756   -0.70704   -0.70609   -0.70596
  -0.70515   -0.70502   -0.70496   -0.70492   -0.70490   -0.70473   -0.70457   -0.70441
  -0.70435   -0.70413   -0.70371   -0.70368   -0.70351   -0.70335   -0.70285   -0.70267
  -0.41813   -0.41112   -0.38604   -0.38572   -0.19431   -0.19094   -0.16005   -0.15912
  -0.13413   -0.10681   -0.07870   -0.07301   -0.07108   -0.06063   -0.05141   -0.02912
  -0.02265   -0.00363    0.03863    0.05694    0.16273    0.18674    0.22380    0.22573
   0.23099    0.24387    0.25669    0.25996
 kpt#  41, nband= 68, wtk=  0.02778, kpt=  0.4583  0.3750  0.3750 (reduced coord)
  -1.71552   -1.71486   -1.71371   -1.71360   -1.71160   -1.71106   -1.71074   -1.71021
  -1.70934   -1.70816   -1.69251   -1.69117   -1.69062   -1.69038   -1.68877   -1.68853
  -1.68790   -1.68776   -1.68752   -1.68638   -0.70735   -0.70733   -0.70618   -0.70603
  -0.70510   -0.70500   -0.70490   -0.70487   -0.70482   -0.70479   -0.70464   -0.70445
  -0.70423   -0.70414   -0.70355   -0.70350   -0.70342   -0.70325   -0.70273   -0.70265
  -0.41332   -0.41082   -0.38424   -0.38407   -0.18949   -0.18831   -0.15825   -0.15629
  -0.12690   -0.10632   -0.10381   -0.09180   -0.07160   -0.06279   -0.04870   -0.03809
  -0.03345   -0.02487    0.04441    0.05103    0.17372    0.18217    0.22368    0.22785
   0.24866    0.25796    0.26625    0.27221
 kpt#  42, nband= 68, wtk=  0.01389, kpt=  0.4583  0.4583  0.3750 (reduced coord)
  -1.71552   -1.71495   -1.71444   -1.71332   -1.71062   -1.71060   -1.71018   -1.71010
  -1.70915   -1.70886   -1.69178   -1.69063   -1.69062   -1.69035   -1.68901   -1.68888
  -1.68874   -1.68803   -1.68752   -1.68719   -0.70745   -0.70734   -0.70605   -0.70598
  -0.70512   -0.70503   -0.70488   -0.70485   -0.70474   -0.70467   -0.70460   -0.70453
  -0.70442   -0.70419   -0.70367   -0.70358   -0.70343   -0.70341   -0.70258   -0.70254
  -0.41028   -0.40941   -0.38202   -0.38197   -0.17936   -0.17889   -0.14903   -0.14155
  -0.13832   -0.12231   -0.11410   -0.10825   -0.08008   -0.07521   -0.05798   -0.05163
  -0.03673   -0.03423    0.04737    0.04972    0.18240    0.18540    0.21879    0.22072
   0.25980    0.26009    0.28094    0.28530
