
 **** DERIVATIVE DATABASE ****    
+DDB, Version number    100401

  Note : temporary (transfer) database

    usepaw         0
     natom         8
      nkpt        42
    nsppol         1
      nsym        16
    ntypat         2
    occopt         1
     nband        68
     acell  0.77624316804222D+01  0.77624316804222D+01  0.77624316804222D+01
       amu  0.11871000000000D+03  0.78960000000000D+02
   dilatmx  0.10000000000000D+01
      ecut  0.22500000000000D+02
    ecutsm  0.00000000000000D+00
     intxc         0
      iscf        17
       ixc   -101130
       kpt  0.41666666666667D-01  0.41666666666667D-01  0.12500000000000D+00
            0.12500000000000D+00  0.41666666666667D-01  0.12500000000000D+00
            0.20833333333333D+00  0.41666666666667D-01  0.12500000000000D+00
            0.29166666666667D+00  0.41666666666667D-01  0.12500000000000D+00
            0.37500000000000D+00  0.41666666666667D-01  0.12500000000000D+00
            0.45833333333333D+00  0.41666666666667D-01  0.12500000000000D+00
            0.12500000000000D+00  0.12500000000000D+00  0.12500000000000D+00
            0.20833333333333D+00  0.12500000000000D+00  0.12500000000000D+00
            0.29166666666667D+00  0.12500000000000D+00  0.12500000000000D+00
            0.37500000000000D+00  0.12500000000000D+00  0.12500000000000D+00
            0.45833333333333D+00  0.12500000000000D+00  0.12500000000000D+00
            0.20833333333333D+00  0.20833333333333D+00  0.12500000000000D+00
            0.29166666666667D+00  0.20833333333333D+00  0.12500000000000D+00
            0.37500000000000D+00  0.20833333333333D+00  0.12500000000000D+00
            0.45833333333333D+00  0.20833333333333D+00  0.12500000000000D+00
            0.29166666666667D+00  0.29166666666667D+00  0.12500000000000D+00
            0.37500000000000D+00  0.29166666666667D+00  0.12500000000000D+00
            0.45833333333333D+00  0.29166666666667D+00  0.12500000000000D+00
            0.37500000000000D+00  0.37500000000000D+00  0.12500000000000D+00
            0.45833333333333D+00  0.37500000000000D+00  0.12500000000000D+00
            0.45833333333333D+00  0.45833333333333D+00  0.12500000000000D+00
            0.41666666666667D-01  0.41666666666667D-01  0.37500000000000D+00
            0.12500000000000D+00  0.41666666666667D-01  0.37500000000000D+00
            0.20833333333333D+00  0.41666666666667D-01  0.37500000000000D+00
            0.29166666666667D+00  0.41666666666667D-01  0.37500000000000D+00
            0.37500000000000D+00  0.41666666666667D-01  0.37500000000000D+00
            0.45833333333333D+00  0.41666666666667D-01  0.37500000000000D+00
            0.12500000000000D+00  0.12500000000000D+00  0.37500000000000D+00
            0.20833333333333D+00  0.12500000000000D+00  0.37500000000000D+00
            0.29166666666667D+00  0.12500000000000D+00  0.37500000000000D+00
            0.37500000000000D+00  0.12500000000000D+00  0.37500000000000D+00
            0.45833333333333D+00  0.12500000000000D+00  0.37500000000000D+00
            0.20833333333333D+00  0.20833333333333D+00  0.37500000000000D+00
            0.29166666666667D+00  0.20833333333333D+00  0.37500000000000D+00
            0.37500000000000D+00  0.20833333333333D+00  0.37500000000000D+00
            0.45833333333333D+00  0.20833333333333D+00  0.37500000000000D+00
            0.29166666666667D+00  0.29166666666667D+00  0.37500000000000D+00
            0.37500000000000D+00  0.29166666666667D+00  0.37500000000000D+00
            0.45833333333333D+00  0.29166666666667D+00  0.37500000000000D+00
            0.37500000000000D+00  0.37500000000000D+00  0.37500000000000D+00
            0.45833333333333D+00  0.37500000000000D+00  0.37500000000000D+00
            0.45833333333333D+00  0.45833333333333D+00  0.37500000000000D+00
    kptnrm  0.10000000000000D+01
     ngfft        36   36  144
    nspden         1
   nspinor         1
       occ  0.20000000000000D+01  0.20000000000000D+01  0.20000000000000D+01
            0.20000000000000D+01  0.20000000000000D+01  0.20000000000000D+01
            0.20000000000000D+01  0.20000000000000D+01  0.20000000000000D+01
            0.20000000000000D+01  0.20000000000000D+01  0.20000000000000D+01
            0.20000000000000D+01  0.20000000000000D+01  0.20000000000000D+01
            0.20000000000000D+01  0.20000000000000D+01  0.20000000000000D+01
            0.20000000000000D+01  0.20000000000000D+01  0.20000000000000D+01
            0.20000000000000D+01  0.20000000000000D+01  0.20000000000000D+01
            0.20000000000000D+01  0.20000000000000D+01  0.20000000000000D+01
            0.20000000000000D+01  0.20000000000000D+01  0.20000000000000D+01
            0.20000000000000D+01  0.20000000000000D+01  0.20000000000000D+01
            0.20000000000000D+01  0.20000000000000D+01  0.20000000000000D+01
            0.20000000000000D+01  0.20000000000000D+01  0.20000000000000D+01
            0.20000000000000D+01  0.20000000000000D+01  0.20000000000000D+01
            0.20000000000000D+01  0.20000000000000D+01  0.20000000000000D+01
            0.20000000000000D+01  0.20000000000000D+01  0.20000000000000D+01
            0.20000000000000D+01  0.20000000000000D+01  0.20000000000000D+01
            0.20000000000000D+01  0.20000000000000D+01  0.20000000000000D+01
            0.20000000000000D+01  0.20000000000000D+01  0.20000000000000D+01
            0.20000000000000D+01  0.20000000000000D+01  0.20000000000000D+01
            0.00000000000000D+00  0.00000000000000D+00  0.00000000000000D+00
            0.00000000000000D+00  0.00000000000000D+00  0.00000000000000D+00
            0.00000000000000D+00  0.00000000000000D+00
     rprim  0.10000000000000D+01  0.00000000000000D+00  0.00000000000000D+00
            0.00000000000000D+00  0.10000000000000D+01  0.00000000000000D+00
            0.00000000000000D+00  0.00000000000000D+00  0.42647429146516D+01
  dfpt_sciss  0.00000000000000D+00
    spinat  0.00000000000000D+00  0.00000000000000D+00  0.00000000000000D+00
            0.00000000000000D+00  0.00000000000000D+00  0.00000000000000D+00
            0.00000000000000D+00  0.00000000000000D+00  0.00000000000000D+00
            0.00000000000000D+00  0.00000000000000D+00  0.00000000000000D+00
            0.00000000000000D+00  0.00000000000000D+00  0.00000000000000D+00
            0.00000000000000D+00  0.00000000000000D+00  0.00000000000000D+00
            0.00000000000000D+00  0.00000000000000D+00  0.00000000000000D+00
            0.00000000000000D+00  0.00000000000000D+00  0.00000000000000D+00
    symafm         1    1    1    1    1    1    1    1    1    1    1    1
                   1    1    1    1
    symrel         1    0    0    0    1    0    0    0    1
                  -1    0    0    0   -1    0    0    0   -1
                  -1    0    0    0    1    0    0    0   -1
                   1    0    0    0   -1    0    0    0    1
                  -1    0    0    0   -1    0    0    0    1
                   1    0    0    0    1    0    0    0   -1
                   1    0    0    0   -1    0    0    0   -1
                  -1    0    0    0    1    0    0    0    1
                   0    1    0    1    0    0    0    0    1
                   0   -1    0   -1    0    0    0    0   -1
                   0   -1    0    1    0    0    0    0   -1
                   0    1    0   -1    0    0    0    0    1
                   0   -1    0   -1    0    0    0    0    1
                   0    1    0    1    0    0    0    0   -1
                   0    1    0   -1    0    0    0    0   -1
                   0   -1    0    1    0    0    0    0    1
     tnons  0.00000000000000D+00  0.00000000000000D+00  0.00000000000000D+00
            0.50000000000000D+00  0.50000000000000D+00  0.00000000000000D+00
            0.50000000000000D+00  0.50000000000000D+00  0.00000000000000D+00
            0.00000000000000D+00  0.00000000000000D+00  0.00000000000000D+00
           -0.11102230246252D-15  0.00000000000000D+00  0.00000000000000D+00
            0.50000000000000D+00  0.50000000000000D+00  0.00000000000000D+00
            0.50000000000000D+00  0.50000000000000D+00  0.00000000000000D+00
           -0.11102230246252D-15  0.00000000000000D+00  0.00000000000000D+00
            0.50000000000000D+00  0.50000000000000D+00  0.00000000000000D+00
            0.00000000000000D+00 -0.11102230246252D-15  0.00000000000000D+00
            0.00000000000000D+00 -0.11102230246252D-15  0.00000000000000D+00
            0.50000000000000D+00  0.50000000000000D+00  0.00000000000000D+00
            0.50000000000000D+00  0.50000000000000D+00  0.00000000000000D+00
            0.00000000000000D+00  0.00000000000000D+00  0.00000000000000D+00
            0.00000000000000D+00  0.00000000000000D+00  0.00000000000000D+00
            0.50000000000000D+00  0.50000000000000D+00  0.00000000000000D+00
    tolwfr  0.10000000000000D+01
   tphysel  0.00000000000000D+00
    tsmear  0.10000000000000D-01
     typat         1    1    1    1    2    2    2    2
       wtk  0.13888888888889D-01  0.27777777777778D-01  0.27777777777778D-01
            0.27777777777778D-01  0.27777777777778D-01  0.27777777777778D-01
            0.13888888888889D-01  0.27777777777778D-01  0.27777777777778D-01
            0.27777777777778D-01  0.27777777777778D-01  0.13888888888889D-01
            0.27777777777778D-01  0.27777777777778D-01  0.27777777777778D-01
            0.13888888888889D-01  0.27777777777778D-01  0.27777777777778D-01
            0.13888888888889D-01  0.27777777777778D-01  0.13888888888889D-01
            0.13888888888889D-01  0.27777777777778D-01  0.27777777777778D-01
            0.27777777777778D-01  0.27777777777778D-01  0.27777777777778D-01
            0.13888888888889D-01  0.27777777777778D-01  0.27777777777778D-01
            0.27777777777778D-01  0.27777777777778D-01  0.13888888888889D-01
            0.27777777777778D-01  0.27777777777778D-01  0.27777777777778D-01
            0.13888888888889D-01  0.27777777777778D-01  0.27777777777778D-01
            0.13888888888889D-01  0.27777777777778D-01  0.13888888888889D-01
      xred  0.50000000000000D+00  0.00000000000000D+00  0.26637700000000D+00
            0.00000000000000D+00  0.50000000000000D+00  0.42333400000000D+00
            0.50000000000000D+00  0.00000000000000D+00  0.57666600000000D+00
            0.00000000000000D+00  0.50000000000000D+00  0.73362300000000D+00
            0.00000000000000D+00  0.50000000000000D+00  0.26819000000000D+00
            0.50000000000000D+00  0.00000000000000D+00  0.42152100000000D+00
            0.00000000000000D+00  0.50000000000000D+00  0.57847900000000D+00
            0.50000000000000D+00  0.00000000000000D+00  0.73181000000000D+00
     znucl  0.50000000000000D+02  0.34000000000000D+02
      zion  0.14000000000000D+02  0.16000000000000D+02
 
 No information on the potentials yet 
 
 **** Database of total energy derivatives ****
 Number of data blocks=    2
  
 Total energy                 - # elements :       1
 -0.79575543047013D+03  0.00000000000000D+00
  
 1st derivatives              - # elements :      30
   1   1  0.00000000000000D+00  0.00000000000000D+00
   2   1  0.15777218104420D-29  0.00000000000000D+00
   3   1  0.37719878359181D+00  0.00000000000000D+00
   1   2 -0.63108872417681D-29  0.00000000000000D+00
   2   2 -0.47331654313261D-29  0.00000000000000D+00
   3   2  0.50942632968400D+00  0.00000000000000D+00
   1   3  0.00000000000000D+00  0.00000000000000D+00
   2   3  0.00000000000000D+00  0.00000000000000D+00
   3   3 -0.50942632968400D+00  0.00000000000000D+00
   1   4 -0.31554436208840D-29  0.00000000000000D+00
   2   4 -0.15777218104420D-29  0.00000000000000D+00
   3   4 -0.37719878359181D+00  0.00000000000000D+00
   1   5  0.63108872417681D-29  0.00000000000000D+00
   2   5  0.31554436208840D-29  0.00000000000000D+00
   3   5  0.49448967057873D+00  0.00000000000000D+00
   1   6  0.19721522630525D-29  0.00000000000000D+00
   2   6  0.00000000000000D+00  0.00000000000000D+00
   3   6  0.43846716745211D+00  0.00000000000000D+00
   1   7  0.00000000000000D+00  0.00000000000000D+00
   2   7 -0.15777218104420D-29  0.00000000000000D+00
   3   7 -0.43846716745211D+00  0.00000000000000D+00
   1   8 -0.39443045261051D-29  0.00000000000000D+00
   2   8 -0.31554436208840D-29  0.00000000000000D+00
   3   8 -0.49448967057873D+00  0.00000000000000D+00
   1  11  0.11478239198428D-01  0.00000000000000D+00
   2  11  0.11478239198428D-01  0.00000000000000D+00
   3  11  0.11332480626805D-01  0.00000000000000D+00
   1  12  0.00000000000000D+00  0.00000000000000D+00
   2  12  0.00000000000000D+00  0.00000000000000D+00
   3  12  0.00000000000000D+00  0.00000000000000D+00
