 Eigenvalues (hartree) for nkpt=  57  k points:
 kpt#   1, nband= 68, wtk=  1.00000, kpt=  0.5000  0.5000  0.0000 (reduced coord)
  -1.71448   -1.71448   -1.71213   -1.71213   -1.71114   -1.71114   -1.70917   -1.70917
  -1.70862   -1.70862   -1.69155   -1.69155   -1.68875   -1.68875   -1.68750   -1.68750
  -1.68642   -1.68642   -1.68638   -1.68638   -0.70777   -0.70777   -0.70606   -0.70606
  -0.70482   -0.70482   -0.70478   -0.70478   -0.70456   -0.70456   -0.70449   -0.70449
  -0.70378   -0.70378   -0.70330   -0.70330   -0.70321   -0.70321   -0.70229   -0.70229
  -0.40927   -0.40927   -0.38142   -0.38142   -0.17567   -0.17567   -0.14249   -0.14249
  -0.13341   -0.13341   -0.11502   -0.11502   -0.08097   -0.08097   -0.05882   -0.05882
  -0.03595   -0.03595    0.04885    0.04885    0.18556    0.18556    0.21819    0.21819
   0.26058    0.26058    0.28799    0.28807
 kpt#   2, nband= 68, wtk=  1.00000, kpt=  0.4500  0.4500  0.0500 (reduced coord)
  -1.71718   -1.71541   -1.71503   -1.71426   -1.71266   -1.71135   -1.71130   -1.71085
  -1.71055   -1.70970   -1.69230   -1.69230   -1.69099   -1.69069   -1.68990   -1.68969
  -1.68928   -1.68840   -1.68837   -1.68803   -0.70755   -0.70736   -0.70628   -0.70608
  -0.70537   -0.70527   -0.70510   -0.70501   -0.70491   -0.70487   -0.70481   -0.70458
  -0.70446   -0.70437   -0.70368   -0.70366   -0.70356   -0.70339   -0.70292   -0.70268
  -0.41073   -0.40949   -0.38229   -0.38221   -0.18075   -0.18008   -0.15059   -0.14113
  -0.14019   -0.11882   -0.11369   -0.10554   -0.07968   -0.07298   -0.05761   -0.04888
  -0.03695   -0.03334    0.04675    0.05012    0.18090    0.18525    0.21930    0.22160
   0.25952    0.26062    0.27948    0.28331
 kpt#   3, nband= 68, wtk=  1.00000, kpt=  0.4000  0.4000  0.1000 (reduced coord)
  -1.71627   -1.71616   -1.71523   -1.71396   -1.71242   -1.71141   -1.71121   -1.71038
  -1.71026   -1.70939   -1.69250   -1.69235   -1.69122   -1.69022   -1.69010   -1.68955
  -1.68892   -1.68807   -1.68796   -1.68792   -0.70759   -0.70732   -0.70627   -0.70606
  -0.70520   -0.70506   -0.70505   -0.70503   -0.70496   -0.70483   -0.70468   -0.70462
  -0.70456   -0.70431   -0.70382   -0.70365   -0.70348   -0.70339   -0.70277   -0.70269
  -0.41505   -0.41033   -0.38461   -0.38433   -0.19005   -0.18778   -0.15801   -0.15304
  -0.13710   -0.10973   -0.09350   -0.08378   -0.07584   -0.06075   -0.05403   -0.03402
  -0.03262   -0.01779    0.04147    0.05397    0.16944    0.18568    0.22300    0.23024
   0.24143    0.25851    0.26057    0.26580
 kpt#   4, nband= 68, wtk=  1.00000, kpt=  0.3500  0.3500  0.1500 (reduced coord)
  -1.71591   -1.71583   -1.71514   -1.71288   -1.71172   -1.71025   -1.71023   -1.71012
  -1.70969   -1.70831   -1.69202   -1.69193   -1.69099   -1.68972   -1.68932   -1.68857
  -1.68856   -1.68816   -1.68753   -1.68671   -0.70733   -0.70701   -0.70624   -0.70594
  -0.70511   -0.70504   -0.70504   -0.70493   -0.70478   -0.70472   -0.70461   -0.70454
  -0.70430   -0.70415   -0.70364   -0.70360   -0.70333   -0.70328   -0.70304   -0.70252
  -0.42170   -0.41226   -0.38750   -0.38726   -0.19784   -0.19328   -0.16428   -0.16081
  -0.13056   -0.10331   -0.06963   -0.06527   -0.06120   -0.05853   -0.04828   -0.02387
  -0.00897    0.01130    0.03719    0.06076    0.15539    0.18847    0.20407    0.22090
   0.22887    0.22968    0.25608    0.25917
 kpt#   5, nband= 68, wtk=  1.00000, kpt=  0.3000  0.3000  0.2000 (reduced coord)
  -1.71557   -1.71465   -1.71422   -1.71337   -1.71164   -1.71057   -1.70901   -1.70874
  -1.70851   -1.70683   -1.69373   -1.69210   -1.68954   -1.68932   -1.68846   -1.68764
  -1.68711   -1.68655   -1.68633   -1.68566   -0.70725   -0.70689   -0.70616   -0.70606
  -0.70499   -0.70493   -0.70486   -0.70475   -0.70473   -0.70454   -0.70443   -0.70442
  -0.70435   -0.70410   -0.70337   -0.70334   -0.70327   -0.70321   -0.70264   -0.70236
  -0.42974   -0.41571   -0.39065   -0.38995   -0.20204   -0.19530   -0.17077   -0.15854
  -0.12178   -0.09472   -0.07350   -0.06136   -0.04069   -0.03778   -0.02889   -0.01332
   0.02114    0.03123    0.05135    0.07215    0.14162    0.16529    0.18705    0.19155
   0.19856    0.22094    0.23615    0.25318
 kpt#   6, nband= 68, wtk=  1.00000, kpt=  0.2500  0.2500  0.2500 (reduced coord)
  -1.71666   -1.71664   -1.71464   -1.71309   -1.71149   -1.71070   -1.71053   -1.70963
  -1.70872   -1.70796   -1.69345   -1.69134   -1.69110   -1.68997   -1.68932   -1.68931
  -1.68778   -1.68774   -1.68746   -1.68666   -0.70712   -0.70681   -0.70617   -0.70595
  -0.70551   -0.70510   -0.70507   -0.70493   -0.70474   -0.70470   -0.70461   -0.70461
  -0.70411   -0.70383   -0.70371   -0.70363   -0.70340   -0.70311   -0.70303   -0.70271
  -0.43811   -0.42046   -0.39425   -0.39152   -0.20196   -0.19407   -0.17120   -0.15167
  -0.11125   -0.08443   -0.08351   -0.05153   -0.03179   -0.02383   -0.01246    0.00103
   0.04626    0.05235    0.06634    0.09073    0.12981    0.14583    0.15896    0.16188
   0.18278    0.20335    0.23612    0.24186
 kpt#   7, nband= 68, wtk=  1.00000, kpt=  0.2000  0.2000  0.3000 (reduced coord)
  -1.71555   -1.71549   -1.71428   -1.71129   -1.70969   -1.70945   -1.70888   -1.70825
  -1.70732   -1.70558   -1.69183   -1.69069   -1.68937   -1.68920   -1.68905   -1.68770
  -1.68686   -1.68671   -1.68553   -1.68375   -0.70715   -0.70630   -0.70551   -0.70545
  -0.70536   -0.70514   -0.70480   -0.70479   -0.70462   -0.70459   -0.70457   -0.70445
  -0.70355   -0.70344   -0.70338   -0.70333   -0.70310   -0.70304   -0.70301   -0.70286
  -0.44588   -0.42569   -0.39781   -0.39237   -0.19776   -0.18974   -0.16566   -0.14098
  -0.09963   -0.09208   -0.07313   -0.04083   -0.02229   -0.02048   -0.01199    0.01410
   0.04579    0.06202    0.07242    0.09640    0.13232    0.13975    0.15317    0.16000
   0.17278    0.20847    0.22849    0.24147
 kpt#   8, nband= 68, wtk=  1.00000, kpt=  0.1500  0.1500  0.3500 (reduced coord)
  -1.71540   -1.71508   -1.71414   -1.71252   -1.71237   -1.71197   -1.70954   -1.70859
  -1.70754   -1.70725   -1.69234   -1.69204   -1.69191   -1.68995   -1.68876   -1.68846
  -1.68747   -1.68660   -1.68569   -1.68517   -0.70746   -0.70642   -0.70584   -0.70574
  -0.70572   -0.70559   -0.70483   -0.70477   -0.70477   -0.70460   -0.70444   -0.70442
  -0.70369   -0.70362   -0.70348   -0.70336   -0.70332   -0.70319   -0.70296   -0.70289
  -0.45243   -0.43053   -0.40101   -0.39288   -0.19037   -0.18217   -0.15554   -0.12781
  -0.09748   -0.08795   -0.06184   -0.03026   -0.02981   -0.01311   -0.00389    0.00488
   0.01583    0.05561    0.05941    0.08633    0.13688    0.16150    0.16332    0.19197
   0.20048    0.21611    0.22882    0.23614
 kpt#   9, nband= 68, wtk=  1.00000, kpt=  0.1000  0.1000  0.4000 (reduced coord)
  -1.71709   -1.71572   -1.71365   -1.71328   -1.71257   -1.71204   -1.71199   -1.71001
  -1.70870   -1.70814   -1.69310   -1.69295   -1.69276   -1.69160   -1.69056   -1.68905
  -1.68811   -1.68744   -1.68552   -1.68533   -0.70785   -0.70678   -0.70627   -0.70591
  -0.70586   -0.70570   -0.70504   -0.70502   -0.70476   -0.70461   -0.70451   -0.70433
  -0.70393   -0.70367   -0.70366   -0.70348   -0.70342   -0.70329   -0.70307   -0.70287
  -0.45732   -0.43434   -0.40354   -0.39321   -0.18160   -0.17202   -0.14293   -0.11590
  -0.09622   -0.07759   -0.05189   -0.04293   -0.02106   -0.01527   -0.00825   -0.00533
   0.00062    0.03401    0.03722    0.07554    0.14224    0.19276    0.19887    0.20232
   0.21120    0.23306    0.23506    0.24365
 kpt#  10, nband= 68, wtk=  1.00000, kpt=  0.0500  0.0500  0.4500 (reduced coord)
  -1.71882   -1.71831   -1.71681   -1.71653   -1.71430   -1.71299   -1.71021   -1.71002
  -1.70828   -1.70821   -1.69347   -1.69298   -1.69252   -1.69099   -1.69045   -1.68968
  -1.68851   -1.68841   -1.68730   -1.68660   -0.70833   -0.70691   -0.70662   -0.70638
  -0.70572   -0.70571   -0.70528   -0.70522   -0.70508   -0.70474   -0.70469   -0.70450
  -0.70382   -0.70378   -0.70364   -0.70345   -0.70343   -0.70340   -0.70302   -0.70291
  -0.46034   -0.43675   -0.40516   -0.39344   -0.17428   -0.16189   -0.13102   -0.11019
  -0.08604   -0.07028   -0.05933   -0.04491   -0.03420   -0.01791   -0.01470   -0.00561
  -0.00006    0.01186    0.02635    0.06997    0.14693    0.19113    0.19809    0.22525
   0.23165    0.23688    0.25239    0.25347
 kpt#  11, nband= 68, wtk=  1.00000, kpt=  0.0000  0.0000  0.5000 (reduced coord)
  -1.71937   -1.71877   -1.71877   -1.71867   -1.71779   -1.71325   -1.70942   -1.70938
  -1.70610   -1.70610   -1.69586   -1.69436   -1.69286   -1.69145   -1.69010   -1.68945
  -1.68645   -1.68645   -1.68645   -1.68645   -0.70874   -0.70746   -0.70723   -0.70645
  -0.70575   -0.70567   -0.70531   -0.70531   -0.70494   -0.70482   -0.70447   -0.70447
  -0.70420   -0.70370   -0.70345   -0.70343   -0.70299   -0.70299   -0.70278   -0.70278
  -0.46135   -0.43757   -0.40572   -0.39352   -0.17141   -0.15723   -0.12548   -0.10831
  -0.07927   -0.06761   -0.06761   -0.04238   -0.04238   -0.01876   -0.01241   -0.01241
   0.00181    0.00181    0.02487    0.06829    0.14879    0.18993    0.19328    0.22182
   0.24270    0.25508    0.25508    0.25941
 kpt#  12, nband= 68, wtk=  1.00000, kpt=  0.0000  0.0000  0.4583 (reduced coord)
  -1.71868   -1.71868   -1.71771   -1.71697   -1.71648   -1.71320   -1.70938   -1.70925
  -1.70609   -1.70609   -1.69561   -1.69425   -1.69280   -1.69104   -1.68878   -1.68869
  -1.68645   -1.68645   -1.68640   -1.68640   -0.70851   -0.70720   -0.70694   -0.70633
  -0.70571   -0.70566   -0.70530   -0.70530   -0.70490   -0.70481   -0.70447   -0.70447
  -0.70416   -0.70369   -0.70337   -0.70330   -0.70298   -0.70298   -0.70278   -0.70278
  -0.46135   -0.43757   -0.40572   -0.39351   -0.17141   -0.15723   -0.12548   -0.10831
  -0.07927   -0.06761   -0.06761   -0.04238   -0.04238   -0.01876   -0.01241   -0.01241
   0.00181    0.00181    0.02487    0.06829    0.14876    0.19007    0.19329    0.22183
   0.24270    0.25508    0.25508    0.25857
 kpt#  13, nband= 68, wtk=  1.00000, kpt=  0.0000  0.0000  0.4167 (reduced coord)
  -1.71925   -1.71925   -1.71790   -1.71773   -1.71672   -1.71329   -1.71164   -1.71060
  -1.70896   -1.70896   -1.69614   -1.69516   -1.69433   -1.69214   -1.69010   -1.68983
  -1.68983   -1.68873   -1.68787   -1.68787   -0.70852   -0.70720   -0.70699   -0.70653
  -0.70588   -0.70583   -0.70541   -0.70541   -0.70492   -0.70482   -0.70472   -0.70472
  -0.70436   -0.70410   -0.70357   -0.70351   -0.70351   -0.70350   -0.70322   -0.70322
  -0.46135   -0.43757   -0.40572   -0.39351   -0.17141   -0.15723   -0.12548   -0.10831
  -0.07927   -0.06761   -0.06761   -0.04238   -0.04238   -0.01875   -0.01241   -0.01241
   0.00180    0.00180    0.02487    0.06828    0.14868    0.19048    0.19329    0.22182
   0.24269    0.25507    0.25507    0.25638
 kpt#  14, nband= 68, wtk=  1.00000, kpt=  0.0000  0.0000  0.3750 (reduced coord)
  -1.71935   -1.71935   -1.71790   -1.71772   -1.71682   -1.71333   -1.71165   -1.71094
  -1.70972   -1.70972   -1.69614   -1.69518   -1.69430   -1.69214   -1.69048   -1.68985
  -1.68985   -1.68877   -1.68840   -1.68840   -0.70852   -0.70719   -0.70702   -0.70653
  -0.70589   -0.70586   -0.70544   -0.70544   -0.70493   -0.70482   -0.70480   -0.70480
  -0.70436   -0.70410   -0.70358   -0.70358   -0.70357   -0.70357   -0.70328   -0.70328
  -0.46135   -0.43757   -0.40572   -0.39351   -0.17141   -0.15723   -0.12548   -0.10831
  -0.07927   -0.06761   -0.06761   -0.04238   -0.04238   -0.01875   -0.01241   -0.01241
   0.00180    0.00180    0.02487    0.06827    0.14856    0.19114    0.19329    0.22182
   0.24268    0.25345    0.25507    0.25507
 kpt#  15, nband= 68, wtk=  1.00000, kpt=  0.0000  0.0000  0.3333 (reduced coord)
  -1.71903   -1.71903   -1.71794   -1.71752   -1.71673   -1.71321   -1.71171   -1.71088
  -1.70964   -1.70964   -1.69611   -1.69523   -1.69456   -1.69213   -1.69036   -1.68988
  -1.68988   -1.68787   -1.68766   -1.68766   -0.70865   -0.70701   -0.70696   -0.70654
  -0.70589   -0.70584   -0.70544   -0.70544   -0.70486   -0.70483   -0.70463   -0.70463
  -0.70436   -0.70410   -0.70357   -0.70356   -0.70356   -0.70356   -0.70328   -0.70328
  -0.46135   -0.43757   -0.40571   -0.39352   -0.17141   -0.15723   -0.12548   -0.10831
  -0.07927   -0.06761   -0.06761   -0.04238   -0.04238   -0.01875   -0.01241   -0.01241
   0.00181    0.00181    0.02487    0.06825    0.14840    0.19204    0.19330    0.22184
   0.24267    0.25022    0.25507    0.25507
 kpt#  16, nband= 68, wtk=  1.00000, kpt=  0.0000  0.0000  0.2917 (reduced coord)
  -1.71906   -1.71906   -1.71899   -1.71793   -1.71671   -1.71199   -1.71169   -1.71085
  -1.70942   -1.70942   -1.69604   -1.69520   -1.69278   -1.69212   -1.69037   -1.68893
  -1.68893   -1.68768   -1.68762   -1.68762   -0.70877   -0.70729   -0.70701   -0.70653
  -0.70589   -0.70583   -0.70544   -0.70544   -0.70485   -0.70462   -0.70462   -0.70435
  -0.70416   -0.70410   -0.70357   -0.70356   -0.70344   -0.70344   -0.70321   -0.70321
  -0.46135   -0.43757   -0.40572   -0.39352   -0.17141   -0.15723   -0.12548   -0.10832
  -0.07927   -0.06761   -0.06761   -0.04238   -0.04238   -0.01876   -0.01241   -0.01241
   0.00181    0.00181    0.02488    0.06821    0.14821    0.19314    0.19330    0.22185
   0.24260    0.24700    0.25507    0.25507
 kpt#  17, nband= 68, wtk=  1.00000, kpt=  0.0000  0.0000  0.2500 (reduced coord)
  -1.71901   -1.71901   -1.71896   -1.71792   -1.71669   -1.71195   -1.71168   -1.71084
  -1.70939   -1.70939   -1.69601   -1.69520   -1.69278   -1.69211   -1.69037   -1.68889
  -1.68889   -1.68762   -1.68762   -1.68762   -0.70875   -0.70729   -0.70701   -0.70653
  -0.70589   -0.70583   -0.70543   -0.70543   -0.70485   -0.70461   -0.70461   -0.70434
  -0.70417   -0.70410   -0.70357   -0.70356   -0.70343   -0.70343   -0.70321   -0.70321
  -0.46135   -0.43757   -0.40572   -0.39352   -0.17140   -0.15723   -0.12548   -0.10832
  -0.07927   -0.06761   -0.06761   -0.04238   -0.04238   -0.01876   -0.01241   -0.01241
   0.00181    0.00181    0.02488    0.06819    0.14803    0.19330    0.19438    0.22186
   0.24225    0.24409    0.25507    0.25507
 kpt#  18, nband= 68, wtk=  1.00000, kpt=  0.0000  0.0000  0.2083 (reduced coord)
  -1.71888   -1.71797   -1.71775   -1.71775   -1.71760   -1.71238   -1.71081   -1.71056
  -1.70755   -1.70755   -1.69560   -1.69448   -1.69257   -1.69202   -1.69121   -1.68817
  -1.68817   -1.68814   -1.68712   -1.68712   -0.70858   -0.70739   -0.70723   -0.70645
  -0.70582   -0.70579   -0.70520   -0.70520   -0.70501   -0.70438   -0.70438   -0.70426
  -0.70415   -0.70397   -0.70367   -0.70354   -0.70340   -0.70340   -0.70302   -0.70302
  -0.46135   -0.43757   -0.40572   -0.39352   -0.17140   -0.15723   -0.12548   -0.10831
  -0.07927   -0.06761   -0.06761   -0.04237   -0.04237   -0.01875   -0.01241   -0.01241
   0.00181    0.00181    0.02487    0.06817    0.14785    0.19331    0.19568    0.22192
   0.24024    0.24302    0.25507    0.25507
 kpt#  19, nband= 68, wtk=  1.00000, kpt=  0.0000  0.0000  0.1667 (reduced coord)
  -1.71906   -1.71707   -1.71621   -1.71614   -1.71614   -1.71331   -1.71187   -1.71179
  -1.70913   -1.70913   -1.69566   -1.69459   -1.69395   -1.69186   -1.69034   -1.69026
  -1.69026   -1.68898   -1.68564   -1.68564   -0.70809   -0.70737   -0.70679   -0.70630
  -0.70626   -0.70587   -0.70523   -0.70500   -0.70500   -0.70449   -0.70448   -0.70448
  -0.70440   -0.70396   -0.70390   -0.70363   -0.70357   -0.70357   -0.70302   -0.70302
  -0.46135   -0.43757   -0.40571   -0.39349   -0.17140   -0.15720   -0.12547   -0.10831
  -0.07927   -0.06760   -0.06760   -0.04237   -0.04237   -0.01871   -0.01241   -0.01241
   0.00181    0.00181    0.02487    0.06816    0.14767    0.19329    0.19703    0.22166
   0.23760    0.24286    0.25505    0.25505
 kpt#  20, nband= 68, wtk=  1.00000, kpt=  0.0000  0.0000  0.1250 (reduced coord)
  -1.71805   -1.71630   -1.71569   -1.71265   -1.71262   -1.71262   -1.71155   -1.71114
  -1.70726   -1.70726   -1.69535   -1.69438   -1.69330   -1.69158   -1.69014   -1.68933
  -1.68933   -1.68787   -1.68332   -1.68332   -0.70792   -0.70718   -0.70661   -0.70622
  -0.70617   -0.70584   -0.70519   -0.70446   -0.70446   -0.70445   -0.70435   -0.70418
  -0.70418   -0.70387   -0.70387   -0.70357   -0.70342   -0.70342   -0.70263   -0.70263
  -0.46135   -0.43757   -0.40571   -0.39349   -0.17140   -0.15720   -0.12547   -0.10830
  -0.07926   -0.06760   -0.06760   -0.04237   -0.04237   -0.01870   -0.01241   -0.01241
   0.00181    0.00181    0.02487    0.06816    0.14754    0.19332    0.19830    0.22169
   0.23526    0.24283    0.25505    0.25505
 kpt#  21, nband= 68, wtk=  1.00000, kpt=  0.0000  0.0000  0.0833 (reduced coord)
  -1.71767   -1.71697   -1.71562   -1.71248   -1.71248   -1.71206   -1.71197   -1.71173
  -1.70789   -1.70789   -1.69443   -1.69407   -1.69330   -1.69184   -1.69157   -1.68972
  -1.68972   -1.68850   -1.68336   -1.68336   -0.70790   -0.70717   -0.70667   -0.70623
  -0.70601   -0.70581   -0.70520   -0.70505   -0.70452   -0.70452   -0.70418   -0.70418
  -0.70418   -0.70386   -0.70385   -0.70361   -0.70341   -0.70341   -0.70275   -0.70275
  -0.46135   -0.43757   -0.40571   -0.39349   -0.17140   -0.15720   -0.12547   -0.10830
  -0.07926   -0.06760   -0.06760   -0.04237   -0.04237   -0.01869   -0.01240   -0.01240
   0.00181    0.00181    0.02487    0.06815    0.14742    0.19331    0.19934    0.22169
   0.23342    0.24281    0.25505    0.25505
 kpt#  22, nband= 68, wtk=  1.00000, kpt=  0.0000  0.0000  0.0417 (reduced coord)
  -1.71643   -1.71535   -1.71494   -1.71140   -1.71136   -1.71130   -1.71130   -1.71103
  -1.70675   -1.70675   -1.69342   -1.69325   -1.69215   -1.69155   -1.69077   -1.68801
  -1.68801   -1.68725   -1.68297   -1.68297   -0.70752   -0.70700   -0.70660   -0.70619
  -0.70585   -0.70568   -0.70503   -0.70493   -0.70429   -0.70429   -0.70403   -0.70403
  -0.70393   -0.70384   -0.70370   -0.70361   -0.70313   -0.70313   -0.70269   -0.70269
  -0.46135   -0.43757   -0.40571   -0.39348   -0.17139   -0.15718   -0.12547   -0.10830
  -0.07926   -0.06760   -0.06760   -0.04237   -0.04237   -0.01869   -0.01240   -0.01240
   0.00181    0.00181    0.02487    0.06815    0.14737    0.19343    0.20007    0.22171
   0.23225    0.24281    0.25505    0.25505
 kpt#  23, nband= 68, wtk=  1.00000, kpt=  0.0000  0.0000  0.0000 (reduced coord)
  -1.71673   -1.71654   -1.71539   -1.71336   -1.71192   -1.71192   -1.71179   -1.71109
  -1.70788   -1.70788   -1.69344   -1.69335   -1.69293   -1.69167   -1.69156   -1.68969
  -1.68969   -1.68935   -1.68320   -1.68320   -0.70768   -0.70702   -0.70686   -0.70619
  -0.70597   -0.70570   -0.70559   -0.70503   -0.70437   -0.70437   -0.70426   -0.70426
  -0.70402   -0.70386   -0.70371   -0.70361   -0.70330   -0.70330   -0.70278   -0.70278
  -0.46135   -0.43757   -0.40571   -0.39348   -0.17140   -0.15719   -0.12547   -0.10831
  -0.07927   -0.06760   -0.06760   -0.04238   -0.04238   -0.01869   -0.01241   -0.01241
   0.00181    0.00181    0.02486    0.06815    0.14732    0.19342    0.20032    0.22165
   0.23184    0.24276    0.25504    0.25504
 kpt#  24, nband= 68, wtk=  1.00000, kpt=  0.0278  0.0278  0.0278 (reduced coord)
  -1.71642   -1.71569   -1.71436   -1.71354   -1.71259   -1.71184   -1.71096   -1.71046
  -1.70820   -1.70755   -1.69361   -1.69292   -1.69211   -1.69204   -1.69073   -1.68977
  -1.68969   -1.68819   -1.68424   -1.68323   -0.70759   -0.70662   -0.70660   -0.70621
  -0.70578   -0.70575   -0.70519   -0.70511   -0.70460   -0.70447   -0.70436   -0.70421
  -0.70384   -0.70376   -0.70374   -0.70366   -0.70346   -0.70342   -0.70282   -0.70272
  -0.46104   -0.43731   -0.40554   -0.39345   -0.17231   -0.15873   -0.12732   -0.10893
  -0.08163   -0.06844   -0.06483   -0.04317   -0.03970   -0.01881   -0.01312   -0.00977
   0.00122    0.00513    0.02519    0.06866    0.14680    0.19480    0.20039    0.22301
   0.23236    0.23954    0.24898    0.25448
 kpt#  25, nband= 68, wtk=  1.00000, kpt=  0.0556  0.0556  0.0556 (reduced coord)
  -1.71722   -1.71541   -1.71440   -1.71423   -1.71398   -1.71168   -1.71026   -1.70975
  -1.70840   -1.70795   -1.69282   -1.69180   -1.69170   -1.69116   -1.69014   -1.68987
  -1.68840   -1.68784   -1.68604   -1.68466   -0.70764   -0.70673   -0.70658   -0.70593
  -0.70567   -0.70561   -0.70514   -0.70496   -0.70483   -0.70478   -0.70437   -0.70426
  -0.70388   -0.70366   -0.70355   -0.70354   -0.70349   -0.70328   -0.70295   -0.70293
  -0.46010   -0.43655   -0.40503   -0.39339   -0.17490   -0.16284   -0.13215   -0.11060
  -0.08732   -0.07088   -0.05763   -0.04549   -0.03246   -0.01736   -0.01522   -0.00454
  -0.00049    0.01396    0.02689    0.07023    0.14530    0.19912    0.20059    0.22593
   0.22933    0.23243    0.23482    0.25166
 kpt#  26, nband= 68, wtk=  1.00000, kpt=  0.0833  0.0833  0.0833 (reduced coord)
  -1.71693   -1.71572   -1.71527   -1.71330   -1.71283   -1.71086   -1.71058   -1.71016
  -1.70791   -1.70710   -1.69274   -1.69224   -1.69153   -1.69071   -1.68977   -1.68878
  -1.68814   -1.68713   -1.68582   -1.68488   -0.70746   -0.70644   -0.70637   -0.70602
  -0.70584   -0.70562   -0.70499   -0.70485   -0.70481   -0.70478   -0.70443   -0.70422
  -0.70380   -0.70374   -0.70356   -0.70349   -0.70338   -0.70330   -0.70297   -0.70286
  -0.45854   -0.43531   -0.40419   -0.39328   -0.17882   -0.16840   -0.13866   -0.11336
  -0.09349   -0.07473   -0.04915   -0.04840   -0.02221   -0.01856   -0.01279   -0.00324
  -0.00037    0.02607    0.03194    0.07305    0.14302    0.20025    0.20608    0.21215
   0.21370    0.23024    0.23683    0.24838
 kpt#  27, nband= 68, wtk=  1.00000, kpt=  0.1111  0.1111  0.1111 (reduced coord)
  -1.71773   -1.71618   -1.71607   -1.71378   -1.71324   -1.71196   -1.71174   -1.70986
  -1.70795   -1.70778   -1.69293   -1.69252   -1.69198   -1.69159   -1.69000   -1.68929
  -1.68902   -1.68841   -1.68794   -1.68597   -0.70767   -0.70669   -0.70616   -0.70601
  -0.70588   -0.70574   -0.70522   -0.70501   -0.70500   -0.70488   -0.70451   -0.70443
  -0.70386   -0.70370   -0.70367   -0.70343   -0.70338   -0.70335   -0.70325   -0.70314
  -0.45639   -0.43360   -0.40305   -0.39315   -0.18353   -0.17440   -0.14582   -0.11808
  -0.09737   -0.07969   -0.05391   -0.03955   -0.02292   -0.01054   -0.00688   -0.00460
   0.00092    0.03930    0.04161    0.07738    0.14028    0.18964    0.18997    0.20496
   0.21487    0.22542    0.23492    0.23970
 kpt#  28, nband= 68, wtk=  1.00000, kpt=  0.1389  0.1389  0.1389 (reduced coord)
  -1.71724   -1.71659   -1.71577   -1.71356   -1.71341   -1.71176   -1.71101   -1.70839
  -1.70839   -1.70822   -1.69243   -1.69240   -1.69211   -1.69125   -1.69026   -1.68915
  -1.68894   -1.68844   -1.68723   -1.68664   -0.70763   -0.70672   -0.70599   -0.70591
  -0.70587   -0.70556   -0.70520   -0.70503   -0.70496   -0.70495   -0.70461   -0.70447
  -0.70377   -0.70358   -0.70355   -0.70345   -0.70341   -0.70335   -0.70329   -0.70322
  -0.45367   -0.43148   -0.40165   -0.39296   -0.18846   -0.18009   -0.15287   -0.12483
  -0.09797   -0.08547   -0.05946   -0.03230   -0.02805   -0.01122   -0.00262    0.00085
   0.00981    0.05152    0.05424    0.08348    0.13748    0.16942    0.16980    0.20136
   0.20495    0.22463    0.22485    0.23902
 kpt#  29, nband= 68, wtk=  1.00000, kpt=  0.1667  0.1667  0.1667 (reduced coord)
  -1.71670   -1.71654   -1.71495   -1.71226   -1.71193   -1.71057   -1.71040   -1.70845
  -1.70821   -1.70701   -1.69263   -1.69166   -1.69165   -1.69045   -1.68990   -1.68869
  -1.68740   -1.68672   -1.68643   -1.68561   -0.70736   -0.70648   -0.70577   -0.70565
  -0.70563   -0.70553   -0.70504   -0.70499   -0.70493   -0.70471   -0.70457   -0.70442
  -0.70360   -0.70358   -0.70355   -0.70342   -0.70329   -0.70317   -0.70316   -0.70305
  -0.45041   -0.42901   -0.40001   -0.39273   -0.19310   -0.18504   -0.15931   -0.13233
  -0.09618   -0.09178   -0.06553   -0.03370   -0.02639   -0.01607   -0.00629    0.00986
   0.02563    0.06035    0.06648    0.09034    0.13504    0.15087    0.15602    0.17856
   0.19715    0.21118    0.23281    0.23435
 kpt#  30, nband= 68, wtk=  1.00000, kpt=  0.1944  0.1944  0.1944 (reduced coord)
  -1.71651   -1.71650   -1.71484   -1.71241   -1.71162   -1.71055   -1.70992   -1.70929
  -1.70898   -1.70606   -1.69304   -1.69164   -1.69116   -1.69045   -1.69025   -1.68923
  -1.68723   -1.68674   -1.68629   -1.68544   -0.70742   -0.70651   -0.70574   -0.70555
  -0.70552   -0.70545   -0.70499   -0.70491   -0.70490   -0.70468   -0.70463   -0.70457
  -0.70389   -0.70366   -0.70346   -0.70346   -0.70324   -0.70321   -0.70302   -0.70300
  -0.44668   -0.42627   -0.39820   -0.39245   -0.19708   -0.18906   -0.16473   -0.13960
  -0.09832   -0.09288   -0.07186   -0.03963   -0.02136   -0.02124   -0.01101    0.01404
   0.04251    0.06261    0.07259    0.09559    0.13287    0.14027    0.15288    0.16140
   0.17673    0.20999    0.22959    0.24063
 kpt#  31, nband= 68, wtk=  1.00000, kpt=  0.2222  0.2222  0.2222 (reduced coord)
  -1.71667   -1.71583   -1.71433   -1.71277   -1.71089   -1.71055   -1.70906   -1.70869
  -1.70815   -1.70690   -1.69172   -1.69087   -1.69078   -1.68983   -1.68848   -1.68819
  -1.68748   -1.68700   -1.68677   -1.68626   -0.70725   -0.70635   -0.70582   -0.70576
  -0.70553   -0.70538   -0.70488   -0.70485   -0.70474   -0.70460   -0.70455   -0.70449
  -0.70368   -0.70366   -0.70349   -0.70340   -0.70336   -0.70309   -0.70302   -0.70285
  -0.44254   -0.42337   -0.39626   -0.39206   -0.20010   -0.19206   -0.16879   -0.14614
  -0.10488   -0.08855   -0.07823   -0.04564   -0.02653   -0.01876   -0.01468    0.01126
   0.05668    0.05701    0.06730    0.09763    0.12875    0.14272    0.15246    0.15991
   0.16578    0.20754    0.23092    0.24267
 kpt#  32, nband= 68, wtk=  1.00000, kpt=  0.2500  0.2500  0.2500 (reduced coord)
  -1.71666   -1.71664   -1.71464   -1.71309   -1.71149   -1.71070   -1.71053   -1.70963
  -1.70872   -1.70796   -1.69345   -1.69134   -1.69110   -1.68997   -1.68932   -1.68931
  -1.68778   -1.68774   -1.68746   -1.68666   -0.70712   -0.70681   -0.70617   -0.70595
  -0.70551   -0.70510   -0.70507   -0.70493   -0.70474   -0.70470   -0.70461   -0.70461
  -0.70411   -0.70383   -0.70371   -0.70363   -0.70340   -0.70311   -0.70303   -0.70271
  -0.43811   -0.42046   -0.39425   -0.39152   -0.20196   -0.19407   -0.17120   -0.15167
  -0.11125   -0.08443   -0.08351   -0.05153   -0.03179   -0.02383   -0.01246    0.00103
   0.04626    0.05235    0.06634    0.09073    0.12981    0.14583    0.15896    0.16188
   0.18278    0.20335    0.23612    0.24186
 kpt#  33, nband= 68, wtk=  1.00000, kpt=  0.2778  0.2778  0.2778 (reduced coord)
  -1.71620   -1.71542   -1.71465   -1.71349   -1.71120   -1.71073   -1.71030   -1.70945
  -1.70905   -1.70629   -1.69296   -1.69209   -1.69080   -1.69050   -1.68857   -1.68774
  -1.68725   -1.68724   -1.68706   -1.68649   -0.70712   -0.70689   -0.70619   -0.70596
  -0.70539   -0.70513   -0.70503   -0.70479   -0.70464   -0.70462   -0.70450   -0.70442
  -0.70423   -0.70402   -0.70364   -0.70351   -0.70336   -0.70324   -0.70258   -0.70256
  -0.43348   -0.41770   -0.39224   -0.39076   -0.20254   -0.19513   -0.17174   -0.15602
  -0.11728   -0.09032   -0.07802   -0.05715   -0.03686   -0.03094   -0.01453   -0.01143
   0.03334    0.03918    0.06138    0.07968    0.13599    0.15253    0.17283    0.17872
   0.19909    0.20341    0.23909    0.24388
 kpt#  34, nband= 68, wtk=  1.00000, kpt=  0.3056  0.3056  0.3056 (reduced coord)
  -1.71639   -1.71593   -1.71499   -1.71363   -1.71192   -1.71029   -1.70994   -1.70906
  -1.70902   -1.70865   -1.69363   -1.69321   -1.69075   -1.69042   -1.68958   -1.68800
  -1.68747   -1.68733   -1.68710   -1.68652   -0.70740   -0.70693   -0.70619   -0.70610
  -0.70518   -0.70505   -0.70497   -0.70480   -0.70475   -0.70463   -0.70459   -0.70449
  -0.70442   -0.70422   -0.70365   -0.70349   -0.70334   -0.70331   -0.70283   -0.70260
  -0.42881   -0.41525   -0.39026   -0.38973   -0.20178   -0.19524   -0.17033   -0.15903
  -0.12286   -0.09577   -0.07239   -0.06237   -0.04161   -0.03970   -0.03261   -0.01420
   0.01788    0.02960    0.04862    0.07054    0.14321    0.16909    0.19088    0.19223
   0.20078    0.22550    0.23531    0.25361
 kpt#  35, nband= 68, wtk=  1.00000, kpt=  0.3333  0.3333  0.3333 (reduced coord)
  -1.71592   -1.71494   -1.71442   -1.71281   -1.71111   -1.71068   -1.71022   -1.70893
  -1.70861   -1.70859   -1.69258   -1.69135   -1.69109   -1.69083   -1.68892   -1.68855
  -1.68744   -1.68713   -1.68655   -1.68578   -0.70717   -0.70692   -0.70614   -0.70592
  -0.70516   -0.70506   -0.70492   -0.70484   -0.70475   -0.70461   -0.70456   -0.70448
  -0.70431   -0.70402   -0.70376   -0.70350   -0.70332   -0.70314   -0.70289   -0.70245
  -0.42427   -0.41323   -0.38840   -0.38836   -0.19969   -0.19433   -0.16706   -0.16059
  -0.12786   -0.10066   -0.06709   -0.06708   -0.05121   -0.05078   -0.04593   -0.02006
   0.00104    0.02010    0.03852    0.06388    0.15085    0.18861    0.19191    0.21022
   0.21837    0.23139    0.24795    0.25829
 kpt#  36, nband= 68, wtk=  1.00000, kpt=  0.3611  0.3611  0.3611 (reduced coord)
  -1.71577   -1.71504   -1.71496   -1.71257   -1.71162   -1.71072   -1.71052   -1.70993
  -1.70961   -1.70888   -1.69207   -1.69125   -1.69100   -1.69006   -1.68957   -1.68868
  -1.68835   -1.68771   -1.68744   -1.68702   -0.70741   -0.70700   -0.70619   -0.70596
  -0.70505   -0.70504   -0.70496   -0.70494   -0.70488   -0.70469   -0.70458   -0.70446
  -0.70434   -0.70408   -0.70364   -0.70358   -0.70348   -0.70329   -0.70286   -0.70269
  -0.42006   -0.41171   -0.38686   -0.38656   -0.19638   -0.19235   -0.16212   -0.16063
  -0.13222   -0.10493   -0.07120   -0.07019   -0.06402   -0.06187   -0.04973   -0.02629
  -0.01533    0.00473    0.03751    0.05894    0.15876    0.18760    0.21295    0.22673
   0.22759    0.23581    0.25545    0.25953
 kpt#  37, nband= 68, wtk=  1.00000, kpt=  0.3889  0.3889  0.3889 (reduced coord)
  -1.71619   -1.71568   -1.71412   -1.71290   -1.71203   -1.71119   -1.71036   -1.71004
  -1.70951   -1.70927   -1.69227   -1.69159   -1.69062   -1.69047   -1.68912   -1.68911
  -1.68866   -1.68832   -1.68789   -1.68785   -0.70756   -0.70715   -0.70611   -0.70598
  -0.70513   -0.70501   -0.70501   -0.70495   -0.70493   -0.70476   -0.70450   -0.70447
  -0.70433   -0.70418   -0.70367   -0.70364   -0.70354   -0.70345   -0.70285   -0.70273
  -0.41635   -0.41065   -0.38523   -0.38493   -0.19201   -0.18927   -0.15907   -0.15583
  -0.13586   -0.10851   -0.08706   -0.07818   -0.07465   -0.06016   -0.05293   -0.03182
  -0.02884   -0.01175    0.04013    0.05519    0.16662    0.18607    0.22417    0.23152
   0.23400    0.25145    0.26016    0.26118
 kpt#  38, nband= 68, wtk=  1.00000, kpt=  0.4167  0.4167  0.4167 (reduced coord)
  -1.71562   -1.71474   -1.71456   -1.71407   -1.71220   -1.71052   -1.71029   -1.71020
  -1.70945   -1.70874   -1.69242   -1.69136   -1.69063   -1.69018   -1.68924   -1.68920
  -1.68878   -1.68757   -1.68755   -1.68749   -0.70748   -0.70729   -0.70632   -0.70603
  -0.70505   -0.70498   -0.70497   -0.70489   -0.70482   -0.70471   -0.70465   -0.70448
  -0.70438   -0.70425   -0.70374   -0.70354   -0.70344   -0.70337   -0.70272   -0.70260
  -0.41331   -0.40996   -0.38371   -0.38351   -0.18694   -0.18530   -0.15598   -0.14868
  -0.13873   -0.11133   -0.10267   -0.09181   -0.07739   -0.06358   -0.05548   -0.03786
  -0.03597   -0.02545    0.04342    0.05237    0.17395    0.18535    0.22148    0.22755
   0.25034    0.26028    0.26514    0.27327
 kpt#  39, nband= 68, wtk=  1.00000, kpt=  0.4444  0.4444  0.4444 (reduced coord)
  -1.71566   -1.71486   -1.71478   -1.71312   -1.71165   -1.71043   -1.70996   -1.70961
  -1.70954   -1.70832   -1.69291   -1.69079   -1.69056   -1.69012   -1.68949   -1.68888
  -1.68823   -1.68791   -1.68695   -1.68652   -0.70756   -0.70733   -0.70629   -0.70594
  -0.70508   -0.70502   -0.70490   -0.70483   -0.70481   -0.70476   -0.70460   -0.70440
  -0.70434   -0.70413   -0.70379   -0.70348   -0.70334   -0.70332   -0.70261   -0.70249
  -0.41108   -0.40954   -0.38248   -0.38239   -0.18172   -0.18093   -0.15159   -0.14150
  -0.14081   -0.11637   -0.11338   -0.10354   -0.07938   -0.07138   -0.05733   -0.04693
  -0.03704   -0.03259    0.04628    0.05040    0.18007    0.18529    0.21952    0.22274
   0.25849    0.26014    0.27640    0.28253
 kpt#  40, nband= 68, wtk=  1.00000, kpt=  0.4722  0.4722  0.4722 (reduced coord)
  -1.71561   -1.71531   -1.71431   -1.71397   -1.71134   -1.71096   -1.71048   -1.71029
  -1.71012   -1.70959   -1.69142   -1.69109   -1.69077   -1.69055   -1.68990   -1.68940
  -1.68898   -1.68848   -1.68811   -1.68785   -0.70752   -0.70733   -0.70618   -0.70609
  -0.70517   -0.70512   -0.70493   -0.70491   -0.70484   -0.70476   -0.70463   -0.70459
  -0.70444   -0.70424   -0.70379   -0.70355   -0.70354   -0.70342   -0.70270   -0.70258
  -0.40972   -0.40932   -0.38168   -0.38166   -0.17743   -0.17721   -0.14634   -0.14207
  -0.13572   -0.12749   -0.11462   -0.11189   -0.08058   -0.07830   -0.05845   -0.05546
  -0.03635   -0.03524    0.04816    0.04922    0.18417    0.18552    0.21824    0.21924
   0.25989    0.25995    0.28417    0.28716
 kpt#  41, nband= 68, wtk=  1.00000, kpt=  0.5000  0.5000  0.5000 (reduced coord)
  -1.71636   -1.71636   -1.71430   -1.71430   -1.71285   -1.71285   -1.71271   -1.71271
  -1.71137   -1.71137   -1.69298   -1.69298   -1.69275   -1.69275   -1.69102   -1.69102
  -1.69017   -1.69017   -1.68941   -1.68941   -0.70791   -0.70791   -0.70642   -0.70642
  -0.70527   -0.70527   -0.70513   -0.70513   -0.70507   -0.70507   -0.70474   -0.70474
  -0.70428   -0.70428   -0.70400   -0.70400   -0.70369   -0.70369   -0.70300   -0.70300
  -0.40928   -0.40928   -0.38142   -0.38142   -0.17570   -0.17570   -0.14249   -0.14249
  -0.13341   -0.13341   -0.11503   -0.11503   -0.08098   -0.08098   -0.05883   -0.05883
  -0.03597   -0.03597    0.04882    0.04882    0.18563    0.18563    0.21781    0.21781
   0.25980    0.25980    0.28720    0.28746
 kpt#  42, nband= 68, wtk=  1.00000, kpt=  0.4375  0.5000  0.5000 (reduced coord)
  -1.71626   -1.71626   -1.71457   -1.71457   -1.71130   -1.71130   -1.71045   -1.71045
  -1.70936   -1.70936   -1.69196   -1.69196   -1.69080   -1.69080   -1.68931   -1.68931
  -1.68863   -1.68863   -1.68752   -1.68752   -0.70750   -0.70750   -0.70620   -0.70620
  -0.70508   -0.70508   -0.70500   -0.70500   -0.70476   -0.70476   -0.70469   -0.70469
  -0.70437   -0.70437   -0.70366   -0.70366   -0.70341   -0.70341   -0.70263   -0.70263
  -0.40991   -0.40991   -0.38207   -0.38207   -0.17966   -0.17966   -0.14778   -0.14778
  -0.12793   -0.12793   -0.11070   -0.11070   -0.07713   -0.07713   -0.05414   -0.05414
  -0.03546   -0.03546    0.04849    0.04849    0.18363    0.18363    0.22005    0.22005
   0.25991    0.25991    0.28413    0.28460
 kpt#  43, nband= 68, wtk=  1.00000, kpt=  0.3750  0.5000  0.5000 (reduced coord)
  -1.71581   -1.71581   -1.71425   -1.71425   -1.71137   -1.71137   -1.71103   -1.71103
  -1.70829   -1.70829   -1.69170   -1.69170   -1.69132   -1.69132   -1.68902   -1.68902
  -1.68804   -1.68804   -1.68711   -1.68711   -0.70738   -0.70738   -0.70614   -0.70614
  -0.70514   -0.70514   -0.70492   -0.70492   -0.70476   -0.70476   -0.70452   -0.70452
  -0.70442   -0.70442   -0.70358   -0.70358   -0.70336   -0.70336   -0.70272   -0.70272
  -0.41172   -0.41172   -0.38393   -0.38393   -0.18845   -0.18845   -0.15734   -0.15734
  -0.11680   -0.11680   -0.09977   -0.09977   -0.06746   -0.06746   -0.04360   -0.04360
  -0.03110   -0.03110    0.04776    0.04776    0.17838    0.17838    0.22511    0.22511
   0.25492    0.25492    0.27632    0.27636
 kpt#  44, nband= 68, wtk=  1.00000, kpt=  0.3125  0.5000  0.5000 (reduced coord)
  -1.71552   -1.71552   -1.71397   -1.71397   -1.71179   -1.71179   -1.71034   -1.71034
  -1.70881   -1.70881   -1.69204   -1.69204   -1.69061   -1.69061   -1.68985   -1.68985
  -1.68798   -1.68798   -1.68738   -1.68738   -0.70723   -0.70723   -0.70616   -0.70616
  -0.70518   -0.70518   -0.70493   -0.70493   -0.70482   -0.70482   -0.70460   -0.70460
  -0.70421   -0.70421   -0.70359   -0.70359   -0.70339   -0.70339   -0.70277   -0.70277
  -0.41436   -0.41436   -0.38661   -0.38661   -0.19818   -0.19818   -0.16743   -0.16743
  -0.10191   -0.10191   -0.08468   -0.08468   -0.05736   -0.05736   -0.03439   -0.03439
  -0.01492   -0.01492    0.04740    0.04740    0.17118    0.17118    0.22757    0.22757
   0.23537    0.23537    0.26202    0.26203
 kpt#  45, nband= 68, wtk=  1.00000, kpt=  0.2500  0.5000  0.5000 (reduced coord)
  -1.71689   -1.71689   -1.71340   -1.71340   -1.71179   -1.71179   -1.71161   -1.71161
  -1.70893   -1.70893   -1.69186   -1.69186   -1.69090   -1.69090   -1.69013   -1.69013
  -1.68834   -1.68834   -1.68767   -1.68767   -0.70703   -0.70703   -0.70609   -0.70609
  -0.70544   -0.70544   -0.70511   -0.70511   -0.70485   -0.70485   -0.70441   -0.70441
  -0.70412   -0.70412   -0.70374   -0.70374   -0.70338   -0.70338   -0.70302   -0.70302
  -0.41735   -0.41735   -0.38964   -0.38964   -0.20707   -0.20707   -0.17656   -0.17656
  -0.08357   -0.08357   -0.06791   -0.06791   -0.05158   -0.05158   -0.02050   -0.02050
   0.00853    0.00853    0.04911    0.04911    0.16265    0.16265    0.20344    0.20344
   0.21479    0.21479    0.25012    0.25012
 kpt#  46, nband= 68, wtk=  1.00000, kpt=  0.1875  0.5000  0.5000 (reduced coord)
  -1.71549   -1.71549   -1.71347   -1.71347   -1.71181   -1.71181   -1.71127   -1.71127
  -1.70884   -1.70884   -1.69160   -1.69160   -1.69087   -1.69087   -1.69022   -1.69022
  -1.68755   -1.68755   -1.68739   -1.68739   -0.70675   -0.70675   -0.70612   -0.70612
  -0.70530   -0.70530   -0.70516   -0.70516   -0.70492   -0.70492   -0.70447   -0.70447
  -0.70393   -0.70393   -0.70358   -0.70358   -0.70322   -0.70322   -0.70309   -0.70309
  -0.42022   -0.42022   -0.39256   -0.39256   -0.21438   -0.21438   -0.18403   -0.18403
  -0.06334   -0.06334   -0.05794   -0.05794   -0.03922   -0.03922   -0.00506   -0.00506
   0.03467    0.03467    0.05597    0.05597    0.15071    0.15071    0.17302    0.17302
   0.18809    0.18809    0.22964    0.22964
 kpt#  47, nband= 68, wtk=  1.00000, kpt=  0.1250  0.5000  0.5000 (reduced coord)
  -1.71614   -1.71614   -1.71477   -1.71477   -1.71345   -1.71345   -1.71158   -1.71158
  -1.71003   -1.71003   -1.69380   -1.69380   -1.69177   -1.69177   -1.69115   -1.69115
  -1.69009   -1.69009   -1.68707   -1.68707   -0.70674   -0.70674   -0.70621   -0.70621
  -0.70564   -0.70564   -0.70513   -0.70513   -0.70497   -0.70497   -0.70487   -0.70487
  -0.70397   -0.70397   -0.70372   -0.70372   -0.70352   -0.70352   -0.70341   -0.70341
  -0.42257   -0.42257   -0.39494   -0.39494   -0.21975   -0.21975   -0.18952   -0.18952
  -0.05914   -0.05914   -0.03860   -0.03860   -0.01864   -0.01864    0.00569    0.00569
   0.06029    0.06029    0.07052    0.07052    0.13073    0.13073    0.14778    0.14778
   0.16831    0.16831    0.20299    0.20299
 kpt#  48, nband= 68, wtk=  1.00000, kpt=  0.0625  0.5000  0.5000 (reduced coord)
  -1.71499   -1.71499   -1.71362   -1.71362   -1.71081   -1.71081   -1.70948   -1.70948
  -1.70662   -1.70662   -1.69111   -1.69111   -1.68974   -1.68974   -1.68911   -1.68911
  -1.68642   -1.68642   -1.68602   -1.68602   -0.70654   -0.70654   -0.70593   -0.70593
  -0.70528   -0.70528   -0.70471   -0.70471   -0.70463   -0.70463   -0.70439   -0.70439
  -0.70359   -0.70359   -0.70331   -0.70331   -0.70314   -0.70314   -0.70307   -0.70307
  -0.42410   -0.42410   -0.39649   -0.39649   -0.22303   -0.22303   -0.19287   -0.19287
  -0.05951   -0.05951   -0.01705   -0.01705   -0.00187   -0.00187    0.01300    0.01300
   0.07550    0.07550    0.08677    0.08677    0.11614    0.11614    0.13425    0.13425
   0.15663    0.15663    0.17803    0.17803
 kpt#  49, nband= 68, wtk=  1.00000, kpt=  0.0000  0.5000  0.5000 (reduced coord)
  -1.71542   -1.71542   -1.71319   -1.71319   -1.71169   -1.71169   -1.70986   -1.70986
  -1.70794   -1.70794   -1.69244   -1.69244   -1.69057   -1.69057   -1.68941   -1.68941
  -1.68768   -1.68768   -1.68582   -1.68582   -0.70620   -0.70620   -0.70610   -0.70610
  -0.70549   -0.70549   -0.70475   -0.70475   -0.70469   -0.70469   -0.70457   -0.70457
  -0.70371   -0.70371   -0.70340   -0.70340   -0.70336   -0.70336   -0.70326   -0.70326
  -0.42463   -0.42463   -0.39702   -0.39702   -0.22413   -0.22413   -0.19399   -0.19399
  -0.05975   -0.05975   -0.00515   -0.00515    0.00094    0.00094    0.01888    0.01888
   0.07368    0.07368    0.09075    0.09075    0.11973    0.11973    0.14310    0.14310
   0.14461    0.14461    0.16421    0.16421
 kpt#  50, nband= 68, wtk=  1.00000, kpt=  0.0000  0.5000  0.4375 (reduced coord)
  -1.71550   -1.71550   -1.71348   -1.71348   -1.71200   -1.71200   -1.70981   -1.70981
  -1.70786   -1.70786   -1.69226   -1.69226   -1.69052   -1.69052   -1.69007   -1.69007
  -1.68761   -1.68761   -1.68587   -1.68587   -0.70634   -0.70634   -0.70610   -0.70610
  -0.70548   -0.70548   -0.70482   -0.70482   -0.70471   -0.70471   -0.70458   -0.70458
  -0.70370   -0.70370   -0.70340   -0.70340   -0.70331   -0.70331   -0.70325   -0.70325
  -0.42463   -0.42463   -0.39702   -0.39702   -0.22413   -0.22413   -0.19399   -0.19399
  -0.05975   -0.05975   -0.00515   -0.00515    0.00094    0.00094    0.01888    0.01888
   0.07368    0.07368    0.09075    0.09075    0.11972    0.11972    0.14310    0.14310
   0.14461    0.14461    0.16421    0.16421
 kpt#  51, nband= 68, wtk=  1.00000, kpt=  0.0000  0.5000  0.3750 (reduced coord)
  -1.71566   -1.71566   -1.71382   -1.71382   -1.71279   -1.71279   -1.71145   -1.71145
  -1.70801   -1.70801   -1.69336   -1.69336   -1.69073   -1.69073   -1.69066   -1.69066
  -1.68762   -1.68762   -1.68674   -1.68674   -0.70645   -0.70645   -0.70613   -0.70613
  -0.70568   -0.70568   -0.70496   -0.70496   -0.70480   -0.70480   -0.70458   -0.70458
  -0.70373   -0.70373   -0.70362   -0.70362   -0.70343   -0.70343   -0.70324   -0.70324
  -0.42463   -0.42463   -0.39703   -0.39703   -0.22413   -0.22413   -0.19399   -0.19399
  -0.05975   -0.05975   -0.00516   -0.00516    0.00093    0.00093    0.01888    0.01888
   0.07367    0.07367    0.09074    0.09074    0.11971    0.11971    0.14309    0.14309
   0.14461    0.14461    0.16420    0.16420
 kpt#  52, nband= 68, wtk=  1.00000, kpt=  0.0000  0.5000  0.3125 (reduced coord)
  -1.71504   -1.71504   -1.71438   -1.71438   -1.71191   -1.71191   -1.71116   -1.71116
  -1.70624   -1.70624   -1.69269   -1.69269   -1.69043   -1.69043   -1.68867   -1.68867
  -1.68702   -1.68702   -1.68650   -1.68650   -0.70643   -0.70643   -0.70587   -0.70587
  -0.70560   -0.70560   -0.70497   -0.70497   -0.70478   -0.70478   -0.70446   -0.70446
  -0.70361   -0.70361   -0.70336   -0.70336   -0.70334   -0.70334   -0.70311   -0.70311
  -0.42463   -0.42463   -0.39703   -0.39703   -0.22413   -0.22413   -0.19399   -0.19399
  -0.05975   -0.05975   -0.00514   -0.00514    0.00094    0.00094    0.01890    0.01890
   0.07369    0.07369    0.09075    0.09075    0.11972    0.11972    0.14310    0.14310
   0.14467    0.14467    0.16427    0.16427
 kpt#  53, nband= 68, wtk=  1.00000, kpt=  0.0000  0.5000  0.2500 (reduced coord)
  -1.71620   -1.71620   -1.71453   -1.71453   -1.71215   -1.71215   -1.71126   -1.71126
  -1.70731   -1.70731   -1.69293   -1.69293   -1.69061   -1.69061   -1.68958   -1.68958
  -1.68800   -1.68800   -1.68723   -1.68723   -0.70639   -0.70639   -0.70595   -0.70595
  -0.70566   -0.70566   -0.70503   -0.70503   -0.70479   -0.70479   -0.70473   -0.70473
  -0.70367   -0.70367   -0.70355   -0.70355   -0.70340   -0.70340   -0.70332   -0.70332
  -0.42463   -0.42463   -0.39703   -0.39703   -0.22414   -0.22414   -0.19400   -0.19400
  -0.05975   -0.05975   -0.00515   -0.00515    0.00095    0.00095    0.01889    0.01889
   0.07369    0.07369    0.09075    0.09075    0.11973    0.11973    0.14310    0.14310
   0.14464    0.14464    0.16426    0.16426
 kpt#  54, nband= 68, wtk=  1.00000, kpt=  0.0000  0.5000  0.1875 (reduced coord)
  -1.71500   -1.71500   -1.71470   -1.71470   -1.71143   -1.71143   -1.71010   -1.71010
  -1.70677   -1.70677   -1.69255   -1.69255   -1.68886   -1.68886   -1.68879   -1.68879
  -1.68739   -1.68739   -1.68726   -1.68726   -0.70631   -0.70631   -0.70585   -0.70585
  -0.70552   -0.70552   -0.70496   -0.70496   -0.70472   -0.70472   -0.70454   -0.70454
  -0.70358   -0.70358   -0.70342   -0.70342   -0.70327   -0.70327   -0.70321   -0.70321
  -0.42463   -0.42463   -0.39702   -0.39702   -0.22413   -0.22413   -0.19400   -0.19400
  -0.05975   -0.05975   -0.00514   -0.00514    0.00096    0.00096    0.01890    0.01890
   0.07370    0.07370    0.09076    0.09076    0.11974    0.11974    0.14310    0.14310
   0.14466    0.14466    0.16426    0.16426
 kpt#  55, nband= 68, wtk=  1.00000, kpt=  0.0000  0.5000  0.1250 (reduced coord)
  -1.71527   -1.71527   -1.71524   -1.71524   -1.71174   -1.71174   -1.71066   -1.71066
  -1.70717   -1.70717   -1.69273   -1.69273   -1.68951   -1.68951   -1.68899   -1.68899
  -1.68772   -1.68772   -1.68767   -1.68767   -0.70639   -0.70639   -0.70589   -0.70589
  -0.70553   -0.70553   -0.70505   -0.70505   -0.70482   -0.70482   -0.70459   -0.70459
  -0.70367   -0.70367   -0.70345   -0.70345   -0.70330   -0.70330   -0.70329   -0.70329
  -0.42463   -0.42463   -0.39703   -0.39703   -0.22413   -0.22413   -0.19400   -0.19400
  -0.05975   -0.05975   -0.00514   -0.00514    0.00096    0.00096    0.01889    0.01889
   0.07369    0.07369    0.09076    0.09076    0.11975    0.11975    0.14310    0.14310
   0.14465    0.14465    0.16425    0.16425
 kpt#  56, nband= 68, wtk=  1.00000, kpt=  0.0000  0.5000  0.0625 (reduced coord)
  -1.71467   -1.71467   -1.71417   -1.71417   -1.71180   -1.71180   -1.71035   -1.71035
  -1.70741   -1.70741   -1.69230   -1.69230   -1.68937   -1.68937   -1.68889   -1.68889
  -1.68746   -1.68746   -1.68728   -1.68728   -0.70624   -0.70624   -0.70588   -0.70588
  -0.70546   -0.70546   -0.70511   -0.70511   -0.70467   -0.70467   -0.70454   -0.70454
  -0.70365   -0.70365   -0.70352   -0.70352   -0.70322   -0.70322   -0.70321   -0.70321
  -0.42463   -0.42463   -0.39702   -0.39702   -0.22413   -0.22413   -0.19400   -0.19400
  -0.05975   -0.05975   -0.00514   -0.00514    0.00096    0.00096    0.01890    0.01890
   0.07370    0.07370    0.09077    0.09077    0.11977    0.11977    0.14311    0.14311
   0.14464    0.14464    0.16424    0.16424
 kpt#  57, nband= 68, wtk=  1.00000, kpt=  0.0000  0.5000  0.0000 (reduced coord)
  -1.71561   -1.71561   -1.71528   -1.71528   -1.71332   -1.71332   -1.71031   -1.71031
  -1.70810   -1.70810   -1.69300   -1.69300   -1.68988   -1.68988   -1.68955   -1.68955
  -1.68876   -1.68876   -1.68775   -1.68775   -0.70644   -0.70644   -0.70600   -0.70600
  -0.70549   -0.70549   -0.70529   -0.70529   -0.70491   -0.70491   -0.70465   -0.70465
  -0.70389   -0.70389   -0.70361   -0.70361   -0.70332   -0.70332   -0.70319   -0.70319
  -0.42463   -0.42463   -0.39703   -0.39703   -0.22413   -0.22413   -0.19400   -0.19400
  -0.05975   -0.05975   -0.00514   -0.00514    0.00095    0.00095    0.01889    0.01889
   0.07368    0.07368    0.09076    0.09076    0.11977    0.11977    0.14311    0.14311
   0.14463    0.14463    0.16423    0.16423
