 Fermi (or HOMO) energy (hartree) =   0.12399   Average Vxc (hartree)=  -0.30702
 Eigenvalues (hartree) for nkpt=   6  k points:
 kpt#   1, nband=113, wtk=  0.11111, kpt=  0.0833  0.0833  0.5000 (reduced coord)
  -4.74548   -4.74548   -2.98302   -2.98257   -2.98037   -2.98037   -2.98021   -2.98010
  -1.69554   -1.69468   -1.69412   -1.69410   -1.69290   -1.69289   -1.69257   -1.69228
  -1.69178   -1.69097   -1.69074   -1.69019   -1.68974   -1.68900   -1.68855   -1.68822
  -1.68819   -1.68694   -1.68672   -1.68636   -1.68606   -1.68586   -1.68427   -1.68233
  -1.68168   -1.66807   -1.66801   -1.66489   -1.66443   -1.66368   -1.65904   -1.65902
  -1.65618   -1.65539   -1.65481   -0.69029   -0.68909   -0.68895   -0.68833   -0.68808
  -0.68194   -0.68049   -0.68027   -0.68022   -0.67994   -0.67984   -0.67983   -0.67971
  -0.67837   -0.67816   -0.67648   -0.67608   -0.67596   -0.67464   -0.67438   -0.67302
  -0.67116   -0.67095   -0.67094   -0.67079   -0.43749   -0.42109   -0.41533   -0.39832
  -0.39012   -0.37451   -0.36515   -0.20826   -0.20587   -0.20579   -0.20541   -0.20391
  -0.19372   -0.19203   -0.19085   -0.18757   -0.18576   -0.15877   -0.15265   -0.12609
  -0.11441   -0.08978   -0.08058   -0.07567   -0.05404   -0.03461   -0.03172   -0.02640
  -0.02138   -0.01072   -0.00744   -0.00703    0.01318    0.01548    0.02199    0.02379
   0.03811    0.04602    0.04728    0.04735    0.05446    0.07056    0.09489    0.14369
   0.15792
 kpt#   2, nband=113, wtk=  0.22222, kpt=  0.2500  0.0833  0.5000 (reduced coord)
  -4.74548   -4.74547   -2.98209   -2.98056   -2.98035   -2.98004   -2.98003   -2.97978
  -1.69415   -1.69316   -1.69262   -1.69198   -1.69130   -1.69098   -1.69026   -1.69000
  -1.68996   -1.68967   -1.68838   -1.68802   -1.68761   -1.68738   -1.68671   -1.68643
  -1.68562   -1.68520   -1.68480   -1.68376   -1.68370   -1.68292   -1.68205   -1.68067
  -1.68002   -1.66684   -1.66457   -1.66423   -1.66260   -1.66140   -1.65788   -1.65570
  -1.65520   -1.65368   -1.65249   -0.69009   -0.68858   -0.68823   -0.68822   -0.68788
  -0.68164   -0.68011   -0.67997   -0.67985   -0.67971   -0.67959   -0.67939   -0.67884
  -0.67836   -0.67800   -0.67638   -0.67558   -0.67508   -0.67453   -0.67417   -0.67285
  -0.67109   -0.67076   -0.67041   -0.67018   -0.42675   -0.41234   -0.40857   -0.39330
  -0.38955   -0.37228   -0.36324   -0.20726   -0.20274   -0.20212   -0.20200   -0.20059
  -0.19418   -0.19049   -0.19046   -0.18788   -0.18744   -0.18079   -0.17736   -0.15504
  -0.14131   -0.11637   -0.09513   -0.07972   -0.07389   -0.04974   -0.03020   -0.02236
  -0.00922   -0.00588    0.00162    0.01828    0.01905    0.02175    0.02709    0.03524
   0.03613    0.03972    0.04353    0.07880    0.09100    0.10139    0.10449    0.16215
   0.16692
 kpt#   3, nband=113, wtk=  0.22222, kpt=  0.4167  0.0833  0.5000 (reduced coord)
  -4.74548   -4.74548   -2.98163   -2.98135   -2.98079   -2.98064   -2.98044   -2.98038
  -1.69407   -1.69350   -1.69320   -1.69282   -1.69254   -1.69211   -1.69179   -1.69134
  -1.69033   -1.69003   -1.68965   -1.68902   -1.68846   -1.68835   -1.68784   -1.68773
  -1.68753   -1.68690   -1.68646   -1.68586   -1.68516   -1.68474   -1.68414   -1.68190
  -1.68086   -1.66752   -1.66520   -1.66492   -1.66428   -1.66393   -1.65853   -1.65631
  -1.65606   -1.65526   -1.65512   -0.68989   -0.68894   -0.68845   -0.68841   -0.68813
  -0.68140   -0.68028   -0.68016   -0.68004   -0.67985   -0.67971   -0.67952   -0.67932
  -0.67861   -0.67826   -0.67613   -0.67587   -0.67536   -0.67474   -0.67442   -0.67282
  -0.67130   -0.67100   -0.67077   -0.67030   -0.40914   -0.40106   -0.39883   -0.39367
  -0.39168   -0.37175   -0.36142   -0.20415   -0.20310   -0.20013   -0.19937   -0.19853
  -0.19753   -0.19697   -0.19607   -0.19427   -0.19417   -0.19263   -0.18901   -0.17393
  -0.17080   -0.15297   -0.10662   -0.10623   -0.05941   -0.02800   -0.02175   -0.00396
  -0.00169    0.01112    0.01205    0.01251    0.01698    0.02472    0.02815    0.03252
   0.03397    0.04152    0.08080    0.09682    0.09941    0.11190    0.12399    0.13850
   0.13937
 kpt#   4, nband=113, wtk=  0.11111, kpt=  0.2500  0.2500  0.5000 (reduced coord)
  -4.74549   -4.74547   -2.98151   -2.98113   -2.98093   -2.98028   -2.98017   -2.98016
  -1.69425   -1.69398   -1.69371   -1.69217   -1.69186   -1.69160   -1.69022   -1.68995
  -1.68949   -1.68929   -1.68883   -1.68872   -1.68764   -1.68761   -1.68734   -1.68711
  -1.68699   -1.68644   -1.68568   -1.68513   -1.68450   -1.68359   -1.68314   -1.68272
  -1.68145   -1.66718   -1.66440   -1.66391   -1.66378   -1.66371   -1.65824   -1.65550
  -1.65500   -1.65494   -1.65485   -0.68984   -0.68931   -0.68820   -0.68816   -0.68809
  -0.68144   -0.68069   -0.68018   -0.67999   -0.67987   -0.67937   -0.67935   -0.67904
  -0.67832   -0.67830   -0.67645   -0.67583   -0.67507   -0.67447   -0.67446   -0.67267
  -0.67108   -0.67105   -0.67102   -0.66997   -0.41670   -0.40427   -0.40257   -0.38891
  -0.38828   -0.36882   -0.35930   -0.21040   -0.20101   -0.20025   -0.19954   -0.19779
  -0.19587   -0.19200   -0.19134   -0.18888   -0.18857   -0.18172   -0.17708   -0.15231
  -0.14602   -0.12388   -0.09642   -0.09066   -0.07144   -0.07019   -0.06682   -0.04478
  -0.04439   -0.01816   -0.01030   -0.00703   -0.00492    0.01203    0.01555    0.02051
   0.03007    0.03201    0.06294    0.08155    0.08476    0.10367    0.10752    0.16123
   0.16620
 kpt#   5, nband=113, wtk=  0.22222, kpt=  0.4167  0.2500  0.5000 (reduced coord)
  -4.74549   -4.74547   -2.98215   -2.98137   -2.98083   -2.98062   -2.98008   -2.97999
  -1.69439   -1.69340   -1.69323   -1.69217   -1.69194   -1.69149   -1.69104   -1.69068
  -1.69031   -1.68980   -1.68959   -1.68932   -1.68868   -1.68840   -1.68799   -1.68733
  -1.68708   -1.68667   -1.68642   -1.68612   -1.68468   -1.68445   -1.68397   -1.68316
  -1.68167   -1.66689   -1.66600   -1.66431   -1.66419   -1.66394   -1.65798   -1.65691
  -1.65568   -1.65509   -1.65486   -0.68972   -0.68955   -0.68843   -0.68818   -0.68811
  -0.68144   -0.68074   -0.68035   -0.68020   -0.67994   -0.67939   -0.67934   -0.67899
  -0.67857   -0.67832   -0.67665   -0.67578   -0.67506   -0.67471   -0.67446   -0.67253
  -0.67131   -0.67126   -0.67104   -0.67003   -0.40115   -0.39453   -0.39429   -0.38892
  -0.38870   -0.36576   -0.35529   -0.20874   -0.20175   -0.19968   -0.19843   -0.19725
  -0.19328   -0.19322   -0.19240   -0.19094   -0.18972   -0.18817   -0.18277   -0.15945
  -0.15682   -0.14106   -0.10169   -0.09662   -0.08102   -0.06822   -0.04519   -0.04359
  -0.03577   -0.03458   -0.02720   -0.02066   -0.01017   -0.00270    0.00201    0.00472
   0.00892    0.01622    0.03526    0.04615    0.05506    0.06839    0.09932    0.16752
   0.19931
 kpt#   6, nband=113, wtk=  0.11111, kpt=  0.4167  0.4167  0.5000 (reduced coord)
  -4.74548   -4.74548   -2.98188   -2.98105   -2.98092   -2.98082   -2.98040   -2.97999
  -1.69409   -1.69308   -1.69295   -1.69273   -1.69171   -1.69128   -1.69090   -1.69044
  -1.69037   -1.69013   -1.68994   -1.68904   -1.68884   -1.68863   -1.68817   -1.68774
  -1.68719   -1.68711   -1.68676   -1.68637   -1.68542   -1.68477   -1.68373   -1.68233
  -1.68203   -1.66721   -1.66649   -1.66444   -1.66410   -1.66313   -1.65812   -1.65745
  -1.65582   -1.65457   -1.65450   -0.69011   -0.68950   -0.68844   -0.68821   -0.68792
  -0.68166   -0.68118   -0.68049   -0.68019   -0.67995   -0.67917   -0.67913   -0.67895
  -0.67861   -0.67839   -0.67718   -0.67558   -0.67490   -0.67470   -0.67449   -0.67237
  -0.67176   -0.67128   -0.67108   -0.66986   -0.39084   -0.38877   -0.38757   -0.38674
  -0.38445   -0.35929   -0.34863   -0.21045   -0.20744   -0.19830   -0.19771   -0.19478
  -0.19124   -0.19101   -0.19051   -0.19034   -0.18958   -0.17118   -0.16269   -0.14060
  -0.13551   -0.11920   -0.11819   -0.09924   -0.09725   -0.09531   -0.07954   -0.07611
  -0.07118   -0.05135   -0.04328   -0.03763   -0.03635   -0.02855   -0.02229   -0.01645
  -0.01430   -0.00786   -0.00196   -0.00135    0.04074    0.05397    0.10009    0.17989
   0.20664
