 Eigenvalues (hartree) for nkpt=  57  k points:
 kpt#   1, nband=119, wtk=  1.00000, kpt=  0.5000  0.5000  0.0000 (reduced coord)
  -1.66782   -1.66782   -1.66680   -1.66680   -1.66665   -1.66518   -1.66504   -1.66490
  -1.66490   -1.66313   -1.66281   -1.66211   -1.66147   -1.66144   -1.66117   -1.66090
  -1.66007   -1.65986   -1.65936   -1.65920   -1.65868   -1.65741   -1.65741   -1.65315
  -1.65315   -1.64135   -1.63981   -1.63943   -1.63818   -1.63782   -1.63782   -1.63753
  -1.63575   -1.63496   -1.63496   -0.66257   -0.66242   -0.66221   -0.66193   -0.66069
  -0.66069   -0.66010   -0.66010   -0.66004   -0.65970   -0.65883   -0.65818   -0.65707
  -0.65707   -0.65671   -0.65651   -0.65602   -0.65512   -0.65464   -0.65388   -0.65376
  -0.65374   -0.65369   -0.65369   -0.65329   -0.65327   -0.65327   -0.65322   -0.65309
  -0.65293   -0.65293   -0.65246   -0.65246   -0.65182   -0.65150   -0.36111   -0.36056
  -0.36036   -0.35990   -0.35987   -0.33121   -0.33024   -0.14055   -0.13599   -0.12320
  -0.11367   -0.10133   -0.10133   -0.09659   -0.09033   -0.09033   -0.08626   -0.07502
  -0.07413   -0.07413   -0.05511   -0.05511   -0.03415   -0.03415   -0.01644   -0.01644
  -0.01427   -0.00766   -0.00766   -0.00742    0.03353    0.04225    0.08779    0.09677
   0.12868    0.21147    0.24770    0.25239    0.25239    0.25656    0.27609    0.27609
   0.30209    0.30209    0.31323    0.31987    0.32527    0.32527    0.34696
 kpt#   2, nband=119, wtk=  1.00000, kpt=  0.4500  0.4500  0.0500 (reduced coord)
  -1.66920   -1.66867   -1.66792   -1.66761   -1.66713   -1.66670   -1.66587   -1.66480
  -1.66415   -1.66414   -1.66378   -1.66335   -1.66313   -1.66281   -1.66257   -1.66216
  -1.66153   -1.66129   -1.66079   -1.66018   -1.65916   -1.65827   -1.65739   -1.65504
  -1.65482   -1.64133   -1.64122   -1.64025   -1.64008   -1.63966   -1.63890   -1.63856
  -1.63680   -1.63596   -1.63581   -0.66257   -0.66245   -0.66208   -0.66181   -0.66097
  -0.66082   -0.66031   -0.66030   -0.66016   -0.66011   -0.65916   -0.65828   -0.65730
  -0.65725   -0.65702   -0.65647   -0.65608   -0.65495   -0.65456   -0.65413   -0.65395
  -0.65388   -0.65383   -0.65377   -0.65372   -0.65367   -0.65347   -0.65339   -0.65333
  -0.65319   -0.65308   -0.65272   -0.65263   -0.65206   -0.65193   -0.36279   -0.36160
  -0.36077   -0.36059   -0.36021   -0.33205   -0.33107   -0.14485   -0.14057   -0.12824
  -0.12023   -0.10609   -0.10353   -0.09996   -0.08897   -0.08777   -0.07650   -0.07279
  -0.07181   -0.06159   -0.05379   -0.04619   -0.03287   -0.02591   -0.01880   -0.01520
  -0.01099   -0.00647    0.00048    0.00334    0.03342    0.04290    0.08709    0.09677
   0.12827    0.20931    0.24463    0.25361    0.25444    0.25681    0.27671    0.27748
   0.30210    0.30230    0.30865    0.31887    0.32164    0.32458    0.33943
 kpt#   3, nband=119, wtk=  1.00000, kpt=  0.4000  0.4000  0.1000 (reduced coord)
  -1.66964   -1.66836   -1.66831   -1.66775   -1.66696   -1.66663   -1.66590   -1.66539
  -1.66502   -1.66453   -1.66426   -1.66322   -1.66314   -1.66269   -1.66256   -1.66200
  -1.66164   -1.66085   -1.66063   -1.66007   -1.65925   -1.65885   -1.65623   -1.65527
  -1.65453   -1.64163   -1.64087   -1.64056   -1.63997   -1.63929   -1.63923   -1.63827
  -1.63719   -1.63604   -1.63549   -0.66257   -0.66248   -0.66211   -0.66194   -0.66096
  -0.66058   -0.66042   -0.66032   -0.66020   -0.66008   -0.65910   -0.65836   -0.65728
  -0.65725   -0.65702   -0.65638   -0.65600   -0.65507   -0.65459   -0.65415   -0.65401
  -0.65391   -0.65386   -0.65375   -0.65371   -0.65363   -0.65354   -0.65338   -0.65330
  -0.65319   -0.65296   -0.65276   -0.65255   -0.65207   -0.65189   -0.36819   -0.36580
  -0.36325   -0.36096   -0.36003   -0.33431   -0.33331   -0.15294   -0.14904   -0.13667
  -0.12975   -0.11313   -0.11245   -0.09986   -0.09591   -0.08495   -0.06883   -0.05254
  -0.04996   -0.04989   -0.03713   -0.02908   -0.02632   -0.02460   -0.01154   -0.00817
  -0.00428   -0.00297    0.02308    0.02416    0.03755    0.04769    0.08363    0.09942
   0.12684    0.20503    0.23458    0.25284    0.25758    0.26703    0.27616    0.27930
   0.29083    0.29282    0.29783    0.30220    0.30755    0.31841    0.32237
 kpt#   4, nband=119, wtk=  1.00000, kpt=  0.3500  0.3500  0.1500 (reduced coord)
  -1.66930   -1.66895   -1.66850   -1.66720   -1.66697   -1.66657   -1.66562   -1.66549
  -1.66515   -1.66385   -1.66263   -1.66238   -1.66203   -1.66163   -1.66133   -1.66103
  -1.66100   -1.66049   -1.66028   -1.65981   -1.65958   -1.65896   -1.65637   -1.65550
  -1.65482   -1.64120   -1.64012   -1.63998   -1.63982   -1.63924   -1.63816   -1.63808
  -1.63685   -1.63677   -1.63540   -0.66241   -0.66234   -0.66196   -0.66187   -0.66088
  -0.66063   -0.66033   -0.66026   -0.66020   -0.66011   -0.65888   -0.65831   -0.65721
  -0.65714   -0.65700   -0.65621   -0.65575   -0.65507   -0.65454   -0.65411   -0.65396
  -0.65383   -0.65382   -0.65376   -0.65370   -0.65348   -0.65344   -0.65334   -0.65332
  -0.65306   -0.65300   -0.65273   -0.65252   -0.65204   -0.65187   -0.37608   -0.37221
  -0.36733   -0.36236   -0.35930   -0.33732   -0.33629   -0.15938   -0.15609   -0.14262
  -0.13733   -0.11921   -0.11775   -0.10833   -0.08934   -0.07843   -0.06239   -0.04358
  -0.03539   -0.02638   -0.02295   -0.02162   -0.00699   -0.00565   -0.00305    0.00080
   0.00265    0.01077    0.03722    0.05167    0.05891    0.06591    0.08100    0.10636
   0.12440    0.20261    0.22000    0.24671    0.24955    0.25576    0.26351    0.26392
   0.26862    0.28183    0.28271    0.29596    0.29889    0.30146    0.30384
 kpt#   5, nband=119, wtk=  1.00000, kpt=  0.3000  0.3000  0.2000 (reduced coord)
  -1.66986   -1.66845   -1.66753   -1.66691   -1.66690   -1.66680   -1.66593   -1.66537
  -1.66479   -1.66355   -1.66336   -1.66279   -1.66221   -1.66160   -1.66152   -1.66095
  -1.66076   -1.65985   -1.65944   -1.65873   -1.65832   -1.65707   -1.65663   -1.65617
  -1.65501   -1.64281   -1.64140   -1.63904   -1.63896   -1.63805   -1.63795   -1.63681
  -1.63680   -1.63621   -1.63609   -0.66231   -0.66214   -0.66210   -0.66197   -0.66071
  -0.66070   -0.66029   -0.66015   -0.66012   -0.65999   -0.65883   -0.65845   -0.65711
  -0.65711   -0.65688   -0.65612   -0.65570   -0.65510   -0.65465   -0.65404   -0.65393
  -0.65377   -0.65376   -0.65371   -0.65366   -0.65361   -0.65344   -0.65337   -0.65320
  -0.65295   -0.65286   -0.65269   -0.65259   -0.65186   -0.65174   -0.38516   -0.37993
  -0.37273   -0.36471   -0.35870   -0.34040   -0.33932   -0.16221   -0.15988   -0.14438
  -0.14208   -0.12373   -0.11938   -0.10713   -0.08053   -0.06970   -0.05378   -0.04616
  -0.03514   -0.01480   -0.00734   -0.00515    0.00214    0.00738    0.01004    0.02019
   0.02588    0.02860    0.05571    0.07340    0.08278    0.09491    0.09615    0.11840
   0.12389    0.20227    0.20524    0.20939    0.21255    0.22585    0.23774    0.24821
   0.26104    0.26272    0.27159    0.27209    0.28556    0.29003    0.29953
 kpt#   6, nband=119, wtk=  1.00000, kpt=  0.2500  0.2500  0.2500 (reduced coord)
  -1.66894   -1.66853   -1.66748   -1.66646   -1.66617   -1.66569   -1.66465   -1.66463
  -1.66414   -1.66319   -1.66289   -1.66250   -1.66208   -1.66145   -1.66142   -1.66111
  -1.66012   -1.65968   -1.65953   -1.65864   -1.65801   -1.65781   -1.65715   -1.65674
  -1.65524   -1.64175   -1.64063   -1.63892   -1.63849   -1.63804   -1.63791   -1.63701
  -1.63673   -1.63637   -1.63617   -0.66237   -0.66208   -0.66176   -0.66160   -0.66061
  -0.66055   -0.66038   -0.66034   -0.66019   -0.66013   -0.65866   -0.65830   -0.65713
  -0.65705   -0.65699   -0.65575   -0.65536   -0.65509   -0.65467   -0.65429   -0.65398
  -0.65385   -0.65378   -0.65370   -0.65366   -0.65334   -0.65328   -0.65320   -0.65303
  -0.65281   -0.65274   -0.65264   -0.65264   -0.65207   -0.65194   -0.39431   -0.38795
  -0.37879   -0.36797   -0.35861   -0.34301   -0.34189   -0.16123   -0.15966   -0.14331
  -0.14181   -0.12548   -0.11437   -0.09982   -0.06994   -0.05922   -0.05655   -0.04346
  -0.02506   -0.01430   -0.00512    0.00526    0.01133    0.01869    0.02850    0.03072
   0.04711    0.05116    0.07788    0.09718    0.10435    0.11206    0.11282    0.13169
   0.13656    0.18320    0.18768    0.19068    0.19739    0.20642    0.21402    0.22177
   0.22519    0.23337    0.27027    0.27388    0.28010    0.28618    0.29751
 kpt#   7, nband=119, wtk=  1.00000, kpt=  0.2000  0.2000  0.3000 (reduced coord)
  -1.66933   -1.66846   -1.66713   -1.66657   -1.66624   -1.66536   -1.66468   -1.66429
  -1.66394   -1.66360   -1.66276   -1.66260   -1.66129   -1.66102   -1.66061   -1.66011
  -1.65998   -1.65952   -1.65931   -1.65896   -1.65754   -1.65684   -1.65478   -1.65407
  -1.65278   -1.64133   -1.64009   -1.63869   -1.63816   -1.63801   -1.63722   -1.63632
  -1.63632   -1.63548   -1.63422   -0.66257   -0.66250   -0.66103   -0.66076   -0.66069
  -0.66051   -0.66042   -0.66037   -0.66019   -0.66019   -0.65873   -0.65763   -0.65729
  -0.65698   -0.65694   -0.65586   -0.65535   -0.65471   -0.65445   -0.65436   -0.65400
  -0.65393   -0.65375   -0.65368   -0.65360   -0.65329   -0.65328   -0.65277   -0.65274
  -0.65257   -0.65256   -0.65250   -0.65237   -0.65226   -0.65210   -0.40263   -0.39543
  -0.38476   -0.37173   -0.35932   -0.34496   -0.34373   -0.15682   -0.15540   -0.13962
  -0.13673   -0.12124   -0.10531   -0.08837   -0.06511   -0.05826   -0.04766   -0.03213
  -0.02278   -0.01405    0.00537    0.01599    0.02120    0.02206    0.02787    0.04546
   0.05447    0.06112    0.08281    0.09783    0.10464    0.11744    0.12207    0.13398
   0.14817    0.17721    0.18026    0.19448    0.19628    0.20639    0.20687    0.21768
   0.22093    0.22904    0.26135    0.28148    0.28330    0.28486    0.29479
 kpt#   8, nband=119, wtk=  1.00000, kpt=  0.1500  0.1500  0.3500 (reduced coord)
  -1.67033   -1.66848   -1.66725   -1.66685   -1.66652   -1.66548   -1.66517   -1.66509
  -1.66461   -1.66435   -1.66412   -1.66348   -1.66339   -1.66245   -1.66238   -1.66157
  -1.66098   -1.66073   -1.66054   -1.66027   -1.65959   -1.65764   -1.65633   -1.65463
  -1.65444   -1.64141   -1.64105   -1.64022   -1.63985   -1.63862   -1.63828   -1.63785
  -1.63655   -1.63622   -1.63585   -0.66273   -0.66260   -0.66132   -0.66113   -0.66098
  -0.66078   -0.66050   -0.66032   -0.66029   -0.66028   -0.65877   -0.65790   -0.65783
  -0.65695   -0.65692   -0.65586   -0.65541   -0.65498   -0.65490   -0.65457   -0.65452
  -0.65403   -0.65387   -0.65378   -0.65359   -0.65336   -0.65321   -0.65293   -0.65283
  -0.65278   -0.65269   -0.65268   -0.65255   -0.65248   -0.65237   -0.40956   -0.40174
  -0.38999   -0.37537   -0.36064   -0.34643   -0.34474   -0.14949   -0.14800   -0.13234
  -0.12874   -0.11183   -0.09412   -0.07398   -0.06974   -0.04649   -0.03605   -0.02890
  -0.02080   -0.00311    0.01331    0.01568    0.02597    0.03081    0.03670    0.04193
   0.04924    0.05370    0.05627    0.06906    0.10095    0.10840    0.11047    0.12089
   0.13891    0.19475    0.19854    0.20678    0.21204    0.21700    0.22980    0.24206
   0.25480    0.25524    0.26815    0.27312    0.27904    0.28254    0.28371
 kpt#   9, nband=119, wtk=  1.00000, kpt=  0.1000  0.1000  0.4000 (reduced coord)
  -1.67116   -1.66982   -1.66843   -1.66777   -1.66775   -1.66645   -1.66593   -1.66555
  -1.66491   -1.66455   -1.66421   -1.66419   -1.66348   -1.66337   -1.66284   -1.66245
  -1.66242   -1.66194   -1.66170   -1.66124   -1.66089   -1.65904   -1.65877   -1.65622
  -1.65454   -1.64241   -1.64225   -1.64109   -1.64102   -1.63991   -1.63863   -1.63859
  -1.63820   -1.63702   -1.63664   -0.66299   -0.66289   -0.66145   -0.66130   -0.66124
  -0.66117   -0.66053   -0.66041   -0.66038   -0.66032   -0.65898   -0.65809   -0.65805
  -0.65694   -0.65693   -0.65611   -0.65571   -0.65528   -0.65520   -0.65485   -0.65472
  -0.65426   -0.65404   -0.65391   -0.65375   -0.65351   -0.65312   -0.65304   -0.65299
  -0.65289   -0.65286   -0.65275   -0.65270   -0.65250   -0.65249   -0.41470   -0.40647
  -0.39400   -0.37834   -0.36209   -0.34756   -0.34515   -0.14054   -0.13905   -0.12358
  -0.11824   -0.09961   -0.08494   -0.06737   -0.05747   -0.03604   -0.03104   -0.02578
  -0.01081    0.00339    0.00646    0.01570    0.02460    0.02483    0.03425    0.03701
   0.03903    0.04416    0.04662    0.05050    0.08127    0.08456    0.09425    0.10524
   0.13048    0.19906    0.22158    0.24143    0.24653    0.24760    0.25318    0.25518
   0.26259    0.26412    0.27456    0.28044    0.28211    0.28281    0.28832
 kpt#  10, nband=119, wtk=  1.00000, kpt=  0.0500  0.0500  0.4500 (reduced coord)
  -1.67073   -1.67007   -1.66857   -1.66848   -1.66803   -1.66696   -1.66641   -1.66617
  -1.66552   -1.66542   -1.66440   -1.66420   -1.66360   -1.66346   -1.66333   -1.66310
  -1.66171   -1.66106   -1.66021   -1.65990   -1.65897   -1.65828   -1.65677   -1.65384
  -1.65219   -1.64199   -1.64197   -1.64085   -1.64004   -1.63951   -1.63822   -1.63771
  -1.63665   -1.63656   -1.63529   -0.66312   -0.66300   -0.66152   -0.66127   -0.66126
  -0.66118   -0.66041   -0.66030   -0.66024   -0.66014   -0.65895   -0.65802   -0.65791
  -0.65686   -0.65670   -0.65619   -0.65588   -0.65527   -0.65516   -0.65487   -0.65475
  -0.65422   -0.65387   -0.65374   -0.65356   -0.65342   -0.65323   -0.65307   -0.65291
  -0.65277   -0.65271   -0.65255   -0.65241   -0.65234   -0.65218   -0.41785   -0.40939
  -0.39651   -0.38026   -0.36315   -0.34827   -0.34530   -0.13266   -0.13130   -0.11653
  -0.10779   -0.08774   -0.07960   -0.05768   -0.04371   -0.02865   -0.02745   -0.01852
  -0.01019   -0.00882   -0.00378    0.00702    0.01314    0.02117    0.03074    0.03189
   0.03897    0.04117    0.04465    0.04920    0.06097    0.06221    0.08570    0.09880
   0.12677    0.20163    0.23178    0.23930    0.24915    0.25022    0.26601    0.27527
   0.28053    0.28311    0.28312    0.29040    0.29300    0.29437    0.29919
 kpt#  11, nband=119, wtk=  1.00000, kpt=  0.0000  0.0000  0.5000 (reduced coord)
  -1.67021   -1.66928   -1.66928   -1.66895   -1.66876   -1.66865   -1.66739   -1.66722
  -1.66709   -1.66665   -1.66665   -1.66601   -1.66582   -1.66297   -1.66224   -1.66224
  -1.66089   -1.66063   -1.66054   -1.65989   -1.65958   -1.65823   -1.65823   -1.65395
  -1.65395   -1.64376   -1.64373   -1.64159   -1.64129   -1.64029   -1.63788   -1.63745
  -1.63745   -1.63592   -1.63592   -0.66346   -0.66313   -0.66193   -0.66165   -0.66130
  -0.66125   -0.66025   -0.66025   -0.66017   -0.66017   -0.65890   -0.65822   -0.65807
  -0.65674   -0.65674   -0.65643   -0.65617   -0.65573   -0.65529   -0.65519   -0.65473
  -0.65409   -0.65377   -0.65370   -0.65370   -0.65336   -0.65322   -0.65322   -0.65320
  -0.65297   -0.65262   -0.65247   -0.65247   -0.65230   -0.65230   -0.41892   -0.41037
  -0.39736   -0.38092   -0.36355   -0.34853   -0.34534   -0.12942   -0.12820   -0.11385
  -0.10300   -0.08194   -0.07690   -0.05211   -0.03725   -0.02595   -0.02595   -0.01934
  -0.01587   -0.01587   -0.00122   -0.00122    0.01556    0.01556    0.02740    0.03293
   0.03293    0.04665    0.04665    0.04951    0.05098    0.05098    0.08356    0.09770
   0.12572    0.20276    0.23409    0.23434    0.24547    0.25060    0.26236    0.27503
   0.28367    0.29821    0.29821    0.29895    0.29895    0.30284    0.30910
 kpt#  12, nband=119, wtk=  1.00000, kpt=  0.0000  0.0000  0.4583 (reduced coord)
  -1.67148   -1.67148   -1.66984   -1.66945   -1.66933   -1.66799   -1.66749   -1.66693
  -1.66691   -1.66667   -1.66667   -1.66579   -1.66396   -1.66299   -1.66188   -1.66188
  -1.66088   -1.66059   -1.66042   -1.65985   -1.65958   -1.65804   -1.65804   -1.65396
  -1.65396   -1.64360   -1.64325   -1.64164   -1.64127   -1.63981   -1.63802   -1.63794
  -1.63794   -1.63560   -1.63560   -0.66343   -0.66320   -0.66186   -0.66159   -0.66131
  -0.66114   -0.66044   -0.66044   -0.66011   -0.66011   -0.65894   -0.65819   -0.65802
  -0.65677   -0.65677   -0.65641   -0.65621   -0.65570   -0.65522   -0.65510   -0.65470
  -0.65410   -0.65381   -0.65381   -0.65379   -0.65329   -0.65328   -0.65328   -0.65317
  -0.65297   -0.65255   -0.65253   -0.65253   -0.65220   -0.65220   -0.41892   -0.41037
  -0.39736   -0.38092   -0.36355   -0.34853   -0.34534   -0.12942   -0.12820   -0.11385
  -0.10301   -0.08194   -0.07690   -0.05210   -0.03725   -0.02595   -0.02595   -0.01934
  -0.01587   -0.01587   -0.00122   -0.00122    0.01556    0.01556    0.02739    0.03293
   0.03293    0.04665    0.04665    0.04951    0.05098    0.05098    0.08355    0.09770
   0.12571    0.20278    0.23401    0.23434    0.24547    0.25055    0.26236    0.27526
   0.28367    0.29821    0.29821    0.29895    0.29895    0.30282    0.30914
 kpt#  13, nband=119, wtk=  1.00000, kpt=  0.0000  0.0000  0.4167 (reduced coord)
  -1.67150   -1.67150   -1.66986   -1.66952   -1.66934   -1.66800   -1.66754   -1.66701
  -1.66692   -1.66675   -1.66675   -1.66605   -1.66422   -1.66327   -1.66203   -1.66203
  -1.66178   -1.66149   -1.66092   -1.66023   -1.65967   -1.65902   -1.65902   -1.65407
  -1.65407   -1.64362   -1.64336   -1.64199   -1.64164   -1.64058   -1.63821   -1.63801
  -1.63801   -1.63602   -1.63602   -0.66344   -0.66321   -0.66186   -0.66166   -0.66138
  -0.66117   -0.66048   -0.66048   -0.66014   -0.66014   -0.65896   -0.65825   -0.65808
  -0.65683   -0.65683   -0.65642   -0.65621   -0.65572   -0.65526   -0.65519   -0.65476
  -0.65412   -0.65385   -0.65385   -0.65381   -0.65331   -0.65331   -0.65331   -0.65318
  -0.65310   -0.65267   -0.65256   -0.65256   -0.65225   -0.65225   -0.41892   -0.41037
  -0.39736   -0.38092   -0.36355   -0.34853   -0.34534   -0.12942   -0.12820   -0.11385
  -0.10301   -0.08194   -0.07690   -0.05210   -0.03725   -0.02595   -0.02595   -0.01934
  -0.01587   -0.01587   -0.00122   -0.00122    0.01556    0.01556    0.02739    0.03293
   0.03293    0.04665    0.04665    0.04951    0.05098    0.05098    0.08354    0.09770
   0.12572    0.20285    0.23381    0.23434    0.24547    0.25041    0.26236    0.27590
   0.28367    0.29821    0.29821    0.29894    0.29894    0.30280    0.30910
 kpt#  14, nband=119, wtk=  1.00000, kpt=  0.0000  0.0000  0.3750 (reduced coord)
  -1.67127   -1.67127   -1.66984   -1.66977   -1.66932   -1.66838   -1.66814   -1.66744
  -1.66674   -1.66674   -1.66633   -1.66569   -1.66422   -1.66387   -1.66222   -1.66217
  -1.66217   -1.66200   -1.66160   -1.66026   -1.65967   -1.65937   -1.65937   -1.65402
  -1.65402   -1.64394   -1.64353   -1.64202   -1.64197   -1.64058   -1.63826   -1.63803
  -1.63803   -1.63610   -1.63610   -0.66344   -0.66311   -0.66186   -0.66171   -0.66145
  -0.66119   -0.66054   -0.66054   -0.66010   -0.66010   -0.65908   -0.65828   -0.65813
  -0.65686   -0.65686   -0.65644   -0.65612   -0.65576   -0.65535   -0.65518   -0.65476
  -0.65435   -0.65390   -0.65374   -0.65374   -0.65338   -0.65338   -0.65333   -0.65324
  -0.65311   -0.65267   -0.65258   -0.65258   -0.65228   -0.65228   -0.41892   -0.41037
  -0.39736   -0.38092   -0.36354   -0.34853   -0.34534   -0.12942   -0.12819   -0.11385
  -0.10301   -0.08194   -0.07689   -0.05210   -0.03725   -0.02595   -0.02595   -0.01934
  -0.01587   -0.01587   -0.00122   -0.00122    0.01556    0.01556    0.02741    0.03293
   0.03293    0.04665    0.04665    0.04951    0.05098    0.05098    0.08354    0.09769
   0.12572    0.20296    0.23348    0.23434    0.24546    0.25022    0.26231    0.27695
   0.28364    0.29821    0.29821    0.29894    0.29894    0.30274    0.30909
 kpt#  15, nband=119, wtk=  1.00000, kpt=  0.0000  0.0000  0.3333 (reduced coord)
  -1.67089   -1.67058   -1.67058   -1.66977   -1.66934   -1.66885   -1.66872   -1.66872
  -1.66851   -1.66675   -1.66640   -1.66492   -1.66419   -1.66322   -1.66241   -1.66241
  -1.66225   -1.66199   -1.66165   -1.66030   -1.65965   -1.65956   -1.65956   -1.65415
  -1.65415   -1.64391   -1.64358   -1.64216   -1.64098   -1.64069   -1.63866   -1.63844
  -1.63844   -1.63643   -1.63643   -0.66328   -0.66312   -0.66187   -0.66174   -0.66148
  -0.66118   -0.66065   -0.66065   -0.66013   -0.66013   -0.65913   -0.65830   -0.65814
  -0.65692   -0.65692   -0.65645   -0.65585   -0.65579   -0.65537   -0.65519   -0.65476
  -0.65438   -0.65399   -0.65373   -0.65373   -0.65342   -0.65342   -0.65334   -0.65323
  -0.65313   -0.65275   -0.65275   -0.65269   -0.65230   -0.65230   -0.41892   -0.41037
  -0.39736   -0.38092   -0.36354   -0.34852   -0.34533   -0.12942   -0.12820   -0.11385
  -0.10300   -0.08193   -0.07689   -0.05210   -0.03725   -0.02595   -0.02595   -0.01933
  -0.01587   -0.01587   -0.00123   -0.00123    0.01556    0.01556    0.02741    0.03293
   0.03293    0.04665    0.04665    0.04951    0.05098    0.05098    0.08353    0.09768
   0.12572    0.20309    0.23305    0.23434    0.24544    0.24997    0.26228    0.27834
   0.28364    0.29820    0.29820    0.29894    0.29894    0.30266    0.30910
 kpt#  16, nband=119, wtk=  1.00000, kpt=  0.0000  0.0000  0.2917 (reduced coord)
  -1.67083   -1.67064   -1.67064   -1.67011   -1.66985   -1.66918   -1.66887   -1.66886
  -1.66886   -1.66701   -1.66693   -1.66646   -1.66521   -1.66359   -1.66359   -1.66330
  -1.66223   -1.66217   -1.66169   -1.66058   -1.66023   -1.66023   -1.66006   -1.65577
  -1.65577   -1.64456   -1.64374   -1.64224   -1.64163   -1.64122   -1.63981   -1.63981
  -1.63860   -1.63691   -1.63691   -0.66329   -0.66317   -0.66188   -0.66175   -0.66158
  -0.66142   -0.66066   -0.66066   -0.66033   -0.66033   -0.65916   -0.65832   -0.65828
  -0.65703   -0.65703   -0.65651   -0.65586   -0.65580   -0.65546   -0.65521   -0.65504
  -0.65441   -0.65400   -0.65390   -0.65390   -0.65351   -0.65351   -0.65336   -0.65333
  -0.65314   -0.65286   -0.65286   -0.65283   -0.65247   -0.65247   -0.41892   -0.41037
  -0.39736   -0.38092   -0.36354   -0.34852   -0.34533   -0.12943   -0.12820   -0.11385
  -0.10299   -0.08194   -0.07689   -0.05210   -0.03725   -0.02595   -0.02595   -0.01934
  -0.01588   -0.01588   -0.00123   -0.00123    0.01555    0.01555    0.02741    0.03293
   0.03293    0.04664    0.04664    0.04951    0.05098    0.05098    0.08353    0.09768
   0.12574    0.20326    0.23258    0.23434    0.24543    0.24976    0.26227    0.28004
   0.28364    0.29816    0.29816    0.29890    0.29890    0.30252    0.30909
 kpt#  17, nband=119, wtk=  1.00000, kpt=  0.0000  0.0000  0.2500 (reduced coord)
  -1.67169   -1.67028   -1.67028   -1.67009   -1.66969   -1.66937   -1.66920   -1.66883
  -1.66883   -1.66796   -1.66694   -1.66583   -1.66568   -1.66363   -1.66324   -1.66324
  -1.66281   -1.66206   -1.66143   -1.65944   -1.65887   -1.65887   -1.65870   -1.65479
  -1.65479   -1.64416   -1.64278   -1.64214   -1.64160   -1.64129   -1.63958   -1.63903
  -1.63903   -1.63634   -1.63634   -0.66351   -0.66333   -0.66175   -0.66166   -0.66156
  -0.66139   -0.66059   -0.66059   -0.66022   -0.66022   -0.65927   -0.65825   -0.65819
  -0.65692   -0.65692   -0.65660   -0.65610   -0.65569   -0.65544   -0.65506   -0.65501
  -0.65455   -0.65402   -0.65378   -0.65378   -0.65340   -0.65340   -0.65326   -0.65318
  -0.65303   -0.65283   -0.65279   -0.65279   -0.65235   -0.65235   -0.41892   -0.41037
  -0.39736   -0.38093   -0.36355   -0.34853   -0.34533   -0.12944   -0.12821   -0.11385
  -0.10300   -0.08194   -0.07689   -0.05210   -0.03725   -0.02595   -0.02595   -0.01935
  -0.01588   -0.01588   -0.00123   -0.00123    0.01556    0.01556    0.02738    0.03293
   0.03293    0.04665    0.04665    0.04950    0.05098    0.05098    0.08349    0.09768
   0.12575    0.20345    0.23205    0.23444    0.24549    0.24954    0.26228    0.28196
   0.28367    0.29818    0.29818    0.29891    0.29891    0.30233    0.30910
 kpt#  18, nband=119, wtk=  1.00000, kpt=  0.0000  0.0000  0.2083 (reduced coord)
  -1.67169   -1.67032   -1.67032   -1.67008   -1.66969   -1.66937   -1.66923   -1.66883
  -1.66883   -1.66798   -1.66694   -1.66582   -1.66567   -1.66362   -1.66324   -1.66324
  -1.66282   -1.66206   -1.66145   -1.65943   -1.65887   -1.65887   -1.65868   -1.65477
  -1.65477   -1.64416   -1.64277   -1.64213   -1.64160   -1.64129   -1.63960   -1.63902
  -1.63902   -1.63635   -1.63635   -0.66353   -0.66331   -0.66175   -0.66166   -0.66156
  -0.66139   -0.66059   -0.66059   -0.66022   -0.66022   -0.65927   -0.65825   -0.65819
  -0.65693   -0.65693   -0.65660   -0.65610   -0.65569   -0.65544   -0.65506   -0.65501
  -0.65455   -0.65403   -0.65379   -0.65379   -0.65340   -0.65340   -0.65326   -0.65318
  -0.65303   -0.65283   -0.65278   -0.65278   -0.65235   -0.65235   -0.41892   -0.41037
  -0.39736   -0.38093   -0.36355   -0.34853   -0.34533   -0.12944   -0.12821   -0.11385
  -0.10300   -0.08194   -0.07689   -0.05210   -0.03725   -0.02595   -0.02595   -0.01935
  -0.01588   -0.01588   -0.00123   -0.00123    0.01556    0.01556    0.02738    0.03293
   0.03293    0.04665    0.04665    0.04950    0.05098    0.05098    0.08348    0.09767
   0.12575    0.20364    0.23152    0.23444    0.24548    0.24934    0.26229    0.28368
   0.28409    0.29818    0.29818    0.29891    0.29891    0.30204    0.30910
 kpt#  19, nband=119, wtk=  1.00000, kpt=  0.0000  0.0000  0.1667 (reduced coord)
  -1.67058   -1.67006   -1.66968   -1.66965   -1.66965   -1.66932   -1.66915   -1.66750
  -1.66728   -1.66728   -1.66699   -1.66674   -1.66532   -1.66374   -1.66374   -1.66326
  -1.66239   -1.66139   -1.66139   -1.65930   -1.65920   -1.65920   -1.65872   -1.65379
  -1.65379   -1.64412   -1.64274   -1.64187   -1.64150   -1.64124   -1.63897   -1.63865
  -1.63865   -1.63578   -1.63578   -0.66342   -0.66324   -0.66175   -0.66169   -0.66155
  -0.66137   -0.66040   -0.66040   -0.66022   -0.66022   -0.65922   -0.65821   -0.65820
  -0.65683   -0.65683   -0.65652   -0.65602   -0.65573   -0.65542   -0.65505   -0.65497
  -0.65449   -0.65400   -0.65371   -0.65371   -0.65332   -0.65332   -0.65326   -0.65319
  -0.65305   -0.65278   -0.65276   -0.65276   -0.65224   -0.65224   -0.41892   -0.41037
  -0.39736   -0.38093   -0.36355   -0.34853   -0.34532   -0.12944   -0.12821   -0.11385
  -0.10299   -0.08193   -0.07689   -0.05210   -0.03725   -0.02595   -0.02595   -0.01934
  -0.01588   -0.01588   -0.00123   -0.00123    0.01555    0.01555    0.02740    0.03293
   0.03293    0.04665    0.04665    0.04951    0.05098    0.05098    0.08349    0.09767
   0.12576    0.20383    0.23104    0.23445    0.24548    0.24918    0.26227    0.28359
   0.28636    0.29818    0.29818    0.29891    0.29891    0.30158    0.30910
 kpt#  20, nband=119, wtk=  1.00000, kpt=  0.0000  0.0000  0.1250 (reduced coord)
  -1.67162   -1.67048   -1.67025   -1.66975   -1.66971   -1.66971   -1.66929   -1.66727
  -1.66727   -1.66709   -1.66685   -1.66663   -1.66525   -1.66357   -1.66340   -1.66340
  -1.66152   -1.66142   -1.66084   -1.65893   -1.65892   -1.65885   -1.65885   -1.65296
  -1.65296   -1.64417   -1.64351   -1.64203   -1.64123   -1.64091   -1.63850   -1.63786
  -1.63786   -1.63560   -1.63560   -0.66344   -0.66307   -0.66210   -0.66171   -0.66156
  -0.66141   -0.66036   -0.66036   -0.66018   -0.66018   -0.65895   -0.65825   -0.65821
  -0.65676   -0.65676   -0.65636   -0.65601   -0.65581   -0.65545   -0.65529   -0.65501
  -0.65447   -0.65367   -0.65367   -0.65365   -0.65330   -0.65330   -0.65329   -0.65327
  -0.65310   -0.65277   -0.65261   -0.65261   -0.65221   -0.65221   -0.41892   -0.41037
  -0.39736   -0.38092   -0.36355   -0.34853   -0.34533   -0.12943   -0.12821   -0.11383
  -0.10299   -0.08193   -0.07689   -0.05210   -0.03725   -0.02595   -0.02595   -0.01935
  -0.01588   -0.01588   -0.00123   -0.00123    0.01555    0.01555    0.02741    0.03293
   0.03293    0.04665    0.04665    0.04951    0.05098    0.05098    0.08349    0.09767
   0.12577    0.20403    0.23063    0.23443    0.24547    0.24909    0.26229    0.28360
   0.28874    0.29818    0.29818    0.29892    0.29892    0.30086    0.30910
 kpt#  21, nband=119, wtk=  1.00000, kpt=  0.0000  0.0000  0.0833 (reduced coord)
  -1.67163   -1.67045   -1.67004   -1.66975   -1.66964   -1.66964   -1.66928   -1.66724
  -1.66724   -1.66705   -1.66685   -1.66648   -1.66485   -1.66335   -1.66335   -1.66147
  -1.66122   -1.66119   -1.65973   -1.65883   -1.65868   -1.65868   -1.65788   -1.65094
  -1.65094   -1.64347   -1.64318   -1.64199   -1.64114   -1.63952   -1.63825   -1.63624
  -1.63624   -1.63469   -1.63469   -0.66341   -0.66299   -0.66209   -0.66170   -0.66156
  -0.66134   -0.66035   -0.66035   -0.66006   -0.66006   -0.65876   -0.65824   -0.65813
  -0.65665   -0.65665   -0.65630   -0.65594   -0.65581   -0.65540   -0.65529   -0.65499
  -0.65408   -0.65364   -0.65364   -0.65361   -0.65328   -0.65326   -0.65326   -0.65310
  -0.65309   -0.65275   -0.65235   -0.65235   -0.65202   -0.65202   -0.41891   -0.41037
  -0.39736   -0.38092   -0.36355   -0.34853   -0.34533   -0.12943   -0.12821   -0.11383
  -0.10299   -0.08194   -0.07689   -0.05210   -0.03725   -0.02595   -0.02595   -0.01935
  -0.01588   -0.01588   -0.00123   -0.00123    0.01555    0.01555    0.02741    0.03293
   0.03293    0.04665    0.04665    0.04952    0.05098    0.05098    0.08349    0.09768
   0.12578    0.20415    0.23031    0.23443    0.24547    0.24901    0.26230    0.28360
   0.29114    0.29819    0.29819    0.29892    0.29892    0.29975    0.30910
 kpt#  22, nband=119, wtk=  1.00000, kpt=  0.0000  0.0000  0.0417 (reduced coord)
  -1.67163   -1.67044   -1.66974   -1.66965   -1.66965   -1.66926   -1.66907   -1.66702
  -1.66692   -1.66692   -1.66677   -1.66612   -1.66414   -1.66248   -1.66248   -1.66143
  -1.66119   -1.66062   -1.65961   -1.65873   -1.65792   -1.65792   -1.65787   -1.65094
  -1.65094   -1.64342   -1.64317   -1.64191   -1.64111   -1.63898   -1.63775   -1.63611
  -1.63611   -1.63419   -1.63419   -0.66338   -0.66286   -0.66209   -0.66169   -0.66155
  -0.66134   -0.66024   -0.66024   -0.66005   -0.66005   -0.65866   -0.65823   -0.65813
  -0.65657   -0.65657   -0.65622   -0.65585   -0.65580   -0.65540   -0.65528   -0.65499
  -0.65396   -0.65361   -0.65361   -0.65357   -0.65327   -0.65318   -0.65318   -0.65310
  -0.65308   -0.65275   -0.65225   -0.65225   -0.65200   -0.65200   -0.41891   -0.41037
  -0.39736   -0.38092   -0.36355   -0.34853   -0.34533   -0.12943   -0.12821   -0.11383
  -0.10298   -0.08194   -0.07689   -0.05210   -0.03725   -0.02595   -0.02595   -0.01934
  -0.01588   -0.01588   -0.00123   -0.00123    0.01556    0.01556    0.02742    0.03293
   0.03293    0.04665    0.04665    0.04952    0.05098    0.05098    0.08350    0.09767
   0.12578    0.20425    0.23011    0.23443    0.24547    0.24897    0.26233    0.28363
   0.29344    0.29819    0.29819    0.29825    0.29893    0.29893    0.30913
 kpt#  23, nband=119, wtk=  1.00000, kpt=  0.0000  0.0000  0.0000 (reduced coord)
  -1.67162   -1.67045   -1.66986   -1.66973   -1.66973   -1.66937   -1.66887   -1.66761
  -1.66710   -1.66710   -1.66492   -1.66330   -1.66309   -1.66200   -1.66200   -1.66090
  -1.66083   -1.66010   -1.65997   -1.65974   -1.65888   -1.65888   -1.65864   -1.65238
  -1.65238   -1.64335   -1.64300   -1.64094   -1.64026   -1.63889   -1.63784   -1.63647
  -1.63647   -1.63448   -1.63448   -0.66353   -0.66290   -0.66212   -0.66143   -0.66138
  -0.66132   -0.66024   -0.66024   -0.66016   -0.66016   -0.65858   -0.65818   -0.65804
  -0.65668   -0.65668   -0.65622   -0.65597   -0.65563   -0.65536   -0.65525   -0.65495
  -0.65394   -0.65372   -0.65372   -0.65347   -0.65322   -0.65321   -0.65321   -0.65302
  -0.65300   -0.65260   -0.65229   -0.65229   -0.65210   -0.65210   -0.41891   -0.41037
  -0.39736   -0.38092   -0.36355   -0.34854   -0.34533   -0.12943   -0.12821   -0.11382
  -0.10298   -0.08194   -0.07690   -0.05210   -0.03726   -0.02595   -0.02595   -0.01936
  -0.01588   -0.01588   -0.00123   -0.00123    0.01555    0.01555    0.02740    0.03293
   0.03293    0.04665    0.04665    0.04952    0.05098    0.05098    0.08350    0.09767
   0.12578    0.20429    0.23004    0.23443    0.24547    0.24897    0.26248    0.28404
   0.29492    0.29703    0.29818    0.29818    0.29892    0.29892    0.30913
 kpt#  24, nband=119, wtk=  1.00000, kpt=  0.0278  0.0278  0.0278 (reduced coord)
  -1.67103   -1.67068   -1.67038   -1.66924   -1.66853   -1.66810   -1.66743   -1.66718
  -1.66697   -1.66640   -1.66460   -1.66435   -1.66389   -1.66273   -1.66265   -1.66107
  -1.66053   -1.66031   -1.66019   -1.66009   -1.65845   -1.65767   -1.65745   -1.65436
  -1.65124   -1.64309   -1.64294   -1.64092   -1.64087   -1.63942   -1.63842   -1.63757
  -1.63608   -1.63550   -1.63451   -0.66330   -0.66302   -0.66172   -0.66148   -0.66135
  -0.66123   -0.66040   -0.66023   -0.66022   -0.66014   -0.65872   -0.65812   -0.65804
  -0.65681   -0.65658   -0.65619   -0.65592   -0.65551   -0.65523   -0.65506   -0.65482
  -0.65404   -0.65374   -0.65366   -0.65361   -0.65328   -0.65327   -0.65318   -0.65305
  -0.65294   -0.65273   -0.65259   -0.65228   -0.65226   -0.65201   -0.41859   -0.41007
  -0.39710   -0.38072   -0.36343   -0.34846   -0.34531   -0.13047   -0.12920   -0.11468
  -0.10456   -0.08390   -0.07784   -0.05402   -0.03964   -0.02679   -0.02536   -0.01741
  -0.01671   -0.01344   -0.00203    0.00157    0.01480    0.01734    0.02872    0.03225
   0.03493    0.04371    0.04602    0.05043    0.05421    0.05491    0.08414    0.09795
   0.12610    0.20385    0.22975    0.23589    0.24688    0.24824    0.26347    0.28347
   0.29179    0.29256    0.29418    0.29602    0.29740    0.29909    0.30392
 kpt#  25, nband=119, wtk=  1.00000, kpt=  0.0556  0.0556  0.0556 (reduced coord)
  -1.67067   -1.67028   -1.66925   -1.66850   -1.66837   -1.66795   -1.66761   -1.66705
  -1.66568   -1.66508   -1.66412   -1.66373   -1.66337   -1.66337   -1.66269   -1.66187
  -1.66149   -1.66091   -1.66062   -1.65906   -1.65880   -1.65852   -1.65802   -1.65359
  -1.65248   -1.64210   -1.64201   -1.64097   -1.64065   -1.63995   -1.63773   -1.63719
  -1.63699   -1.63583   -1.63540   -0.66315   -0.66296   -0.66154   -0.66139   -0.66129
  -0.66114   -0.66040   -0.66036   -0.66025   -0.66024   -0.65877   -0.65802   -0.65801
  -0.65681   -0.65676   -0.65611   -0.65583   -0.65537   -0.65516   -0.65495   -0.65475
  -0.65430   -0.65378   -0.65365   -0.65358   -0.65341   -0.65321   -0.65305   -0.65292
  -0.65286   -0.65281   -0.65253   -0.65242   -0.65231   -0.65220   -0.41761   -0.40916
  -0.39631   -0.38011   -0.36307   -0.34822   -0.34528   -0.13338   -0.13200   -0.11712
  -0.10877   -0.08889   -0.08011   -0.05877   -0.04495   -0.02926   -0.02811   -0.01913
  -0.00786   -0.00745   -0.00436    0.00871    0.01260    0.02243    0.03023    0.03298
   0.04014    0.04063    0.04419    0.04879    0.06303    0.06436    0.08617    0.09911
   0.12709    0.20269    0.22848    0.24031    0.24646    0.25118    0.26682    0.27678
   0.27908    0.28309    0.28406    0.29104    0.29224    0.29655    0.29911
 kpt#  26, nband=119, wtk=  1.00000, kpt=  0.0833  0.0833  0.0833 (reduced coord)
  -1.67038   -1.66929   -1.66925   -1.66820   -1.66761   -1.66728   -1.66706   -1.66615
  -1.66489   -1.66423   -1.66377   -1.66355   -1.66338   -1.66323   -1.66306   -1.66229
  -1.66157   -1.66157   -1.66078   -1.66073   -1.65990   -1.65862   -1.65738   -1.65426
  -1.65257   -1.64245   -1.64172   -1.64073   -1.64042   -1.63984   -1.63806   -1.63764
  -1.63689   -1.63635   -1.63545   -0.66304   -0.66295   -0.66133   -0.66133   -0.66124
  -0.66121   -0.66037   -0.66035   -0.66031   -0.66015   -0.65890   -0.65807   -0.65799
  -0.65683   -0.65674   -0.65610   -0.65577   -0.65522   -0.65519   -0.65481   -0.65478
  -0.65438   -0.65384   -0.65369   -0.65364   -0.65332   -0.65328   -0.65301   -0.65299
  -0.65284   -0.65278   -0.65258   -0.65244   -0.65236   -0.65224   -0.41598   -0.40765
  -0.39501   -0.37911   -0.36251   -0.34785   -0.34521   -0.13763   -0.13616   -0.12086
  -0.11452   -0.09541   -0.08293   -0.06442   -0.05235   -0.03314   -0.03053   -0.02293
  -0.00804   -0.00052    0.00614    0.00910    0.01840    0.02702    0.03059    0.03648
   0.04111    0.04126    0.04616    0.04692    0.07441    0.07650    0.09020    0.10209
   0.12890    0.20106    0.22490    0.24446    0.24774    0.25583    0.25781    0.25959
   0.26737    0.27148    0.27429    0.28286    0.28938    0.29312    0.29603
 kpt#  27, nband=119, wtk=  1.00000, kpt=  0.1111  0.1111  0.1111 (reduced coord)
  -1.66946   -1.66856   -1.66801   -1.66705   -1.66658   -1.66617   -1.66570   -1.66518
  -1.66442   -1.66361   -1.66352   -1.66311   -1.66307   -1.66276   -1.66253   -1.66227
  -1.66135   -1.66112   -1.66085   -1.66038   -1.65980   -1.65840   -1.65723   -1.65534
  -1.65291   -1.64151   -1.64136   -1.64047   -1.64014   -1.63934   -1.63811   -1.63724
  -1.63716   -1.63623   -1.63533   -0.66287   -0.66277   -0.66127   -0.66112   -0.66105
  -0.66103   -0.66041   -0.66032   -0.66020   -0.66017   -0.65892   -0.65794   -0.65792
  -0.65689   -0.65675   -0.65595   -0.65557   -0.65509   -0.65498   -0.65468   -0.65458
  -0.65434   -0.65400   -0.65368   -0.65359   -0.65326   -0.65321   -0.65289   -0.65286
  -0.65279   -0.65277   -0.65260   -0.65253   -0.65239   -0.65222   -0.41373   -0.40557
  -0.39323   -0.37776   -0.36179   -0.34734   -0.34508   -0.14255   -0.14106   -0.12549
  -0.12070   -0.10242   -0.08655   -0.06886   -0.06102   -0.03815   -0.03101   -0.02786
  -0.01282    0.00454    0.00581    0.02238    0.02281    0.02923    0.03269    0.03739
   0.04157    0.04268    0.05070    0.05243    0.08561    0.09010    0.09771    0.10792
   0.13189    0.19926    0.21715    0.23277    0.23807    0.24324    0.24690    0.25731
   0.25811    0.26619    0.27154    0.27674    0.28292    0.28748    0.28794
 kpt#  28, nband=119, wtk=  1.00000, kpt=  0.1389  0.1389  0.1389 (reduced coord)
  -1.66880   -1.66869   -1.66767   -1.66705   -1.66623   -1.66589   -1.66541   -1.66522
  -1.66465   -1.66451   -1.66397   -1.66372   -1.66332   -1.66230   -1.66220   -1.66194
  -1.66127   -1.66101   -1.66057   -1.66030   -1.65950   -1.65912   -1.65726   -1.65534
  -1.65369   -1.64189   -1.64188   -1.64046   -1.63974   -1.63899   -1.63811   -1.63775
  -1.63703   -1.63607   -1.63560   -0.66281   -0.66271   -0.66119   -0.66118   -0.66104
  -0.66087   -0.66044   -0.66042   -0.66032   -0.66014   -0.65897   -0.65787   -0.65786
  -0.65700   -0.65682   -0.65596   -0.65548   -0.65505   -0.65494   -0.65463   -0.65447
  -0.65440   -0.65394   -0.65371   -0.65366   -0.65326   -0.65321   -0.65296   -0.65283
  -0.65274   -0.65274   -0.65262   -0.65255   -0.65252   -0.65232   -0.41087   -0.40294
  -0.39100   -0.37610   -0.36097   -0.34671   -0.34486   -0.14757   -0.14607   -0.13042
  -0.12658   -0.10926   -0.09170   -0.07122   -0.06918   -0.04399   -0.03360   -0.02978
  -0.01840   -0.00081    0.01129    0.01783    0.02794    0.03280    0.03778    0.03852
   0.04229    0.05273    0.05394    0.06330    0.09639    0.10357    0.10734    0.11675
   0.13655    0.19686    0.20448    0.21297    0.21832    0.22532    0.23528    0.24744
   0.25419    0.26471    0.26835    0.27545    0.27782    0.28111    0.28338
 kpt#  29, nband=119, wtk=  1.00000, kpt=  0.1667  0.1667  0.1667 (reduced coord)
  -1.66931   -1.66857   -1.66746   -1.66728   -1.66677   -1.66615   -1.66484   -1.66441
  -1.66429   -1.66407   -1.66335   -1.66304   -1.66251   -1.66229   -1.66212   -1.66139
  -1.66031   -1.66026   -1.65990   -1.65936   -1.65924   -1.65868   -1.65689   -1.65370
  -1.65358   -1.64167   -1.64062   -1.64018   -1.63936   -1.63858   -1.63773   -1.63730
  -1.63633   -1.63628   -1.63509   -0.66269   -0.66256   -0.66108   -0.66099   -0.66088
  -0.66066   -0.66049   -0.66041   -0.66035   -0.66021   -0.65889   -0.65769   -0.65767
  -0.65704   -0.65690   -0.65586   -0.65541   -0.65487   -0.65470   -0.65444   -0.65439
  -0.65423   -0.65384   -0.65381   -0.65366   -0.65329   -0.65324   -0.65282   -0.65280
  -0.65267   -0.65261   -0.65257   -0.65256   -0.65241   -0.65238   -0.40744   -0.39979
  -0.38836   -0.37421   -0.36016   -0.34598   -0.34448   -0.15220   -0.15073   -0.13507
  -0.13172   -0.11541   -0.09790   -0.07897   -0.06888   -0.05034   -0.03985   -0.02721
  -0.02450   -0.00668    0.01233    0.01623    0.02288    0.02770    0.03386    0.04672
   0.05240    0.05999    0.06057    0.07851    0.10764    0.11330    0.11443    0.12687
   0.14269    0.18972    0.19031    0.20046    0.20534    0.20770    0.21917    0.23352
   0.24135    0.25315    0.25529    0.28030    0.28217    0.28430    0.28626
 kpt#  30, nband=119, wtk=  1.00000, kpt=  0.1944  0.1944  0.1944 (reduced coord)
  -1.66835   -1.66719   -1.66719   -1.66670   -1.66554   -1.66529   -1.66460   -1.66415
  -1.66387   -1.66370   -1.66258   -1.66215   -1.66126   -1.66106   -1.66077   -1.66026
  -1.65998   -1.65963   -1.65884   -1.65873   -1.65816   -1.65725   -1.65467   -1.65367
  -1.65268   -1.64065   -1.63948   -1.63903   -1.63781   -1.63773   -1.63707   -1.63662
  -1.63615   -1.63548   -1.63434   -0.66245   -0.66236   -0.66106   -0.66075   -0.66067
  -0.66049   -0.66043   -0.66036   -0.66022   -0.66016   -0.65871   -0.65765   -0.65731
  -0.65700   -0.65687   -0.65568   -0.65521   -0.65464   -0.65449   -0.65433   -0.65407
  -0.65407   -0.65371   -0.65366   -0.65362   -0.65322   -0.65321   -0.65273   -0.65265
  -0.65258   -0.65255   -0.65250   -0.65237   -0.65230   -0.65211   -0.40348   -0.39619
  -0.38538   -0.37215   -0.35943   -0.34514   -0.34388   -0.15614   -0.15471   -0.13896
  -0.13598   -0.12041   -0.10412   -0.08689   -0.06588   -0.05693   -0.04636   -0.03085
  -0.02360   -0.01281    0.00654    0.01708    0.02121    0.02230    0.02889    0.04657
   0.05383    0.06154    0.07926    0.09477    0.10674    0.11806    0.12063    0.13346
   0.14773    0.17913    0.18072    0.19591    0.19643    0.20636    0.20658    0.22065
   0.22319    0.23238    0.25925    0.28301    0.28326    0.28465    0.29340
 kpt#  31, nband=119, wtk=  1.00000, kpt=  0.2222  0.2222  0.2222 (reduced coord)
  -1.66896   -1.66821   -1.66769   -1.66699   -1.66602   -1.66534   -1.66495   -1.66483
  -1.66404   -1.66344   -1.66304   -1.66250   -1.66194   -1.66149   -1.66107   -1.66085
  -1.66026   -1.66006   -1.65986   -1.65966   -1.65887   -1.65697   -1.65599   -1.65596
  -1.65445   -1.64090   -1.63989   -1.63976   -1.63856   -1.63841   -1.63838   -1.63708
  -1.63681   -1.63640   -1.63514   -0.66251   -0.66230   -0.66132   -0.66099   -0.66074
  -0.66061   -0.66050   -0.66047   -0.66024   -0.66021   -0.65871   -0.65792   -0.65739
  -0.65705   -0.65703   -0.65573   -0.65529   -0.65482   -0.65456   -0.65447   -0.65409
  -0.65402   -0.65378   -0.65374   -0.65362   -0.65333   -0.65326   -0.65291   -0.65286
  -0.65276   -0.65273   -0.65267   -0.65254   -0.65236   -0.65220   -0.39907   -0.39222
  -0.38216   -0.37004   -0.35890   -0.34417   -0.34301   -0.15918   -0.15776   -0.14177
  -0.13935   -0.12387   -0.10974   -0.09390   -0.06353   -0.06164   -0.05287   -0.03724
  -0.01921   -0.01901    0.00065    0.01136    0.01678    0.02378    0.02540    0.03987
   0.05520    0.05724    0.09354    0.09569    0.10771    0.11133    0.12175    0.13496
   0.14583    0.17517    0.18128    0.19223    0.19454    0.20841    0.20970    0.21453
   0.21642    0.22025    0.26539    0.27687    0.28263    0.28554    0.29670
 kpt#  32, nband=119, wtk=  1.00000, kpt=  0.2500  0.2500  0.2500 (reduced coord)
  -1.66894   -1.66853   -1.66748   -1.66646   -1.66617   -1.66569   -1.66465   -1.66463
  -1.66414   -1.66319   -1.66289   -1.66250   -1.66208   -1.66145   -1.66142   -1.66111
  -1.66012   -1.65968   -1.65953   -1.65864   -1.65801   -1.65781   -1.65715   -1.65674
  -1.65524   -1.64175   -1.64063   -1.63892   -1.63849   -1.63804   -1.63791   -1.63701
  -1.63673   -1.63637   -1.63617   -0.66237   -0.66208   -0.66176   -0.66160   -0.66061
  -0.66055   -0.66038   -0.66034   -0.66019   -0.66013   -0.65866   -0.65830   -0.65713
  -0.65705   -0.65699   -0.65575   -0.65536   -0.65509   -0.65467   -0.65429   -0.65398
  -0.65385   -0.65378   -0.65370   -0.65366   -0.65334   -0.65328   -0.65320   -0.65303
  -0.65281   -0.65274   -0.65264   -0.65264   -0.65207   -0.65194   -0.39431   -0.38795
  -0.37879   -0.36797   -0.35861   -0.34301   -0.34189   -0.16123   -0.15966   -0.14331
  -0.14181   -0.12548   -0.11437   -0.09982   -0.06994   -0.05922   -0.05655   -0.04346
  -0.02506   -0.01430   -0.00512    0.00526    0.01133    0.01869    0.02850    0.03072
   0.04711    0.05116    0.07788    0.09718    0.10435    0.11206    0.11282    0.13169
   0.13656    0.18320    0.18768    0.19068    0.19739    0.20642    0.21402    0.22177
   0.22519    0.23337    0.27027    0.27388    0.28010    0.28618    0.29751
 kpt#  33, nband=119, wtk=  1.00000, kpt=  0.2778  0.2778  0.2778 (reduced coord)
  -1.67024   -1.66817   -1.66767   -1.66726   -1.66696   -1.66606   -1.66541   -1.66524
  -1.66446   -1.66437   -1.66336   -1.66269   -1.66251   -1.66237   -1.66189   -1.66188
  -1.66098   -1.66067   -1.65861   -1.65824   -1.65770   -1.65740   -1.65696   -1.65594
  -1.65499   -1.64283   -1.64161   -1.63880   -1.63856   -1.63825   -1.63811   -1.63712
  -1.63676   -1.63664   -1.63578   -0.66238   -0.66206   -0.66201   -0.66192   -0.66076
  -0.66064   -0.66035   -0.66020   -0.66011   -0.66010   -0.65876   -0.65847   -0.65714
  -0.65709   -0.65697   -0.65601   -0.65557   -0.65519   -0.65470   -0.65414   -0.65392
  -0.65375   -0.65374   -0.65369   -0.65367   -0.65354   -0.65343   -0.65334   -0.65323
  -0.65288   -0.65279   -0.65271   -0.65270   -0.65197   -0.65179   -0.38928   -0.38351
  -0.37538   -0.36607   -0.35857   -0.34164   -0.34054   -0.16223   -0.16031   -0.14400
  -0.14283   -0.12520   -0.11775   -0.10447   -0.07601   -0.06522   -0.05092   -0.04937
  -0.03083   -0.01065   -0.00920   -0.00128    0.00609    0.01377    0.01871    0.02845
   0.03476    0.03917    0.06460    0.08303    0.09499    0.10477    0.10558    0.12545
   0.12687    0.19475    0.19762    0.19874    0.20381    0.21333    0.22327    0.23507
   0.24445    0.25406    0.26560    0.27591    0.28255    0.28617    0.29850
 kpt#  34, nband=119, wtk=  1.00000, kpt=  0.3056  0.3056  0.3056 (reduced coord)
  -1.66893   -1.66878   -1.66824   -1.66758   -1.66757   -1.66620   -1.66573   -1.66565
  -1.66478   -1.66439   -1.66377   -1.66351   -1.66314   -1.66181   -1.66148   -1.66124
  -1.66077   -1.66022   -1.65990   -1.65915   -1.65903   -1.65789   -1.65747   -1.65713
  -1.65555   -1.64295   -1.64189   -1.64015   -1.63914   -1.63859   -1.63817   -1.63739
  -1.63700   -1.63676   -1.63634   -0.66239   -0.66218   -0.66213   -0.66196   -0.66082
  -0.66073   -0.66037   -0.66018   -0.66018   -0.66010   -0.65892   -0.65845   -0.65723
  -0.65714   -0.65698   -0.65619   -0.65577   -0.65513   -0.65470   -0.65412   -0.65391
  -0.65388   -0.65378   -0.65372   -0.65369   -0.65368   -0.65355   -0.65346   -0.65326
  -0.65306   -0.65298   -0.65272   -0.65263   -0.65203   -0.65181   -0.38413   -0.37904
  -0.37208   -0.36440   -0.35875   -0.34007   -0.33900   -0.16209   -0.15965   -0.14438
  -0.14174   -0.12322   -0.11962   -0.10763   -0.08161   -0.07077   -0.05483   -0.04495
  -0.03617   -0.01579   -0.00896   -0.00428    0.00119    0.00434    0.00915    0.01742
   0.02236    0.02717    0.05360    0.07128    0.07971    0.09236    0.09320    0.11673
   0.12362    0.20302    0.20607    0.21301    0.21653    0.22985    0.24146    0.25148
   0.26164    0.26573    0.27112    0.27605    0.28534    0.29280    0.29978
 kpt#  35, nband=119, wtk=  1.00000, kpt=  0.3333  0.3333  0.3333 (reduced coord)
  -1.67049   -1.66860   -1.66755   -1.66732   -1.66659   -1.66610   -1.66586   -1.66538
  -1.66508   -1.66449   -1.66365   -1.66331   -1.66283   -1.66227   -1.66133   -1.66080
  -1.66079   -1.66019   -1.66017   -1.65952   -1.65917   -1.65851   -1.65784   -1.65646
  -1.65582   -1.64244   -1.64028   -1.63990   -1.63977   -1.63924   -1.63857   -1.63795
  -1.63726   -1.63653   -1.63625   -0.66230   -0.66220   -0.66203   -0.66192   -0.66087
  -0.66085   -0.66040   -0.66025   -0.66019   -0.66011   -0.65887   -0.65844   -0.65725
  -0.65723   -0.65703   -0.65614   -0.65570   -0.65507   -0.65462   -0.65418   -0.65397
  -0.65389   -0.65387   -0.65375   -0.65369   -0.65364   -0.65345   -0.65341   -0.65330
  -0.65314   -0.65296   -0.65279   -0.65267   -0.65207   -0.65185   -0.37903   -0.37469
  -0.36901   -0.36303   -0.35907   -0.33837   -0.33733   -0.16076   -0.15776   -0.14367
  -0.13929   -0.12028   -0.11953   -0.10886   -0.08663   -0.07575   -0.05974   -0.04098
  -0.03892   -0.02044   -0.01889   -0.01172   -0.00324   -0.00082    0.00389    0.00469
   0.00494    0.01757    0.04321    0.06016    0.06574    0.07639    0.08292    0.10970
   0.12371    0.20271    0.21455    0.23354    0.23747    0.25090    0.25618    0.25971
   0.26648    0.27178    0.28385    0.28679    0.29669    0.30091    0.30159
 kpt#  36, nband=119, wtk=  1.00000, kpt=  0.3611  0.3611  0.3611 (reduced coord)
  -1.66926   -1.66862   -1.66786   -1.66751   -1.66711   -1.66642   -1.66581   -1.66532
  -1.66463   -1.66419   -1.66381   -1.66323   -1.66231   -1.66220   -1.66184   -1.66144
  -1.66070   -1.66066   -1.66029   -1.65992   -1.65943   -1.65921   -1.65752   -1.65717
  -1.65504   -1.64169   -1.64077   -1.64024   -1.63969   -1.63965   -1.63877   -1.63832
  -1.63736   -1.63626   -1.63612   -0.66244   -0.66233   -0.66207   -0.66194   -0.66085
  -0.66072   -0.66040   -0.66031   -0.66023   -0.66015   -0.65891   -0.65839   -0.65724
  -0.65723   -0.65705   -0.65625   -0.65583   -0.65514   -0.65459   -0.65418   -0.65404
  -0.65389   -0.65385   -0.65370   -0.65368   -0.65359   -0.65344   -0.65338   -0.65337
  -0.65312   -0.65310   -0.65273   -0.65270   -0.65204   -0.65191   -0.37418   -0.37064
  -0.36629   -0.36198   -0.35947   -0.33662   -0.33561   -0.15822   -0.15476   -0.14164
  -0.13586   -0.11830   -0.11649   -0.10729   -0.09101   -0.08008   -0.06402   -0.04517
  -0.03344   -0.03157   -0.02817   -0.02450   -0.01392   -0.00772   -0.00714    0.00042
   0.00124    0.00647    0.03362    0.04543    0.05478    0.05936    0.08087    0.10443
   0.12496    0.20290    0.22325    0.25350    0.25523    0.25861    0.26236    0.27155
   0.27511    0.28203    0.28537    0.29694    0.30134    0.30169    0.30906
 kpt#  37, nband=119, wtk=  1.00000, kpt=  0.3889  0.3889  0.3889 (reduced coord)
  -1.66875   -1.66857   -1.66797   -1.66682   -1.66664   -1.66637   -1.66572   -1.66533
  -1.66493   -1.66479   -1.66457   -1.66315   -1.66309   -1.66264   -1.66261   -1.66192
  -1.66133   -1.66129   -1.66025   -1.65996   -1.65990   -1.65947   -1.65736   -1.65553
  -1.65503   -1.64175   -1.64089   -1.64064   -1.64025   -1.63970   -1.63909   -1.63848
  -1.63699   -1.63604   -1.63579   -0.66250   -0.66245   -0.66218   -0.66196   -0.66083
  -0.66068   -0.66038   -0.66033   -0.66027   -0.66006   -0.65907   -0.65840   -0.65728
  -0.65722   -0.65704   -0.65635   -0.65598   -0.65514   -0.65463   -0.65414   -0.65406
  -0.65390   -0.65385   -0.65374   -0.65374   -0.65361   -0.65355   -0.65343   -0.65338
  -0.65314   -0.65291   -0.65277   -0.65267   -0.65209   -0.65189   -0.36977   -0.36706
  -0.36402   -0.36120   -0.35988   -0.33494   -0.33394   -0.15462   -0.15082   -0.13832
  -0.13164   -0.11488   -0.11366   -0.10243   -0.09466   -0.08371   -0.06760   -0.04869
  -0.04666   -0.04399   -0.03078   -0.02791   -0.02764   -0.02005   -0.01042   -0.00464
  -0.00190   -0.00189    0.02676    0.02948    0.04189    0.04974    0.08260    0.10057
   0.12635    0.20428    0.23135    0.25291    0.25889    0.26816    0.27256    0.28001
   0.28710    0.28845    0.29085    0.30201    0.30458    0.31192    0.32185
 kpt#  38, nband=119, wtk=  1.00000, kpt=  0.4167  0.4167  0.4167 (reduced coord)
  -1.66940   -1.66826   -1.66813   -1.66729   -1.66706   -1.66677   -1.66645   -1.66600
  -1.66519   -1.66494   -1.66449   -1.66336   -1.66331   -1.66306   -1.66298   -1.66219
  -1.66186   -1.66156   -1.66051   -1.65999   -1.65994   -1.65932   -1.65730   -1.65524
  -1.65476   -1.64196   -1.64086   -1.64060   -1.64025   -1.63983   -1.63925   -1.63908
  -1.63692   -1.63616   -1.63586   -0.66274   -0.66252   -0.66214   -0.66207   -0.66084
  -0.66074   -0.66031   -0.66029   -0.66028   -0.66010   -0.65925   -0.65845   -0.65730
  -0.65722   -0.65701   -0.65647   -0.65611   -0.65520   -0.65469   -0.65415   -0.65408
  -0.65399   -0.65391   -0.65387   -0.65370   -0.65369   -0.65357   -0.65348   -0.65340
  -0.65306   -0.65288   -0.65277   -0.65265   -0.65205   -0.65191   -0.36605   -0.36412
  -0.36224   -0.36068   -0.36023   -0.33344   -0.33245   -0.15025   -0.14622   -0.13397
  -0.12674   -0.11072   -0.10992   -0.09755   -0.09568   -0.08658   -0.07043   -0.06110
  -0.05833   -0.05147   -0.04613   -0.03303   -0.03062   -0.02286   -0.01422   -0.01302
  -0.00710   -0.00438    0.01452    0.01786    0.03424    0.04536    0.08505    0.09805
   0.12746    0.20652    0.23841    0.25295    0.25614    0.26353    0.27830    0.27837
   0.29679    0.29976    0.30201    0.30829    0.31308    0.32362    0.32724
 kpt#  39, nband=119, wtk=  1.00000, kpt=  0.4444  0.4444  0.4444 (reduced coord)
  -1.66864   -1.66858   -1.66808   -1.66735   -1.66685   -1.66643   -1.66561   -1.66533
  -1.66479   -1.66465   -1.66430   -1.66384   -1.66340   -1.66257   -1.66232   -1.66213
  -1.66166   -1.66124   -1.66120   -1.66068   -1.66023   -1.65893   -1.65882   -1.65570
  -1.65486   -1.64177   -1.64127   -1.64049   -1.64012   -1.63992   -1.63929   -1.63924
  -1.63708   -1.63639   -1.63572   -0.66269   -0.66249   -0.66216   -0.66200   -0.66093
  -0.66085   -0.66032   -0.66032   -0.66017   -0.66004   -0.65926   -0.65838   -0.65729
  -0.65727   -0.65698   -0.65652   -0.65614   -0.65520   -0.65467   -0.65410   -0.65407
  -0.65399   -0.65395   -0.65388   -0.65373   -0.65367   -0.65353   -0.65352   -0.65346
  -0.65303   -0.65297   -0.65280   -0.65259   -0.65209   -0.65180   -0.36323   -0.36193
  -0.36097   -0.36056   -0.36027   -0.33224   -0.33126   -0.14570   -0.14146   -0.12917
  -0.12133   -0.10690   -0.10459   -0.09964   -0.08890   -0.08865   -0.07414   -0.07248
  -0.06999   -0.05929   -0.05349   -0.04427   -0.03258   -0.02417   -0.01936   -0.01491
  -0.01045   -0.00619    0.00241    0.00559    0.03339    0.04312    0.08684    0.09687
   0.12820    0.20897    0.24366    0.25411    0.25415    0.25756    0.27693    0.27777
   0.30182    0.30189    0.30800    0.31878    0.32059    0.32480    0.33769
 kpt#  40, nband=119, wtk=  1.00000, kpt=  0.4722  0.4722  0.4722 (reduced coord)
  -1.66796   -1.66766   -1.66716   -1.66683   -1.66641   -1.66596   -1.66577   -1.66478
  -1.66406   -1.66377   -1.66325   -1.66301   -1.66257   -1.66231   -1.66168   -1.66139
  -1.66095   -1.66080   -1.66038   -1.66010   -1.65989   -1.65927   -1.65906   -1.65598
  -1.65384   -1.64160   -1.64084   -1.64011   -1.64003   -1.63959   -1.63867   -1.63798
  -1.63661   -1.63610   -1.63507   -0.66259   -0.66253   -0.66216   -0.66180   -0.66103
  -0.66068   -0.66039   -0.66013   -0.66007   -0.65988   -0.65915   -0.65823   -0.65738
  -0.65708   -0.65681   -0.65650   -0.65611   -0.65510   -0.65466   -0.65405   -0.65394
  -0.65393   -0.65380   -0.65374   -0.65368   -0.65358   -0.65350   -0.65341   -0.65320
  -0.65312   -0.65294   -0.65279   -0.65250   -0.65183   -0.65170   -0.36153   -0.36068
  -0.36066   -0.36019   -0.36002   -0.33148   -0.33050   -0.14201   -0.13756   -0.12500
  -0.11617   -0.10311   -0.10091   -0.09964   -0.08991   -0.08548   -0.08480   -0.07593
  -0.07372   -0.06924   -0.05471   -0.05220   -0.03377   -0.03146   -0.01718   -0.01606
  -0.01297   -0.00729   -0.00518   -0.00399    0.03350    0.04234    0.08760    0.09670
   0.12859    0.21088    0.24662    0.25289    0.25390    0.25581    0.27608    0.27649
   0.30163    0.30212    0.31269    0.31966    0.32483    0.32545    0.34472
 kpt#  41, nband=119, wtk=  1.00000, kpt=  0.5000  0.5000  0.5000 (reduced coord)
  -1.66868   -1.66868   -1.66772   -1.66772   -1.66666   -1.66622   -1.66622   -1.66578
  -1.66548   -1.66487   -1.66476   -1.66426   -1.66392   -1.66366   -1.66337   -1.66329
  -1.66324   -1.66308   -1.66294   -1.66245   -1.66245   -1.66213   -1.66173   -1.65682
  -1.65682   -1.64474   -1.64259   -1.64131   -1.64116   -1.64116   -1.64114   -1.63930
  -1.63750   -1.63750   -1.63704   -0.66308   -0.66298   -0.66235   -0.66197   -0.66104
  -0.66104   -0.66053   -0.66053   -0.66042   -0.66032   -0.65933   -0.65810   -0.65745
  -0.65745   -0.65720   -0.65689   -0.65651   -0.65541   -0.65508   -0.65432   -0.65413
  -0.65413   -0.65388   -0.65379   -0.65379   -0.65377   -0.65368   -0.65350   -0.65343
  -0.65324   -0.65324   -0.65288   -0.65288   -0.65226   -0.65210   -0.36113   -0.36058
  -0.36037   -0.35991   -0.35988   -0.33123   -0.33025   -0.14056   -0.13601   -0.12322
  -0.11369   -0.10133   -0.10133   -0.09660   -0.09033   -0.09033   -0.08627   -0.07504
  -0.07413   -0.07413   -0.05512   -0.05512   -0.03417   -0.03417   -0.01644   -0.01644
  -0.01429   -0.00766   -0.00766   -0.00744    0.03351    0.04220    0.08774    0.09676
   0.12869    0.21157    0.24755    0.25254    0.25254    0.25659    0.27578    0.27578
   0.30154    0.30154    0.31372    0.32023    0.32564    0.32564    0.34642
 kpt#  42, nband=119, wtk=  1.00000, kpt=  0.4375  0.5000  0.5000 (reduced coord)
  -1.66832   -1.66792   -1.66741   -1.66728   -1.66685   -1.66605   -1.66554   -1.66554
  -1.66498   -1.66488   -1.66426   -1.66410   -1.66283   -1.66245   -1.66242   -1.66221
  -1.66197   -1.66172   -1.66080   -1.66042   -1.65969   -1.65956   -1.65935   -1.65469
  -1.65459   -1.64183   -1.64149   -1.64094   -1.64048   -1.64008   -1.63890   -1.63806
  -1.63677   -1.63626   -1.63580   -0.66264   -0.66251   -0.66218   -0.66194   -0.66092
  -0.66076   -0.66031   -0.66028   -0.66018   -0.66015   -0.65922   -0.65834   -0.65727
  -0.65716   -0.65703   -0.65653   -0.65613   -0.65520   -0.65465   -0.65416   -0.65404
  -0.65394   -0.65389   -0.65384   -0.65373   -0.65363   -0.65360   -0.65343   -0.65333
  -0.65301   -0.65299   -0.65278   -0.65263   -0.65206   -0.65193   -0.36178   -0.36123
  -0.36099   -0.36052   -0.36051   -0.33188   -0.33090   -0.14413   -0.13983   -0.12748
  -0.11936   -0.10547   -0.10327   -0.10141   -0.08404   -0.08326   -0.08249   -0.07674
  -0.06849   -0.06835   -0.05203   -0.04994   -0.03066   -0.02990   -0.01694   -0.01682
  -0.01040   -0.00320   -0.00232   -0.00192    0.03356    0.04247    0.08746    0.09651
   0.12844    0.20978    0.24536    0.25447    0.25469    0.25470    0.27683    0.27694
   0.30182    0.30248    0.31193    0.31822    0.32317    0.32506    0.34285
 kpt#  43, nband=119, wtk=  1.00000, kpt=  0.3750  0.5000  0.5000 (reduced coord)
  -1.66991   -1.66887   -1.66864   -1.66837   -1.66726   -1.66669   -1.66647   -1.66591
  -1.66519   -1.66473   -1.66395   -1.66376   -1.66344   -1.66272   -1.66263   -1.66239
  -1.66227   -1.66195   -1.66111   -1.65953   -1.65894   -1.65834   -1.65808   -1.65425
  -1.65420   -1.64146   -1.64134   -1.64043   -1.64036   -1.63992   -1.63905   -1.63752
  -1.63712   -1.63659   -1.63648   -0.66260   -0.66232   -0.66231   -0.66209   -0.66095
  -0.66084   -0.66046   -0.66024   -0.66011   -0.66010   -0.65913   -0.65854   -0.65725
  -0.65725   -0.65711   -0.65637   -0.65600   -0.65523   -0.65474   -0.65418   -0.65409
  -0.65398   -0.65393   -0.65383   -0.65371   -0.65363   -0.65360   -0.65337   -0.65337
  -0.65296   -0.65292   -0.65277   -0.65275   -0.65214   -0.65194   -0.36366   -0.36312
  -0.36279   -0.36230   -0.36228   -0.33373   -0.33275   -0.15240   -0.14846   -0.13638
  -0.12960   -0.11400   -0.11322   -0.10628   -0.07276   -0.07137   -0.07129   -0.07073
  -0.05889   -0.05490   -0.04323   -0.03685   -0.02081   -0.01913   -0.01806   -0.01775
   0.00036    0.00813    0.01172    0.01322    0.03469    0.04389    0.08685    0.09595
   0.12777    0.20489    0.23983    0.24872    0.26086    0.26095    0.27774    0.27808
   0.29832    0.30088    0.30665    0.31148    0.31168    0.31945    0.32844
 kpt#  44, nband=119, wtk=  1.00000, kpt=  0.3125  0.5000  0.5000 (reduced coord)
  -1.66848   -1.66812   -1.66785   -1.66726   -1.66645   -1.66597   -1.66548   -1.66429
  -1.66377   -1.66370   -1.66287   -1.66267   -1.66199   -1.66198   -1.66185   -1.66146
  -1.66103   -1.66075   -1.66064   -1.66029   -1.66010   -1.65826   -1.65783   -1.65576
  -1.65502   -1.64121   -1.64073   -1.63976   -1.63954   -1.63916   -1.63803   -1.63782
  -1.63690   -1.63677   -1.63624   -0.66230   -0.66226   -0.66218   -0.66212   -0.66073
  -0.66045   -0.66042   -0.66035   -0.66016   -0.66008   -0.65881   -0.65850   -0.65724
  -0.65700   -0.65699   -0.65618   -0.65580   -0.65519   -0.65474   -0.65416   -0.65404
  -0.65385   -0.65378   -0.65372   -0.65368   -0.65351   -0.65340   -0.65337   -0.65318
  -0.65294   -0.65279   -0.65278   -0.65268   -0.65200   -0.65188   -0.36640   -0.36586
  -0.36541   -0.36488   -0.36482   -0.33642   -0.33544   -0.16185   -0.15814   -0.14600
  -0.13984   -0.12331   -0.12328   -0.11471   -0.05856   -0.05759   -0.05642   -0.05578
  -0.04522   -0.03747   -0.03041   -0.02242   -0.01856   -0.01561   -0.00650   -0.00620
   0.01577    0.01981    0.03207    0.03430    0.04201    0.04872    0.08689    0.09589
   0.12736    0.19815    0.23256    0.24026    0.26672    0.26725    0.27031    0.27045
   0.28469    0.28569    0.28993    0.29139    0.29482    0.30803    0.31023
 kpt#  45, nband=119, wtk=  1.00000, kpt=  0.2500  0.5000  0.5000 (reduced coord)
  -1.66859   -1.66838   -1.66792   -1.66740   -1.66641   -1.66607   -1.66519   -1.66443
  -1.66430   -1.66396   -1.66396   -1.66365   -1.66338   -1.66319   -1.66278   -1.66237
  -1.66234   -1.66179   -1.66128   -1.66072   -1.65991   -1.65931   -1.65715   -1.65658
  -1.65645   -1.64212   -1.64155   -1.64099   -1.64010   -1.63961   -1.63889   -1.63882
  -1.63728   -1.63675   -1.63628   -0.66231   -0.66228   -0.66209   -0.66196   -0.66075
  -0.66075   -0.66057   -0.66053   -0.66040   -0.66016   -0.65864   -0.65845   -0.65741
  -0.65726   -0.65708   -0.65607   -0.65570   -0.65522   -0.65469   -0.65448   -0.65410
  -0.65397   -0.65389   -0.65373   -0.65363   -0.65354   -0.65343   -0.65331   -0.65322
  -0.65302   -0.65299   -0.65276   -0.65261   -0.65242   -0.65229   -0.36950   -0.36895
  -0.36839   -0.36783   -0.36771   -0.33946   -0.33848   -0.17062   -0.16704   -0.15476
  -0.14887   -0.13238   -0.13182   -0.12323   -0.04066   -0.04053   -0.03999   -0.03895
  -0.02782   -0.02243   -0.01984   -0.01748   -0.00872    0.00196    0.00399    0.00755
   0.02742    0.03319    0.05658    0.05861    0.06045    0.06097    0.08975    0.09782
   0.12826    0.19036    0.22396    0.22770    0.24489    0.24588    0.25025    0.25112
   0.25485    0.26389    0.27371    0.28156    0.29034    0.29180    0.29597
 kpt#  46, nband=119, wtk=  1.00000, kpt=  0.1875  0.5000  0.5000 (reduced coord)
  -1.66791   -1.66732   -1.66706   -1.66699   -1.66638   -1.66605   -1.66513   -1.66437
  -1.66376   -1.66337   -1.66320   -1.66273   -1.66257   -1.66245   -1.66208   -1.66167
  -1.66158   -1.66119   -1.66100   -1.66092   -1.66048   -1.65791   -1.65731   -1.65619
  -1.65503   -1.64128   -1.64018   -1.64009   -1.63932   -1.63917   -1.63874   -1.63872
  -1.63708   -1.63637   -1.63590   -0.66218   -0.66204   -0.66181   -0.66149   -0.66062
  -0.66058   -0.66054   -0.66052   -0.66048   -0.66018   -0.65852   -0.65837   -0.65736
  -0.65723   -0.65702   -0.65562   -0.65524   -0.65511   -0.65466   -0.65441   -0.65404
  -0.65401   -0.65393   -0.65374   -0.65371   -0.65337   -0.65329   -0.65322   -0.65304
  -0.65302   -0.65299   -0.65270   -0.65251   -0.65236   -0.65225   -0.37246   -0.37191
  -0.37123   -0.37066   -0.37049   -0.34238   -0.34139   -0.17788   -0.17435   -0.16196
  -0.15618   -0.13980   -0.13889   -0.13046   -0.03209   -0.03075   -0.02029   -0.01984
  -0.01053   -0.00906   -0.00779    0.00325    0.01031    0.01141    0.01547    0.02001
   0.04106    0.04670    0.08007    0.08367    0.08400    0.08577    0.09939    0.10413
   0.13233    0.18111    0.20587    0.20921    0.21288    0.21428    0.22467    0.22480
   0.22617    0.23282    0.25319    0.26543    0.27004    0.28168    0.28792
 kpt#  47, nband=119, wtk=  1.00000, kpt=  0.1250  0.5000  0.5000 (reduced coord)
  -1.66801   -1.66776   -1.66775   -1.66737   -1.66735   -1.66627   -1.66570   -1.66490
  -1.66379   -1.66357   -1.66356   -1.66331   -1.66307   -1.66289   -1.66276   -1.66234
  -1.66169   -1.66147   -1.66114   -1.66112   -1.66052   -1.65869   -1.65755   -1.65554
  -1.65445   -1.64353   -1.64064   -1.64007   -1.63967   -1.63948   -1.63865   -1.63811
  -1.63691   -1.63614   -1.63547   -0.66221   -0.66211   -0.66172   -0.66143   -0.66088
  -0.66077   -0.66055   -0.66049   -0.66036   -0.66004   -0.65867   -0.65836   -0.65762
  -0.65709   -0.65693   -0.65558   -0.65521   -0.65510   -0.65479   -0.65464   -0.65428
  -0.65426   -0.65399   -0.65380   -0.65372   -0.65341   -0.65330   -0.65307   -0.65300
  -0.65279   -0.65276   -0.65268   -0.65255   -0.65253   -0.65227   -0.37488   -0.37433
  -0.37357   -0.37298   -0.37277   -0.34476   -0.34378   -0.18323   -0.17974   -0.16727
  -0.16152   -0.14525   -0.14412   -0.13584   -0.03160   -0.03088   -0.00262   -0.00190
   0.01073    0.01119    0.01172    0.01615    0.02030    0.03076    0.03313    0.03334
   0.05337    0.05682    0.10332    0.10622    0.11047    0.11109    0.11700    0.11735
   0.14210    0.16711    0.17751    0.18426    0.18457    0.18727    0.19823    0.20250
   0.20275    0.21240    0.23868    0.24210    0.24282    0.25805    0.26117
 kpt#  48, nband=119, wtk=  1.00000, kpt=  0.0625  0.5000  0.5000 (reduced coord)
  -1.66917   -1.66864   -1.66830   -1.66826   -1.66695   -1.66624   -1.66590   -1.66553
  -1.66508   -1.66482   -1.66403   -1.66389   -1.66385   -1.66244   -1.66239   -1.66192
  -1.66150   -1.66112   -1.65954   -1.65930   -1.65888   -1.65832   -1.65799   -1.65529
  -1.65478   -1.64236   -1.64082   -1.64048   -1.63933   -1.63931   -1.63869   -1.63834
  -1.63683   -1.63652   -1.63636   -0.66226   -0.66217   -0.66160   -0.66135   -0.66091
  -0.66081   -0.66075   -0.66039   -0.66039   -0.66015   -0.65858   -0.65812   -0.65764
  -0.65721   -0.65694   -0.65548   -0.65523   -0.65503   -0.65484   -0.65466   -0.65431
  -0.65423   -0.65396   -0.65365   -0.65364   -0.65345   -0.65327   -0.65310   -0.65294
  -0.65279   -0.65275   -0.65270   -0.65265   -0.65254   -0.65249   -0.37646   -0.37591
  -0.37510   -0.37449   -0.37426   -0.34632   -0.34533   -0.18650   -0.18302   -0.17052
  -0.16478   -0.14857   -0.14732   -0.13913   -0.03222   -0.03170    0.00311    0.00498
   0.03033    0.03065    0.03112    0.03164    0.03813    0.04086    0.04748    0.05036
   0.06150    0.06648    0.11426    0.11550    0.12655    0.13095    0.13331    0.13690
   0.15245    0.15328    0.15894    0.16838    0.17247    0.18056    0.18091    0.18609
   0.19346    0.19676    0.21288    0.21485    0.22025    0.23202    0.23510
 kpt#  49, nband=119, wtk=  1.00000, kpt=  0.0000  0.5000  0.5000 (reduced coord)
  -1.66778   -1.66746   -1.66692   -1.66644   -1.66549   -1.66548   -1.66535   -1.66501
  -1.66501   -1.66462   -1.66410   -1.66362   -1.66329   -1.66283   -1.66264   -1.66263
  -1.66242   -1.66137   -1.66091   -1.66031   -1.66001   -1.65830   -1.65765   -1.65495
  -1.65464   -1.64275   -1.64095   -1.64074   -1.63961   -1.63930   -1.63831   -1.63808
  -1.63740   -1.63613   -1.63601   -0.66211   -0.66208   -0.66127   -0.66114   -0.66109
  -0.66092   -0.66069   -0.66065   -0.66016   -0.66009   -0.65866   -0.65802   -0.65773
  -0.65743   -0.65672   -0.65518   -0.65515   -0.65477   -0.65476   -0.65469   -0.65430
  -0.65430   -0.65414   -0.65381   -0.65365   -0.65348   -0.65330   -0.65311   -0.65299
  -0.65286   -0.65274   -0.65264   -0.65260   -0.65255   -0.65244   -0.37700   -0.37645
  -0.37563   -0.37501   -0.37478   -0.34685   -0.34587   -0.18760   -0.18412   -0.17160
  -0.16587   -0.14968   -0.14839   -0.14024   -0.03250   -0.03203    0.00397    0.00589
   0.03860    0.04026    0.04056    0.04438    0.04536    0.04542    0.04747    0.05954
   0.06923    0.06995    0.11087    0.11224    0.12527    0.13072    0.13445    0.14373
   0.15115    0.15931    0.15992    0.17964    0.18216    0.18339    0.18615    0.18648
   0.18758    0.19661    0.19872    0.19883    0.20062    0.21127    0.21165
 kpt#  50, nband=119, wtk=  1.00000, kpt=  0.0000  0.5000  0.4375 (reduced coord)
  -1.66884   -1.66857   -1.66675   -1.66612   -1.66578   -1.66528   -1.66504   -1.66499
  -1.66423   -1.66413   -1.66366   -1.66326   -1.66282   -1.66267   -1.66219   -1.66206
  -1.66192   -1.66049   -1.66045   -1.66005   -1.65941   -1.65827   -1.65745   -1.65521
  -1.65492   -1.64264   -1.64061   -1.64013   -1.63992   -1.63858   -1.63840   -1.63781
  -1.63747   -1.63590   -1.63558   -0.66210   -0.66187   -0.66131   -0.66124   -0.66108
  -0.66087   -0.66063   -0.66053   -0.66023   -0.66004   -0.65855   -0.65808   -0.65770
  -0.65735   -0.65671   -0.65523   -0.65507   -0.65482   -0.65470   -0.65462   -0.65428
  -0.65416   -0.65406   -0.65372   -0.65359   -0.65351   -0.65319   -0.65315   -0.65294
  -0.65289   -0.65270   -0.65265   -0.65261   -0.65249   -0.65242   -0.37700   -0.37645
  -0.37562   -0.37501   -0.37478   -0.34685   -0.34587   -0.18760   -0.18412   -0.17160
  -0.16587   -0.14968   -0.14839   -0.14024   -0.03250   -0.03203    0.00398    0.00589
   0.03860    0.04026    0.04056    0.04438    0.04536    0.04543    0.04747    0.05954
   0.06923    0.06995    0.11089    0.11225    0.12529    0.13072    0.13446    0.14374
   0.15116    0.15931    0.15994    0.17964    0.18216    0.18337    0.18616    0.18646
   0.18758    0.19661    0.19872    0.19883    0.20062    0.21127    0.21165
 kpt#  51, nband=119, wtk=  1.00000, kpt=  0.0000  0.5000  0.3750 (reduced coord)
  -1.66856   -1.66824   -1.66723   -1.66620   -1.66554   -1.66508   -1.66485   -1.66450
  -1.66433   -1.66391   -1.66301   -1.66297   -1.66247   -1.66244   -1.66168   -1.66153
  -1.66084   -1.66037   -1.66017   -1.65902   -1.65896   -1.65793   -1.65642   -1.65382
  -1.65368   -1.64227   -1.63996   -1.63937   -1.63920   -1.63848   -1.63778   -1.63676
  -1.63651   -1.63650   -1.63484   -0.66227   -0.66191   -0.66123   -0.66113   -0.66093
  -0.66069   -0.66059   -0.66038   -0.66015   -0.65990   -0.65866   -0.65795   -0.65760
  -0.65719   -0.65658   -0.65516   -0.65512   -0.65473   -0.65468   -0.65462   -0.65422
  -0.65418   -0.65399   -0.65377   -0.65346   -0.65342   -0.65312   -0.65306   -0.65275
  -0.65272   -0.65265   -0.65251   -0.65248   -0.65236   -0.65224   -0.37700   -0.37645
  -0.37562   -0.37501   -0.37478   -0.34685   -0.34587   -0.18760   -0.18412   -0.17160
  -0.16587   -0.14968   -0.14839   -0.14024   -0.03250   -0.03203    0.00398    0.00589
   0.03858    0.04027    0.04056    0.04439    0.04537    0.04544    0.04749    0.05952
   0.06924    0.06996    0.11089    0.11226    0.12529    0.13072    0.13446    0.14374
   0.15117    0.15932    0.15995    0.17964    0.18217    0.18340    0.18616    0.18650
   0.18755    0.19663    0.19871    0.19883    0.20064    0.21128    0.21166
 kpt#  52, nband=119, wtk=  1.00000, kpt=  0.0000  0.5000  0.3125 (reduced coord)
  -1.66795   -1.66774   -1.66685   -1.66589   -1.66523   -1.66518   -1.66505   -1.66455
  -1.66424   -1.66382   -1.66359   -1.66258   -1.66248   -1.66240   -1.66179   -1.66139
  -1.66106   -1.66003   -1.65954   -1.65883   -1.65818   -1.65783   -1.65674   -1.65376
  -1.65359   -1.64226   -1.64003   -1.63926   -1.63873   -1.63790   -1.63776   -1.63691
  -1.63670   -1.63591   -1.63482   -0.66233   -0.66202   -0.66121   -0.66112   -0.66092
  -0.66061   -0.66058   -0.66019   -0.66006   -0.65995   -0.65874   -0.65794   -0.65760
  -0.65707   -0.65657   -0.65528   -0.65511   -0.65471   -0.65466   -0.65462   -0.65424
  -0.65423   -0.65406   -0.65365   -0.65338   -0.65327   -0.65309   -0.65286   -0.65276
  -0.65265   -0.65262   -0.65250   -0.65248   -0.65235   -0.65224   -0.37700   -0.37645
  -0.37562   -0.37501   -0.37478   -0.34685   -0.34587   -0.18760   -0.18412   -0.17160
  -0.16587   -0.14968   -0.14839   -0.14024   -0.03251   -0.03203    0.00398    0.00589
   0.03858    0.04026    0.04056    0.04439    0.04538    0.04544    0.04749    0.05951
   0.06924    0.06996    0.11088    0.11225    0.12531    0.13072    0.13447    0.14375
   0.15118    0.15932    0.15996    0.17964    0.18217    0.18340    0.18617    0.18650
   0.18753    0.19663    0.19870    0.19882    0.20064    0.21128    0.21166
 kpt#  53, nband=119, wtk=  1.00000, kpt=  0.0000  0.5000  0.2500 (reduced coord)
  -1.66844   -1.66834   -1.66815   -1.66740   -1.66532   -1.66527   -1.66484   -1.66480
  -1.66391   -1.66360   -1.66345   -1.66218   -1.66209   -1.66209   -1.66178   -1.66108
  -1.66045   -1.65934   -1.65904   -1.65842   -1.65803   -1.65738   -1.65681   -1.65429
  -1.65423   -1.64189   -1.63990   -1.63929   -1.63825   -1.63813   -1.63749   -1.63737
  -1.63654   -1.63584   -1.63536   -0.66241   -0.66189   -0.66118   -0.66108   -0.66094
  -0.66056   -0.66048   -0.66027   -0.66017   -0.66004   -0.65873   -0.65792   -0.65757
  -0.65709   -0.65667   -0.65515   -0.65508   -0.65469   -0.65466   -0.65457   -0.65421
  -0.65417   -0.65402   -0.65371   -0.65346   -0.65325   -0.65313   -0.65291   -0.65281
  -0.65261   -0.65261   -0.65257   -0.65246   -0.65234   -0.65232   -0.37700   -0.37645
  -0.37562   -0.37501   -0.37478   -0.34685   -0.34587   -0.18760   -0.18412   -0.17160
  -0.16587   -0.14968   -0.14839   -0.14024   -0.03251   -0.03203    0.00398    0.00589
   0.03858    0.04027    0.04057    0.04439    0.04537    0.04544    0.04748    0.05951
   0.06924    0.06996    0.11092    0.11228    0.12531    0.13070    0.13446    0.14374
   0.15119    0.15932    0.15996    0.17963    0.18217    0.18339    0.18617    0.18648
   0.18750    0.19663    0.19869    0.19882    0.20064    0.21130    0.21167
 kpt#  54, nband=119, wtk=  1.00000, kpt=  0.0000  0.5000  0.1875 (reduced coord)
  -1.66958   -1.66916   -1.66905   -1.66818   -1.66603   -1.66531   -1.66514   -1.66485
  -1.66450   -1.66373   -1.66367   -1.66298   -1.66259   -1.66245   -1.66196   -1.66191
  -1.66092   -1.65986   -1.65941   -1.65854   -1.65833   -1.65822   -1.65772   -1.65509
  -1.65506   -1.64208   -1.64035   -1.63954   -1.63891   -1.63866   -1.63823   -1.63767
  -1.63684   -1.63671   -1.63660   -0.66244   -0.66188   -0.66123   -0.66109   -0.66098
  -0.66069   -0.66053   -0.66043   -0.66042   -0.66022   -0.65875   -0.65796   -0.65762
  -0.65723   -0.65690   -0.65512   -0.65511   -0.65471   -0.65468   -0.65463   -0.65425
  -0.65419   -0.65402   -0.65383   -0.65367   -0.65337   -0.65328   -0.65303   -0.65287
  -0.65281   -0.65276   -0.65262   -0.65257   -0.65255   -0.65241   -0.37700   -0.37645
  -0.37562   -0.37501   -0.37478   -0.34685   -0.34587   -0.18760   -0.18412   -0.17160
  -0.16587   -0.14968   -0.14839   -0.14024   -0.03251   -0.03203    0.00398    0.00589
   0.03858    0.04027    0.04056    0.04439    0.04537    0.04544    0.04748    0.05951
   0.06924    0.06996    0.11092    0.11229    0.12532    0.13069    0.13446    0.14374
   0.15120    0.15932    0.15996    0.17962    0.18217    0.18338    0.18617    0.18647
   0.18746    0.19661    0.19868    0.19881    0.20063    0.21129    0.21167
 kpt#  55, nband=119, wtk=  1.00000, kpt=  0.0000  0.5000  0.1250 (reduced coord)
  -1.67031   -1.67024   -1.66993   -1.66922   -1.66790   -1.66685   -1.66680   -1.66577
  -1.66536   -1.66468   -1.66460   -1.66404   -1.66398   -1.66372   -1.66273   -1.66252
  -1.66244   -1.66134   -1.66074   -1.65983   -1.65936   -1.65855   -1.65811   -1.65541
  -1.65535   -1.64369   -1.64184   -1.63980   -1.63957   -1.63926   -1.63918   -1.63826
  -1.63813   -1.63794   -1.63776   -0.66267   -0.66203   -0.66134   -0.66118   -0.66116
  -0.66085   -0.66077   -0.66059   -0.66055   -0.66042   -0.65896   -0.65802   -0.65782
  -0.65740   -0.65704   -0.65529   -0.65519   -0.65492   -0.65481   -0.65481   -0.65445
  -0.65439   -0.65419   -0.65398   -0.65383   -0.65353   -0.65347   -0.65314   -0.65298
  -0.65290   -0.65289   -0.65287   -0.65277   -0.65264   -0.65261   -0.37700   -0.37645
  -0.37563   -0.37502   -0.37478   -0.34685   -0.34587   -0.18760   -0.18412   -0.17160
  -0.16588   -0.14969   -0.14839   -0.14024   -0.03251   -0.03203    0.00397    0.00588
   0.03857    0.04027    0.04056    0.04438    0.04536    0.04543    0.04748    0.05950
   0.06923    0.06996    0.11092    0.11228    0.12530    0.13067    0.13445    0.14371
   0.15120    0.15930    0.15993    0.17960    0.18215    0.18337    0.18615    0.18647
   0.18741    0.19660    0.19867    0.19880    0.20062    0.21128    0.21166
 kpt#  56, nband=119, wtk=  1.00000, kpt=  0.0000  0.5000  0.0625 (reduced coord)
  -1.67099   -1.67051   -1.67032   -1.66926   -1.66741   -1.66693   -1.66654   -1.66629
  -1.66565   -1.66463   -1.66435   -1.66357   -1.66333   -1.66330   -1.66213   -1.66192
  -1.66187   -1.66178   -1.66099   -1.65954   -1.65908   -1.65759   -1.65720   -1.65573
  -1.65568   -1.64396   -1.64182   -1.63954   -1.63940   -1.63925   -1.63916   -1.63799
  -1.63776   -1.63766   -1.63757   -0.66268   -0.66201   -0.66129   -0.66128   -0.66109
  -0.66074   -0.66071   -0.66066   -0.66064   -0.66030   -0.65895   -0.65797   -0.65785
  -0.65734   -0.65704   -0.65528   -0.65515   -0.65492   -0.65480   -0.65473   -0.65449
  -0.65440   -0.65417   -0.65399   -0.65381   -0.65346   -0.65343   -0.65314   -0.65291
  -0.65289   -0.65289   -0.65285   -0.65273   -0.65260   -0.65259   -0.37700   -0.37645
  -0.37563   -0.37502   -0.37478   -0.34685   -0.34587   -0.18760   -0.18413   -0.17160
  -0.16588   -0.14969   -0.14839   -0.14024   -0.03251   -0.03203    0.00397    0.00588
   0.03857    0.04027    0.04056    0.04438    0.04536    0.04543    0.04747    0.05949
   0.06923    0.06996    0.11092    0.11228    0.12530    0.13065    0.13445    0.14370
   0.15121    0.15930    0.15993    0.17960    0.18215    0.18336    0.18616    0.18646
   0.18739    0.19662    0.19867    0.19880    0.20065    0.21131    0.21170
 kpt#  57, nband=119, wtk=  1.00000, kpt=  0.0000  0.5000  0.0000 (reduced coord)
  -1.67182   -1.67129   -1.67020   -1.66948   -1.66815   -1.66743   -1.66705   -1.66643
  -1.66629   -1.66513   -1.66443   -1.66381   -1.66376   -1.66350   -1.66298   -1.66260
  -1.66192   -1.66152   -1.66106   -1.65964   -1.65925   -1.65796   -1.65784   -1.65730
  -1.65723   -1.64399   -1.64214   -1.64041   -1.64007   -1.63998   -1.63881   -1.63874
  -1.63873   -1.63860   -1.63752   -0.66258   -0.66199   -0.66146   -0.66137   -0.66116
  -0.66083   -0.66083   -0.66078   -0.66075   -0.66038   -0.65887   -0.65811   -0.65792
  -0.65745   -0.65719   -0.65525   -0.65523   -0.65494   -0.65485   -0.65477   -0.65453
  -0.65427   -0.65417   -0.65412   -0.65392   -0.65358   -0.65353   -0.65321   -0.65307
  -0.65303   -0.65300   -0.65291   -0.65289   -0.65272   -0.65269   -0.37700   -0.37645
  -0.37563   -0.37501   -0.37478   -0.34685   -0.34587   -0.18760   -0.18413   -0.17161
  -0.16588   -0.14969   -0.14839   -0.14024   -0.03251   -0.03203    0.00397    0.00588
   0.03857    0.04027    0.04056    0.04437    0.04535    0.04543    0.04745    0.05950
   0.06922    0.06994    0.11093    0.11229    0.12530    0.13064    0.13445    0.14369
   0.15121    0.15930    0.15993    0.17959    0.18214    0.18331    0.18616    0.18641
   0.18739    0.19660    0.19866    0.19880    0.20063    0.21131    0.21169
