 Fermi (or HOMO) energy (hartree) =   0.15150   Average Vxc (hartree)=  -0.31754
 Eigenvalues (hartree) for nkpt=  42  k points:
 kpt#   1, nband=119, wtk=  0.01389, kpt=  0.0417  0.0417  0.1250 (reduced coord)
  -1.67069   -1.67050   -1.66922   -1.66885   -1.66873   -1.66829   -1.66723   -1.66661
  -1.66572   -1.66511   -1.66487   -1.66404   -1.66363   -1.66358   -1.66312   -1.66206
  -1.66186   -1.66143   -1.66116   -1.65999   -1.65942   -1.65872   -1.65830   -1.65464
  -1.65284   -1.64317   -1.64224   -1.64195   -1.64081   -1.64008   -1.63792   -1.63759
  -1.63737   -1.63652   -1.63559   -0.66319   -0.66289   -0.66164   -0.66145   -0.66135
  -0.66133   -0.66037   -0.66036   -0.66031   -0.66022   -0.65883   -0.65818   -0.65805
  -0.65690   -0.65676   -0.65615   -0.65580   -0.65540   -0.65533   -0.65497   -0.65492
  -0.65427   -0.65375   -0.65374   -0.65365   -0.65336   -0.65328   -0.65310   -0.65307
  -0.65294   -0.65290   -0.65262   -0.65246   -0.65245   -0.65226   -0.41818   -0.40969
  -0.39677   -0.38046   -0.36327   -0.34835   -0.34530   -0.13172   -0.13039   -0.11572
  -0.10640   -0.08612   -0.07887   -0.05615   -0.04202   -0.02784   -0.02650   -0.01773
  -0.01339   -0.01074   -0.00301    0.00472    0.01387    0.01950    0.03047    0.03140
   0.03726    0.04210    0.04525    0.04974    0.05813    0.05922    0.08497    0.09837
   0.12649    0.20314    0.22975    0.23770    0.24762    0.24875    0.26500    0.28326
   0.28540    0.28619    0.28849    0.29407    0.29532    0.29848    0.29913
 kpt#   2, nband=119, wtk=  0.02778, kpt=  0.1250  0.0417  0.1250 (reduced coord)
  -1.67015   -1.66996   -1.66871   -1.66817   -1.66792   -1.66743   -1.66653   -1.66613
  -1.66570   -1.66551   -1.66499   -1.66441   -1.66396   -1.66374   -1.66351   -1.66318
  -1.66207   -1.66182   -1.66132   -1.66099   -1.66056   -1.65933   -1.65812   -1.65631
  -1.65366   -1.64306   -1.64251   -1.64166   -1.64105   -1.64055   -1.63888   -1.63805
  -1.63774   -1.63716   -1.63641   -0.66306   -0.66296   -0.66149   -0.66139   -0.66129
  -0.66122   -0.66053   -0.66043   -0.66035   -0.66030   -0.65896   -0.65817   -0.65810
  -0.65700   -0.65684   -0.65610   -0.65580   -0.65535   -0.65522   -0.65491   -0.65480
  -0.65445   -0.65398   -0.65379   -0.65369   -0.65345   -0.65333   -0.65313   -0.65305
  -0.65298   -0.65287   -0.65279   -0.65263   -0.65256   -0.65236   -0.41526   -0.40699
  -0.39446   -0.37870   -0.36232   -0.34774   -0.34524   -0.14002   -0.13858   -0.12306
  -0.11779   -0.09897   -0.08464   -0.06726   -0.05644   -0.03384   -0.02557   -0.01775
  -0.00283   -0.00192    0.00601    0.01388    0.01718    0.02982    0.03135    0.03397
   0.04133    0.04568    0.04680    0.05049    0.07497    0.07711    0.09105    0.10252
   0.12898    0.20025    0.22289    0.24459    0.25038    0.25519    0.25694    0.25891
   0.26823    0.27207    0.27366    0.27946    0.28086    0.29083    0.29306
 kpt#   3, nband=119, wtk=  0.02778, kpt=  0.2083  0.0417  0.1250 (reduced coord)
  -1.66944   -1.66810   -1.66804   -1.66715   -1.66649   -1.66604   -1.66573   -1.66525
  -1.66482   -1.66412   -1.66357   -1.66311   -1.66280   -1.66222   -1.66181   -1.66136
  -1.66081   -1.66070   -1.65951   -1.65900   -1.65774   -1.65738   -1.65597   -1.65573
  -1.65417   -1.64186   -1.64047   -1.64010   -1.63885   -1.63869   -1.63790   -1.63763
  -1.63657   -1.63609   -1.63590   -0.66279   -0.66273   -0.66114   -0.66099   -0.66094
  -0.66086   -0.66040   -0.66028   -0.66024   -0.66021   -0.65892   -0.65781   -0.65770
  -0.65693   -0.65677   -0.65592   -0.65552   -0.65492   -0.65485   -0.65455   -0.65450
  -0.65430   -0.65394   -0.65365   -0.65360   -0.65326   -0.65313   -0.65277   -0.65273
  -0.65268   -0.65263   -0.65253   -0.65251   -0.65244   -0.65232   -0.40960   -0.40182
  -0.39014   -0.37564   -0.36111   -0.34692   -0.34530   -0.15361   -0.15229   -0.13653
  -0.13419   -0.11720   -0.09821   -0.07915   -0.07235   -0.03442   -0.01769   -0.01172
   0.00370    0.00616    0.02020    0.02327    0.02732    0.03171    0.03631    0.04354
   0.04946    0.05155    0.05502    0.05788    0.09084    0.09756    0.10545    0.11336
   0.13176    0.19742    0.20424    0.22109    0.22692    0.23171    0.24100    0.24981
   0.25418    0.25603    0.25739    0.26472    0.26869    0.27038    0.27393
 kpt#   4, nband=119, wtk=  0.02778, kpt=  0.2917  0.0417  0.1250 (reduced coord)
  -1.66863   -1.66791   -1.66751   -1.66666   -1.66621   -1.66566   -1.66483   -1.66381
  -1.66359   -1.66341   -1.66261   -1.66221   -1.66149   -1.66122   -1.66021   -1.65934
  -1.65900   -1.65847   -1.65837   -1.65786   -1.65764   -1.65726   -1.65694   -1.65483
  -1.65438   -1.64095   -1.63961   -1.63885   -1.63831   -1.63799   -1.63700   -1.63680
  -1.63654   -1.63565   -1.63468   -0.66250   -0.66241   -0.66086   -0.66082   -0.66053
  -0.66048   -0.66042   -0.66033   -0.66028   -0.66024   -0.65876   -0.65765   -0.65713
  -0.65711   -0.65689   -0.65566   -0.65519   -0.65477   -0.65439   -0.65436   -0.65418
  -0.65395   -0.65382   -0.65369   -0.65357   -0.65339   -0.65324   -0.65285   -0.65273
  -0.65261   -0.65254   -0.65247   -0.65235   -0.65212   -0.65198   -0.40158   -0.39466
  -0.38451   -0.37235   -0.36124   -0.34654   -0.34539   -0.16790   -0.16674   -0.15112
  -0.14949   -0.13496   -0.11796   -0.10235   -0.06650   -0.02825   -0.00533   -0.00110
   0.00957    0.01456    0.01616    0.03028    0.03753    0.04256    0.04847    0.05356
   0.05404    0.05864    0.06006    0.07690    0.10555    0.11575    0.12272    0.13026
   0.13451    0.18125    0.19213    0.19385    0.20110    0.20474    0.21489    0.22409
   0.22809    0.23058    0.23855    0.24402    0.24717    0.25230    0.25726
 kpt#   5, nband=119, wtk=  0.02778, kpt=  0.3750  0.0417  0.1250 (reduced coord)
  -1.66851   -1.66808   -1.66755   -1.66714   -1.66601   -1.66579   -1.66542   -1.66510
  -1.66445   -1.66343   -1.66299   -1.66249   -1.66237   -1.66191   -1.66154   -1.66105
  -1.66089   -1.66065   -1.66004   -1.65954   -1.65854   -1.65791   -1.65768   -1.65529
  -1.65417   -1.64130   -1.64005   -1.63919   -1.63897   -1.63868   -1.63814   -1.63766
  -1.63707   -1.63669   -1.63617   -0.66248   -0.66215   -0.66105   -0.66101   -0.66076
  -0.66069   -0.66063   -0.66047   -0.66032   -0.66021   -0.65874   -0.65784   -0.65750
  -0.65721   -0.65689   -0.65545   -0.65503   -0.65490   -0.65458   -0.65451   -0.65422
  -0.65418   -0.65388   -0.65384   -0.65364   -0.65341   -0.65323   -0.65299   -0.65288
  -0.65276   -0.65273   -0.65257   -0.65250   -0.65244   -0.65232   -0.39187   -0.38638
  -0.37886   -0.37066   -0.36469   -0.34657   -0.34548   -0.17948   -0.17778   -0.16199
  -0.16116   -0.14654   -0.13589   -0.12265   -0.05502   -0.01731   -0.00657    0.01031
   0.01288    0.02762    0.02795    0.02837    0.04091    0.05028    0.05279    0.05411
   0.06307    0.06464    0.07781    0.09817    0.12096    0.12705    0.13375    0.14250
   0.14592    0.16359    0.17374    0.17502    0.17582    0.19118    0.19862    0.20494
   0.21088    0.21351    0.21412    0.21781    0.22117    0.22687    0.23536
 kpt#   6, nband=119, wtk=  0.02778, kpt=  0.4583  0.0417  0.1250 (reduced coord)
  -1.67034   -1.66970   -1.66859   -1.66771   -1.66712   -1.66676   -1.66542   -1.66499
  -1.66469   -1.66435   -1.66369   -1.66332   -1.66327   -1.66258   -1.66235   -1.66163
  -1.66124   -1.66040   -1.66005   -1.65964   -1.65897   -1.65834   -1.65800   -1.65531
  -1.65480   -1.64239   -1.64115   -1.63997   -1.63924   -1.63863   -1.63857   -1.63818
  -1.63740   -1.63707   -1.63642   -0.66254   -0.66207   -0.66135   -0.66123   -0.66104
  -0.66075   -0.66067   -0.66049   -0.66030   -0.66018   -0.65881   -0.65804   -0.65768
  -0.65724   -0.65688   -0.65537   -0.65517   -0.65498   -0.65476   -0.65472   -0.65433
  -0.65420   -0.65406   -0.65387   -0.65360   -0.65350   -0.65325   -0.65300   -0.65291
  -0.65283   -0.65278   -0.65267   -0.65260   -0.65257   -0.65245   -0.38149   -0.37840
  -0.37510   -0.37258   -0.37185   -0.34661   -0.34561   -0.18622   -0.18304   -0.16994
  -0.16512   -0.14859   -0.14747   -0.13702   -0.04028   -0.02367   -0.00323    0.01256
   0.02752    0.02852    0.03951    0.04039    0.04292    0.04332    0.04848    0.05573
   0.06545    0.06745    0.10204    0.11977    0.12431    0.13132    0.13684    0.14215
   0.15150    0.15389    0.16395    0.16901    0.17136    0.18009    0.18706    0.19024
   0.19354    0.19737    0.20520    0.20996    0.21127    0.21958    0.22790
 kpt#   7, nband=119, wtk=  0.01389, kpt=  0.1250  0.1250  0.1250 (reduced coord)
  -1.66955   -1.66914   -1.66840   -1.66763   -1.66751   -1.66618   -1.66575   -1.66569
  -1.66448   -1.66446   -1.66390   -1.66347   -1.66334   -1.66289   -1.66269   -1.66168
  -1.66154   -1.66066   -1.66013   -1.66012   -1.65904   -1.65846   -1.65675   -1.65497
  -1.65336   -1.64190   -1.64169   -1.64059   -1.64020   -1.63887   -1.63794   -1.63741
  -1.63686   -1.63628   -1.63559   -0.66283   -0.66277   -0.66137   -0.66111   -0.66109
  -0.66095   -0.66040   -0.66040   -0.66027   -0.66013   -0.65896   -0.65801   -0.65785
  -0.65690   -0.65678   -0.65599   -0.65551   -0.65517   -0.65493   -0.65474   -0.65450
  -0.65444   -0.65399   -0.65369   -0.65363   -0.65326   -0.65326   -0.65295   -0.65282
  -0.65279   -0.65271   -0.65258   -0.65257   -0.65236   -0.65228   -0.41237   -0.40432
  -0.39217   -0.37697   -0.36138   -0.34704   -0.34499   -0.14508   -0.14358   -0.12795
  -0.12371   -0.10590   -0.08893   -0.07010   -0.06544   -0.04099   -0.03064   -0.03059
  -0.01553    0.00194    0.00864    0.02040    0.02994    0.03113    0.03516    0.03517
   0.04067    0.04739    0.05345    0.05687    0.09092    0.09697    0.10259    0.11200
   0.13399    0.19823    0.21138    0.22233    0.22770    0.23608    0.24058    0.25253
   0.26105    0.26266    0.27079    0.27646    0.27915    0.28310    0.28794
 kpt#   8, nband=119, wtk=  0.02778, kpt=  0.2083  0.1250  0.1250 (reduced coord)
  -1.66899   -1.66799   -1.66778   -1.66696   -1.66627   -1.66574   -1.66464   -1.66440
  -1.66430   -1.66364   -1.66311   -1.66295   -1.66204   -1.66183   -1.66134   -1.66105
  -1.66074   -1.66014   -1.65976   -1.65912   -1.65847   -1.65825   -1.65616   -1.65439
  -1.65343   -1.64115   -1.64032   -1.63975   -1.63891   -1.63840   -1.63808   -1.63739
  -1.63637   -1.63596   -1.63493   -0.66262   -0.66254   -0.66110   -0.66087   -0.66077
  -0.66067   -0.66047   -0.66038   -0.66032   -0.66024   -0.65882   -0.65778   -0.65744
  -0.65703   -0.65686   -0.65579   -0.65537   -0.65485   -0.65463   -0.65446   -0.65428
  -0.65414   -0.65386   -0.65370   -0.65364   -0.65330   -0.65322   -0.65283   -0.65277
  -0.65271   -0.65264   -0.65255   -0.65244   -0.65242   -0.65220   -0.40677   -0.39921
  -0.38791   -0.37397   -0.36023   -0.34605   -0.34463   -0.15463   -0.15324   -0.13756
  -0.13471   -0.11864   -0.10074   -0.08251   -0.06946   -0.04469   -0.03395   -0.02779
  -0.01776   -0.00197    0.01665    0.01699    0.02055    0.03332    0.03828    0.04626
   0.05150    0.05924    0.05937    0.07780    0.10733    0.11383    0.11430    0.12675
   0.14138    0.18860    0.19046    0.19925    0.20460    0.20710    0.21858    0.23200
   0.24073    0.25214    0.25475    0.27701    0.27853    0.28159    0.28454
 kpt#   9, nband=119, wtk=  0.02778, kpt=  0.2917  0.1250  0.1250 (reduced coord)
  -1.66793   -1.66707   -1.66640   -1.66627   -1.66537   -1.66489   -1.66436   -1.66410
  -1.66370   -1.66336   -1.66296   -1.66268   -1.66109   -1.66080   -1.66026   -1.65983
  -1.65960   -1.65910   -1.65836   -1.65814   -1.65700   -1.65691   -1.65657   -1.65405
  -1.65371   -1.64015   -1.63914   -1.63850   -1.63825   -1.63767   -1.63692   -1.63644
  -1.63616   -1.63573   -1.63488   -0.66231   -0.66224   -0.66103   -0.66092   -0.66056
  -0.66041   -0.66039   -0.66028   -0.66026   -0.66013   -0.65857   -0.65775   -0.65718
  -0.65705   -0.65688   -0.65553   -0.65509   -0.65475   -0.65437   -0.65426   -0.65405
  -0.65389   -0.65374   -0.65362   -0.65353   -0.65329   -0.65317   -0.65287   -0.65275
  -0.65270   -0.65257   -0.65250   -0.65240   -0.65214   -0.65200   -0.39888   -0.39217
  -0.38240   -0.37076   -0.36036   -0.34535   -0.34421   -0.16612   -0.16487   -0.14908
  -0.14735   -0.13287   -0.11737   -0.10214   -0.06350   -0.03912   -0.02779   -0.02190
  -0.00994    0.00216    0.00786    0.02039    0.02553    0.03683    0.03875    0.04270
   0.05488    0.05959    0.08350    0.09957    0.10852    0.11939    0.12154    0.13755
   0.14381    0.17267    0.17324    0.18877    0.19071    0.20119    0.20541    0.21143
   0.21364    0.22082    0.25954    0.26181    0.26334    0.26449    0.27602
 kpt#  10, nband=119, wtk=  0.02778, kpt=  0.3750  0.1250  0.1250 (reduced coord)
  -1.66887   -1.66690   -1.66623   -1.66567   -1.66544   -1.66473   -1.66451   -1.66416
  -1.66382   -1.66352   -1.66323   -1.66265   -1.66213   -1.66176   -1.66111   -1.66076
  -1.66039   -1.65979   -1.65940   -1.65905   -1.65845   -1.65724   -1.65659   -1.65438
  -1.65368   -1.64127   -1.63964   -1.63860   -1.63828   -1.63797   -1.63725   -1.63687
  -1.63668   -1.63636   -1.63514   -0.66221   -0.66209   -0.66144   -0.66120   -0.66064
  -0.66058   -0.66043   -0.66039   -0.66021   -0.65993   -0.65847   -0.65809   -0.65730
  -0.65714   -0.65673   -0.65538   -0.65506   -0.65497   -0.65461   -0.65441   -0.65409
  -0.65386   -0.65380   -0.65365   -0.65346   -0.65336   -0.65312   -0.65295   -0.65289
  -0.65275   -0.65268   -0.65255   -0.65233   -0.65224   -0.65212   -0.38940   -0.38411
  -0.37692   -0.36912   -0.36355   -0.34498   -0.34390   -0.17631   -0.17441   -0.15884
  -0.15764   -0.14265   -0.13327   -0.12035   -0.05284   -0.02710   -0.01501   -0.01057
  -0.00714    0.00264    0.01232    0.02323    0.02809    0.03334    0.03781    0.04037
   0.05357    0.05686    0.10022    0.10200    0.11213    0.11477    0.11849    0.13425
   0.14254    0.16775    0.16950    0.18287    0.18377    0.19379    0.20025    0.20223
   0.20817    0.21835    0.24030    0.24608    0.24868    0.25873    0.26874
 kpt#  11, nband=119, wtk=  0.02778, kpt=  0.4583  0.1250  0.1250 (reduced coord)
  -1.66882   -1.66843   -1.66777   -1.66696   -1.66656   -1.66641   -1.66553   -1.66525
  -1.66487   -1.66426   -1.66398   -1.66363   -1.66315   -1.66295   -1.66239   -1.66227
  -1.66164   -1.66118   -1.66117   -1.66044   -1.65971   -1.65856   -1.65827   -1.65581
  -1.65519   -1.64238   -1.64149   -1.64091   -1.63950   -1.63915   -1.63860   -1.63786
  -1.63739   -1.63712   -1.63616   -0.66246   -0.66209   -0.66176   -0.66149   -0.66077
  -0.66068   -0.66063   -0.66058   -0.66037   -0.66003   -0.65875   -0.65841   -0.65751
  -0.65726   -0.65688   -0.65559   -0.65527   -0.65520   -0.65483   -0.65456   -0.65423
  -0.65416   -0.65401   -0.65389   -0.65360   -0.65353   -0.65329   -0.65320   -0.65301
  -0.65291   -0.65283   -0.65271   -0.65262   -0.65242   -0.65231   -0.37939   -0.37643
  -0.37331   -0.37091   -0.37022   -0.34479   -0.34379   -0.18241   -0.17918   -0.16620
  -0.16125   -0.14462   -0.14371   -0.13343   -0.03896   -0.02326   -0.01107    0.00191
   0.00445    0.00751    0.01627    0.01865    0.02233    0.02892    0.03311    0.03680
   0.05310    0.05661    0.10188    0.10675    0.10952    0.11223    0.11639    0.12156
   0.14194    0.16807    0.17527    0.18170    0.18260    0.19118    0.19852    0.20061
   0.20529    0.21506    0.23666    0.24085    0.24844    0.25195    0.25912
 kpt#  12, nband=119, wtk=  0.01389, kpt=  0.2083  0.2083  0.1250 (reduced coord)
  -1.66806   -1.66799   -1.66690   -1.66660   -1.66545   -1.66495   -1.66473   -1.66450
  -1.66385   -1.66289   -1.66220   -1.66142   -1.66108   -1.66090   -1.66059   -1.66039
  -1.65982   -1.65949   -1.65937   -1.65893   -1.65871   -1.65653   -1.65495   -1.65467
  -1.65305   -1.64050   -1.63930   -1.63900   -1.63881   -1.63746   -1.63739   -1.63659
  -1.63628   -1.63569   -1.63386   -0.66244   -0.66232   -0.66105   -0.66071   -0.66070
  -0.66050   -0.66046   -0.66033   -0.66016   -0.66014   -0.65875   -0.65766   -0.65729
  -0.65701   -0.65691   -0.65565   -0.65521   -0.65462   -0.65445   -0.65430   -0.65417
  -0.65403   -0.65374   -0.65369   -0.65351   -0.65328   -0.65316   -0.65288   -0.65270
  -0.65263   -0.65258   -0.65248   -0.65230   -0.65227   -0.65211   -0.40133   -0.39425
  -0.38380   -0.37109   -0.35914   -0.34467   -0.34348   -0.15778   -0.15636   -0.14051
  -0.13777   -0.12235   -0.10703   -0.09052   -0.06388   -0.06024   -0.04962   -0.03405
  -0.02149   -0.01592    0.00359    0.01428    0.01954    0.02335    0.02634    0.04355
   0.05514    0.06006    0.08798    0.10084    0.10217    0.11571    0.12320    0.13443
   0.14814    0.17528    0.18032    0.19246    0.19636    0.20718    0.20881    0.21469
   0.21709    0.22490    0.26148    0.28004    0.28318    0.28510    0.29577
 kpt#  13, nband=119, wtk=  0.02778, kpt=  0.2917  0.2083  0.1250 (reduced coord)
  -1.66845   -1.66764   -1.66732   -1.66701   -1.66624   -1.66580   -1.66575   -1.66502
  -1.66437   -1.66374   -1.66344   -1.66295   -1.66239   -1.66195   -1.66142   -1.66106
  -1.66013   -1.65981   -1.65936   -1.65872   -1.65837   -1.65717   -1.65669   -1.65643
  -1.65555   -1.64188   -1.64062   -1.63928   -1.63847   -1.63813   -1.63784   -1.63731
  -1.63676   -1.63656   -1.63615   -0.66233   -0.66222   -0.66168   -0.66164   -0.66062
  -0.66053   -0.66040   -0.66032   -0.66018   -0.66015   -0.65864   -0.65837   -0.65717
  -0.65710   -0.65699   -0.65572   -0.65532   -0.65517   -0.65473   -0.65424   -0.65408
  -0.65388   -0.65378   -0.65370   -0.65361   -0.65335   -0.65327   -0.65320   -0.65307
  -0.65284   -0.65277   -0.65267   -0.65261   -0.65214   -0.65198   -0.39375   -0.38751
  -0.37855   -0.36806   -0.35915   -0.34328   -0.34216   -0.16362   -0.16208   -0.14583
  -0.14455   -0.12882   -0.11722   -0.10293   -0.06316   -0.05888   -0.05060   -0.03844
  -0.01994   -0.01333   -0.00022    0.00360    0.01564    0.02146    0.02917    0.03093
   0.04772    0.05199    0.07972    0.09857    0.10418    0.11237    0.11313    0.13274
   0.13631    0.18110    0.18542    0.18934    0.19556    0.20435    0.21173    0.22016
   0.22343    0.23053    0.26642    0.27234    0.27995    0.28363    0.29572
 kpt#  14, nband=119, wtk=  0.02778, kpt=  0.3750  0.2083  0.1250 (reduced coord)
  -1.66904   -1.66861   -1.66773   -1.66661   -1.66619   -1.66593   -1.66533   -1.66513
  -1.66455   -1.66403   -1.66367   -1.66334   -1.66251   -1.66222   -1.66179   -1.66137
  -1.66064   -1.66030   -1.65995   -1.65952   -1.65928   -1.65822   -1.65709   -1.65598
  -1.65556   -1.64268   -1.64049   -1.64021   -1.63871   -1.63860   -1.63837   -1.63744
  -1.63712   -1.63653   -1.63592   -0.66220   -0.66216   -0.66212   -0.66162   -0.66074
  -0.66060   -0.66053   -0.66040   -0.66024   -0.66007   -0.65858   -0.65840   -0.65723
  -0.65718   -0.65703   -0.65583   -0.65541   -0.65520   -0.65472   -0.65432   -0.65401
  -0.65392   -0.65384   -0.65375   -0.65360   -0.65344   -0.65333   -0.65324   -0.65308
  -0.65292   -0.65284   -0.65277   -0.65250   -0.65228   -0.65199   -0.38478   -0.37991
  -0.37341   -0.36647   -0.36171   -0.34216   -0.34110   -0.17045   -0.16814   -0.15317
  -0.15089   -0.13496   -0.12852   -0.11644   -0.05407   -0.05239   -0.03935   -0.03260
  -0.01478   -0.00925   -0.00355    0.00312    0.00857    0.01244    0.02012    0.02862
   0.03706    0.04253    0.06608    0.08325    0.09112    0.10233    0.10291    0.11947
   0.12873    0.19268    0.19574    0.19644    0.19824    0.21267    0.22212    0.23516
   0.24064    0.24803    0.25199    0.27705    0.27924    0.28560    0.29137
 kpt#  15, nband=119, wtk=  0.02778, kpt=  0.4583  0.2083  0.1250 (reduced coord)
  -1.66911   -1.66871   -1.66814   -1.66689   -1.66624   -1.66603   -1.66543   -1.66503
  -1.66428   -1.66384   -1.66346   -1.66314   -1.66259   -1.66218   -1.66198   -1.66168
  -1.66135   -1.66102   -1.66066   -1.66044   -1.65974   -1.65802   -1.65719   -1.65652
  -1.65553   -1.64170   -1.64069   -1.64039   -1.63940   -1.63886   -1.63854   -1.63821
  -1.63718   -1.63695   -1.63613   -0.66225   -0.66210   -0.66187   -0.66165   -0.66073
  -0.66063   -0.66059   -0.66052   -0.66047   -0.66014   -0.65848   -0.65844   -0.65738
  -0.65721   -0.65708   -0.65581   -0.65535   -0.65511   -0.65466   -0.65447   -0.65410
  -0.65398   -0.65394   -0.65371   -0.65367   -0.65343   -0.65331   -0.65325   -0.65311
  -0.65298   -0.65290   -0.65276   -0.65257   -0.65241   -0.65223   -0.37554   -0.37286
  -0.37009   -0.36796   -0.36738   -0.34153   -0.34053   -0.17502   -0.17167   -0.15893
  -0.15366   -0.13687   -0.13637   -0.12652   -0.04010   -0.03721   -0.02493   -0.02396
  -0.01969   -0.01581   -0.00781    0.00175    0.00208    0.00660    0.01243    0.01829
   0.03705    0.04145    0.06853    0.07587    0.07628    0.08505    0.09467    0.10480
   0.12997    0.18569    0.20894    0.21447    0.21522    0.22962    0.23100    0.23157
   0.23953    0.24467    0.25702    0.27235    0.28059    0.28699    0.29568
 kpt#  16, nband=119, wtk=  0.01389, kpt=  0.2917  0.2917  0.1250 (reduced coord)
  -1.66991   -1.66843   -1.66731   -1.66729   -1.66700   -1.66664   -1.66569   -1.66537
  -1.66459   -1.66387   -1.66323   -1.66252   -1.66216   -1.66162   -1.66135   -1.66121
  -1.66110   -1.66013   -1.65933   -1.65848   -1.65779   -1.65719   -1.65687   -1.65673
  -1.65577   -1.64285   -1.64172   -1.63948   -1.63851   -1.63837   -1.63770   -1.63687
  -1.63675   -1.63643   -1.63606   -0.66235   -0.66214   -0.66203   -0.66190   -0.66076
  -0.66073   -0.66034   -0.66015   -0.66011   -0.66004   -0.65881   -0.65840   -0.65716
  -0.65714   -0.65691   -0.65608   -0.65570   -0.65512   -0.65458   -0.65406   -0.65396
  -0.65382   -0.65373   -0.65368   -0.65362   -0.65356   -0.65342   -0.65339   -0.65322
  -0.65296   -0.65283   -0.65279   -0.65269   -0.65188   -0.65178   -0.38671   -0.38127
  -0.37371   -0.36520   -0.35864   -0.34088   -0.33979   -0.16231   -0.16014   -0.14429
  -0.14249   -0.12439   -0.11889   -0.10626   -0.07887   -0.06806   -0.05217   -0.04796
  -0.03356   -0.01328   -0.00676   -0.00482    0.00359    0.01141    0.01180    0.02413
   0.03039    0.03122    0.05893    0.07678    0.08741    0.09876    0.10020    0.12104
   0.12457    0.19993    0.20444    0.20494    0.20691    0.22023    0.23222    0.24320
   0.25503    0.26343    0.26501    0.27341    0.28583    0.28647    0.29909
 kpt#  17, nband=119, wtk=  0.02778, kpt=  0.3750  0.2917  0.1250 (reduced coord)
  -1.66951   -1.66860   -1.66820   -1.66754   -1.66684   -1.66637   -1.66526   -1.66485
  -1.66433   -1.66385   -1.66360   -1.66335   -1.66220   -1.66165   -1.66091   -1.66046
  -1.66027   -1.65996   -1.65970   -1.65944   -1.65918   -1.65866   -1.65837   -1.65640
  -1.65492   -1.64165   -1.64062   -1.63983   -1.63934   -1.63892   -1.63834   -1.63792
  -1.63680   -1.63630   -1.63607   -0.66225   -0.66216   -0.66198   -0.66190   -0.66081
  -0.66067   -0.66037   -0.66036   -0.66016   -0.66008   -0.65879   -0.65840   -0.65725
  -0.65715   -0.65698   -0.65604   -0.65564   -0.65508   -0.65455   -0.65415   -0.65397
  -0.65392   -0.65385   -0.65370   -0.65362   -0.65354   -0.65341   -0.65336   -0.65332
  -0.65306   -0.65300   -0.65270   -0.65265   -0.65198   -0.65186   -0.37862   -0.37446
  -0.36910   -0.36357   -0.36006   -0.33879   -0.33775   -0.16315   -0.16017   -0.14627
  -0.14199   -0.12409   -0.12255   -0.11195   -0.07819   -0.06969   -0.05410   -0.03901
  -0.03475   -0.01946   -0.01766   -0.01200   -0.00304   -0.00075    0.00158    0.00719
   0.01641    0.01977    0.04418    0.06148    0.06631    0.07727    0.08419    0.10878
   0.12442    0.20027    0.21402    0.23103    0.23479    0.24822    0.25293    0.25585
   0.26704    0.26957    0.28443    0.28540    0.29339    0.29826    0.30111
 kpt#  18, nband=119, wtk=  0.02778, kpt=  0.4583  0.2917  0.1250 (reduced coord)
  -1.66929   -1.66861   -1.66794   -1.66710   -1.66638   -1.66532   -1.66489   -1.66458
  -1.66443   -1.66344   -1.66308   -1.66274   -1.66250   -1.66184   -1.66157   -1.66098
  -1.66069   -1.66027   -1.66012   -1.65981   -1.65900   -1.65855   -1.65713   -1.65642
  -1.65613   -1.64150   -1.64086   -1.64002   -1.63945   -1.63862   -1.63842   -1.63805
  -1.63732   -1.63634   -1.63533   -0.66243   -0.66208   -0.66202   -0.66196   -0.66073
  -0.66059   -0.66051   -0.66034   -0.66020   -0.66010   -0.65877   -0.65825   -0.65729
  -0.65707   -0.65704   -0.65612   -0.65574   -0.65503   -0.65456   -0.65419   -0.65398
  -0.65385   -0.65380   -0.65368   -0.65359   -0.65351   -0.65342   -0.65335   -0.65321
  -0.65301   -0.65296   -0.65283   -0.65251   -0.65204   -0.65192   -0.37068   -0.36842
  -0.36620   -0.36450   -0.36411   -0.33758   -0.33659   -0.16465   -0.16108   -0.14867
  -0.14284   -0.12606   -0.12586   -0.11688   -0.06315   -0.05906   -0.04489   -0.04114
  -0.04056   -0.02965   -0.02456   -0.02365   -0.01504   -0.00646   -0.00569    0.00191
   0.01916    0.02162    0.03878    0.04401    0.05307    0.05470    0.08569    0.09867
   0.12699    0.19622    0.22624    0.24060    0.25596    0.25904    0.26559    0.26657
   0.27045    0.28113    0.28539    0.28884    0.29128    0.30020    0.30267
 kpt#  19, nband=119, wtk=  0.01389, kpt=  0.3750  0.3750  0.1250 (reduced coord)
  -1.66922   -1.66839   -1.66750   -1.66747   -1.66636   -1.66617   -1.66544   -1.66493
  -1.66413   -1.66369   -1.66353   -1.66292   -1.66263   -1.66215   -1.66197   -1.66181
  -1.66149   -1.66104   -1.65999   -1.65975   -1.65882   -1.65859   -1.65587   -1.65552
  -1.65480   -1.64105   -1.64092   -1.64005   -1.63914   -1.63869   -1.63863   -1.63810
  -1.63695   -1.63591   -1.63566   -0.66242   -0.66224   -0.66204   -0.66190   -0.66085
  -0.66051   -0.66041   -0.66034   -0.66018   -0.66007   -0.65892   -0.65829   -0.65722
  -0.65719   -0.65704   -0.65621   -0.65584   -0.65502   -0.65449   -0.65419   -0.65391
  -0.65383   -0.65380   -0.65371   -0.65367   -0.65356   -0.65342   -0.65333   -0.65331
  -0.65300   -0.65289   -0.65272   -0.65256   -0.65209   -0.65190   -0.37191   -0.36878
  -0.36510   -0.36155   -0.35967   -0.33576   -0.33476   -0.15654   -0.15289   -0.14012
  -0.13383   -0.11678   -0.11504   -0.10520   -0.09293   -0.08199   -0.06590   -0.04702
  -0.03931   -0.03622   -0.03018   -0.02629   -0.02248   -0.01375   -0.00886   -0.00133
  -0.00040    0.00182    0.02990    0.03741    0.04872    0.05330    0.08155    0.10236
   0.12569    0.20339    0.22763    0.25336    0.26049    0.26498    0.26550    0.28064
   0.28101    0.28196    0.28561    0.30203    0.30217    0.30370    0.31911
 kpt#  20, nband=119, wtk=  0.02778, kpt=  0.4583  0.3750  0.1250 (reduced coord)
  -1.66864   -1.66764   -1.66738   -1.66720   -1.66669   -1.66639   -1.66598   -1.66531
  -1.66509   -1.66444   -1.66389   -1.66325   -1.66299   -1.66268   -1.66255   -1.66215
  -1.66140   -1.66110   -1.66048   -1.66006   -1.65952   -1.65846   -1.65738   -1.65580
  -1.65457   -1.64157   -1.64067   -1.64047   -1.63956   -1.63925   -1.63907   -1.63828
  -1.63708   -1.63662   -1.63562   -0.66266   -0.66227   -0.66216   -0.66188   -0.66089
  -0.66069   -0.66041   -0.66028   -0.66022   -0.66007   -0.65908   -0.65832   -0.65727
  -0.65718   -0.65704   -0.65635   -0.65595   -0.65508   -0.65459   -0.65414   -0.65397
  -0.65391   -0.65383   -0.65378   -0.65365   -0.65358   -0.65350   -0.65335   -0.65330
  -0.65314   -0.65297   -0.65277   -0.65264   -0.65206   -0.65190   -0.36582   -0.36414
  -0.36266   -0.36162   -0.36144   -0.33397   -0.33299   -0.15287   -0.14894   -0.13678
  -0.12999   -0.11393   -0.11346   -0.10564   -0.08225   -0.07870   -0.06400   -0.06169
  -0.06008   -0.04704   -0.04591   -0.03187   -0.02474   -0.02188   -0.01419   -0.01348
  -0.00152    0.00358    0.01637    0.01910    0.03517    0.04514    0.08572    0.09710
   0.12747    0.20467    0.23795    0.25003    0.25899    0.26422    0.27749    0.27794
   0.29564    0.30092    0.30142    0.30565    0.31017    0.32077    0.32551
 kpt#  21, nband=119, wtk=  0.01389, kpt=  0.4583  0.4583  0.1250 (reduced coord)
  -1.66941   -1.66903   -1.66778   -1.66747   -1.66717   -1.66616   -1.66582   -1.66456
  -1.66423   -1.66410   -1.66333   -1.66293   -1.66287   -1.66281   -1.66237   -1.66199
  -1.66177   -1.66160   -1.66072   -1.65999   -1.65941   -1.65835   -1.65777   -1.65506
  -1.65500   -1.64130   -1.64114   -1.64027   -1.64012   -1.63965   -1.63911   -1.63863
  -1.63670   -1.63578   -1.63564   -0.66252   -0.66246   -0.66205   -0.66184   -0.66096
  -0.66088   -0.66031   -0.66026   -0.66019   -0.66012   -0.65912   -0.65826   -0.65730
  -0.65730   -0.65701   -0.65645   -0.65606   -0.65498   -0.65455   -0.65412   -0.65395
  -0.65388   -0.65383   -0.65381   -0.65371   -0.65363   -0.65345   -0.65338   -0.65329
  -0.65322   -0.65312   -0.65273   -0.65262   -0.65206   -0.65191   -0.36222   -0.36118
  -0.36064   -0.36051   -0.36014   -0.33180   -0.33082   -0.14366   -0.13931   -0.12691
  -0.11862   -0.10491   -0.10200   -0.10038   -0.08938   -0.08641   -0.07986   -0.07403
  -0.07320   -0.06476   -0.05420   -0.04877   -0.03326   -0.02828   -0.01808   -0.01558
  -0.01177   -0.00683   -0.00206    0.00023    0.03346    0.04262    0.08735    0.09670
   0.12840    0.20995    0.24558    0.25323    0.25495    0.25550    0.27644    0.27704
   0.30203    0.30246    0.31038    0.31913    0.32307    0.32484    0.34235
 kpt#  22, nband=119, wtk=  0.01389, kpt=  0.0417  0.0417  0.3750 (reduced coord)
  -1.67059   -1.67025   -1.66965   -1.66873   -1.66825   -1.66798   -1.66782   -1.66709
  -1.66686   -1.66657   -1.66518   -1.66483   -1.66476   -1.66425   -1.66397   -1.66377
  -1.66211   -1.66147   -1.66146   -1.65971   -1.65923   -1.65872   -1.65865   -1.65413
  -1.65256   -1.64287   -1.64273   -1.64197   -1.64084   -1.64070   -1.63867   -1.63813
  -1.63735   -1.63673   -1.63573   -0.66330   -0.66317   -0.66157   -0.66154   -0.66132
  -0.66126   -0.66047   -0.66043   -0.66030   -0.66019   -0.65910   -0.65808   -0.65807
  -0.65690   -0.65683   -0.65641   -0.65604   -0.65548   -0.65524   -0.65501   -0.65481
  -0.65441   -0.65395   -0.65377   -0.65373   -0.65342   -0.65331   -0.65321   -0.65300
  -0.65286   -0.65283   -0.65268   -0.65252   -0.65236   -0.65226   -0.41818   -0.40969
  -0.39677   -0.38046   -0.36327   -0.34836   -0.34531   -0.13172   -0.13039   -0.11573
  -0.10641   -0.08613   -0.07887   -0.05616   -0.04202   -0.02783   -0.02649   -0.01772
  -0.01339   -0.01074   -0.00301    0.00472    0.01387    0.01950    0.03046    0.03140
   0.03726    0.04210    0.04525    0.04974    0.05813    0.05922    0.08501    0.09839
   0.12644    0.20212    0.23212    0.23778    0.24871    0.24912    0.26498    0.27697
   0.28324    0.28558    0.28756    0.29410    0.29410    0.29847    0.29917
 kpt#  23, nband=119, wtk=  0.02778, kpt=  0.1250  0.0417  0.3750 (reduced coord)
  -1.67019   -1.66906   -1.66863   -1.66758   -1.66718   -1.66684   -1.66650   -1.66582
  -1.66518   -1.66491   -1.66462   -1.66403   -1.66370   -1.66337   -1.66297   -1.66266
  -1.66251   -1.66175   -1.66106   -1.66057   -1.66020   -1.65901   -1.65821   -1.65487
  -1.65330   -1.64267   -1.64195   -1.64136   -1.64054   -1.64010   -1.63845   -1.63789
  -1.63747   -1.63646   -1.63588   -0.66302   -0.66295   -0.66142   -0.66133   -0.66121
  -0.66108   -0.66042   -0.66035   -0.66025   -0.66022   -0.65904   -0.65814   -0.65800
  -0.65691   -0.65681   -0.65616   -0.65576   -0.65529   -0.65510   -0.65483   -0.65470
  -0.65434   -0.65401   -0.65376   -0.65366   -0.65334   -0.65319   -0.65310   -0.65298
  -0.65293   -0.65275   -0.65267   -0.65259   -0.65243   -0.65233   -0.41526   -0.40699
  -0.39446   -0.37870   -0.36231   -0.34774   -0.34525   -0.14002   -0.13857   -0.12307
  -0.11779   -0.09897   -0.08464   -0.06726   -0.05644   -0.03383   -0.02556   -0.01775
  -0.00283   -0.00192    0.00602    0.01389    0.01718    0.02982    0.03135    0.03397
   0.04134    0.04569    0.04680    0.05049    0.07498    0.07710    0.09109    0.10256
   0.12895    0.19941    0.22376    0.24713    0.25045    0.25528    0.25689    0.25886
   0.26791    0.27206    0.27367    0.27946    0.28087    0.28270    0.29097
 kpt#  24, nband=119, wtk=  0.02778, kpt=  0.2083  0.0417  0.3750 (reduced coord)
  -1.66931   -1.66821   -1.66754   -1.66708   -1.66620   -1.66568   -1.66536   -1.66498
  -1.66432   -1.66402   -1.66340   -1.66292   -1.66243   -1.66215   -1.66194   -1.66154
  -1.66064   -1.66039   -1.65997   -1.65899   -1.65837   -1.65781   -1.65651   -1.65541
  -1.65449   -1.64122   -1.64037   -1.64003   -1.63915   -1.63857   -1.63799   -1.63757
  -1.63691   -1.63624   -1.63561   -0.66265   -0.66254   -0.66115   -0.66103   -0.66093
  -0.66084   -0.66050   -0.66042   -0.66027   -0.66021   -0.65868   -0.65787   -0.65767
  -0.65702   -0.65683   -0.65582   -0.65534   -0.65497   -0.65482   -0.65456   -0.65446
  -0.65401   -0.65379   -0.65367   -0.65363   -0.65329   -0.65317   -0.65286   -0.65278
  -0.65272   -0.65266   -0.65261   -0.65258   -0.65245   -0.65238   -0.40960   -0.40182
  -0.39014   -0.37564   -0.36110   -0.34692   -0.34529   -0.15361   -0.15229   -0.13653
  -0.13419   -0.11720   -0.09822   -0.07915   -0.07235   -0.03442   -0.01768   -0.01172
   0.00371    0.00616    0.02021    0.02328    0.02733    0.03171    0.03632    0.04355
   0.04947    0.05155    0.05502    0.05788    0.09085    0.09755    0.10545    0.11343
   0.13175    0.19684    0.20443    0.22110    0.22687    0.23166    0.24169    0.25161
   0.25422    0.25617    0.25736    0.26469    0.26869    0.27040    0.27387
 kpt#  25, nband=119, wtk=  0.02778, kpt=  0.2917  0.0417  0.3750 (reduced coord)
  -1.66875   -1.66819   -1.66748   -1.66686   -1.66602   -1.66589   -1.66502   -1.66382
  -1.66350   -1.66229   -1.66169   -1.66140   -1.66120   -1.66094   -1.65988   -1.65941
  -1.65872   -1.65806   -1.65762   -1.65740   -1.65705   -1.65672   -1.65653   -1.65397
  -1.65355   -1.64035   -1.63928   -1.63830   -1.63803   -1.63767   -1.63698   -1.63665
  -1.63621   -1.63497   -1.63382   -0.66242   -0.66216   -0.66090   -0.66086   -0.66055
  -0.66052   -0.66042   -0.66026   -0.66020   -0.66016   -0.65857   -0.65763   -0.65713
  -0.65708   -0.65680   -0.65546   -0.65509   -0.65478   -0.65443   -0.65429   -0.65407
  -0.65385   -0.65374   -0.65360   -0.65345   -0.65329   -0.65313   -0.65282   -0.65265
  -0.65263   -0.65253   -0.65243   -0.65235   -0.65213   -0.65196   -0.40158   -0.39466
  -0.38451   -0.37235   -0.36124   -0.34654   -0.34539   -0.16789   -0.16674   -0.15112
  -0.14949   -0.13496   -0.11796   -0.10235   -0.06650   -0.02825   -0.00534   -0.00110
   0.00958    0.01456    0.01616    0.03029    0.03755    0.04257    0.04847    0.05356
   0.05405    0.05864    0.06007    0.07689    0.10554    0.11574    0.12273    0.13032
   0.13451    0.18134    0.19215    0.19377    0.20109    0.20435    0.21496    0.22413
   0.22812    0.23060    0.23856    0.24401    0.24731    0.25230    0.25903
 kpt#  26, nband=119, wtk=  0.02778, kpt=  0.3750  0.0417  0.3750 (reduced coord)
  -1.66777   -1.66745   -1.66687   -1.66644   -1.66584   -1.66533   -1.66453   -1.66412
  -1.66368   -1.66305   -1.66266   -1.66229   -1.66174   -1.66133   -1.66101   -1.66080
  -1.66052   -1.66008   -1.65951   -1.65880   -1.65803   -1.65749   -1.65701   -1.65432
  -1.65399   -1.64082   -1.63973   -1.63856   -1.63848   -1.63796   -1.63727   -1.63694
  -1.63648   -1.63585   -1.63569   -0.66220   -0.66201   -0.66103   -0.66099   -0.66070
  -0.66065   -0.66057   -0.66049   -0.66016   -0.66010   -0.65856   -0.65781   -0.65744
  -0.65721   -0.65676   -0.65521   -0.65493   -0.65480   -0.65453   -0.65443   -0.65415
  -0.65401   -0.65390   -0.65370   -0.65351   -0.65334   -0.65308   -0.65292   -0.65283
  -0.65265   -0.65259   -0.65250   -0.65246   -0.65238   -0.65224   -0.39187   -0.38638
  -0.37886   -0.37066   -0.36468   -0.34657   -0.34548   -0.17948   -0.17778   -0.16199
  -0.16116   -0.14654   -0.13589   -0.12265   -0.05501   -0.01731   -0.00657    0.01032
   0.01289    0.02763    0.02796    0.02838    0.04091    0.05028    0.05281    0.05412
   0.06307    0.06465    0.07783    0.09817    0.12098    0.12703    0.13375    0.14251
   0.14597    0.16365    0.17374    0.17502    0.17582    0.19119    0.19868    0.20484
   0.21089    0.21349    0.21391    0.21776    0.22118    0.22688    0.23540
 kpt#  27, nband=119, wtk=  0.02778, kpt=  0.4583  0.0417  0.3750 (reduced coord)
  -1.66915   -1.66887   -1.66720   -1.66666   -1.66623   -1.66560   -1.66494   -1.66475
  -1.66445   -1.66400   -1.66352   -1.66320   -1.66306   -1.66260   -1.66196   -1.66175
  -1.66120   -1.66013   -1.65977   -1.65946   -1.65900   -1.65807   -1.65785   -1.65512
  -1.65461   -1.64215   -1.64106   -1.64019   -1.63929   -1.63884   -1.63807   -1.63762
  -1.63698   -1.63649   -1.63519   -0.66223   -0.66200   -0.66139   -0.66128   -0.66094
  -0.66077   -0.66066   -0.66041   -0.66015   -0.66009   -0.65860   -0.65808   -0.65762
  -0.65725   -0.65675   -0.65532   -0.65511   -0.65494   -0.65469   -0.65463   -0.65428
  -0.65412   -0.65393   -0.65375   -0.65352   -0.65348   -0.65318   -0.65310   -0.65295
  -0.65279   -0.65271   -0.65265   -0.65255   -0.65246   -0.65233   -0.38149   -0.37840
  -0.37510   -0.37257   -0.37185   -0.34661   -0.34561   -0.18621   -0.18304   -0.16994
  -0.16512   -0.14860   -0.14747   -0.13702   -0.04028   -0.02367   -0.00322    0.01257
   0.02751    0.02853    0.03952    0.04039    0.04291    0.04331    0.04848    0.05575
   0.06545    0.06745    0.10204    0.11977    0.12430    0.13135    0.13683    0.14214
   0.15149    0.15388    0.16399    0.16901    0.17136    0.18010    0.18706    0.19036
   0.19353    0.19737    0.20522    0.20996    0.21133    0.21958    0.22786
 kpt#  28, nband=119, wtk=  0.01389, kpt=  0.1250  0.1250  0.3750 (reduced coord)
  -1.67032   -1.66828   -1.66713   -1.66686   -1.66646   -1.66596   -1.66587   -1.66453
  -1.66446   -1.66404   -1.66404   -1.66376   -1.66323   -1.66279   -1.66255   -1.66215
  -1.66181   -1.66098   -1.66069   -1.66052   -1.65970   -1.65933   -1.65830   -1.65667
  -1.65531   -1.64188   -1.64179   -1.64074   -1.64043   -1.63900   -1.63893   -1.63815
  -1.63719   -1.63671   -1.63665   -0.66280   -0.66271   -0.66131   -0.66120   -0.66110
  -0.66108   -0.66047   -0.66035   -0.66034   -0.66024   -0.65885   -0.65799   -0.65798
  -0.65696   -0.65689   -0.65593   -0.65552   -0.65515   -0.65503   -0.65472   -0.65462
  -0.65416   -0.65398   -0.65379   -0.65360   -0.65337   -0.65316   -0.65303   -0.65291
  -0.65288   -0.65276   -0.65275   -0.65265   -0.65251   -0.65249   -0.41237   -0.40432
  -0.39217   -0.37697   -0.36138   -0.34704   -0.34499   -0.14508   -0.14358   -0.12796
  -0.12371   -0.10590   -0.08893   -0.07010   -0.06544   -0.04099   -0.03064   -0.03058
  -0.01553    0.00194    0.00863    0.02040    0.02994    0.03113    0.03516    0.03517
   0.04067    0.04740    0.05346    0.05686    0.09093    0.09696    0.10260    0.11205
   0.13397    0.19756    0.21159    0.22230    0.22754    0.23603    0.24239    0.25372
   0.26106    0.26263    0.27077    0.27621    0.27912    0.28310    0.28542
 kpt#  29, nband=119, wtk=  0.02778, kpt=  0.2083  0.1250  0.3750 (reduced coord)
  -1.66896   -1.66875   -1.66748   -1.66661   -1.66556   -1.66502   -1.66467   -1.66398
  -1.66371   -1.66306   -1.66238   -1.66198   -1.66173   -1.66143   -1.66112   -1.66070
  -1.66030   -1.65968   -1.65902   -1.65881   -1.65854   -1.65726   -1.65580   -1.65416
  -1.65297   -1.64043   -1.63983   -1.63912   -1.63851   -1.63786   -1.63763   -1.63655
  -1.63629   -1.63586   -1.63458   -0.66260   -0.66246   -0.66107   -0.66083   -0.66075
  -0.66067   -0.66038   -0.66028   -0.66023   -0.66020   -0.65865   -0.65774   -0.65740
  -0.65690   -0.65686   -0.65572   -0.65534   -0.65482   -0.65456   -0.65446   -0.65419
  -0.65395   -0.65366   -0.65365   -0.65350   -0.65326   -0.65321   -0.65274   -0.65267
  -0.65260   -0.65256   -0.65246   -0.65242   -0.65234   -0.65221   -0.40677   -0.39921
  -0.38791   -0.37397   -0.36023   -0.34605   -0.34463   -0.15463   -0.15324   -0.13756
  -0.13471   -0.11865   -0.10075   -0.08251   -0.06947   -0.04468   -0.03395   -0.02779
  -0.01776   -0.00198    0.01665    0.01699    0.02055    0.03332    0.03828    0.04627
   0.05152    0.05924    0.05937    0.07780    0.10733    0.11383    0.11428    0.12682
   0.14138    0.18865    0.19032    0.19927    0.20458    0.20663    0.21871    0.23244
   0.24074    0.25230    0.25682    0.27689    0.27854    0.28122    0.28455
 kpt#  30, nband=119, wtk=  0.02778, kpt=  0.2917  0.1250  0.3750 (reduced coord)
  -1.66953   -1.66855   -1.66812   -1.66674   -1.66580   -1.66557   -1.66477   -1.66434
  -1.66360   -1.66328   -1.66272   -1.66230   -1.66093   -1.66074   -1.66040   -1.65972
  -1.65936   -1.65894   -1.65863   -1.65832   -1.65710   -1.65652   -1.65616   -1.65450
  -1.65405   -1.64037   -1.63953   -1.63851   -1.63813   -1.63758   -1.63713   -1.63666
  -1.63634   -1.63602   -1.63519   -0.66248   -0.66232   -0.66108   -0.66097   -0.66064
  -0.66044   -0.66033   -0.66030   -0.66028   -0.66021   -0.65858   -0.65779   -0.65718
  -0.65711   -0.65689   -0.65562   -0.65521   -0.65478   -0.65441   -0.65425   -0.65406
  -0.65394   -0.65376   -0.65362   -0.65354   -0.65332   -0.65319   -0.65292   -0.65277
  -0.65271   -0.65262   -0.65253   -0.65247   -0.65212   -0.65196   -0.39888   -0.39217
  -0.38240   -0.37076   -0.36036   -0.34535   -0.34421   -0.16612   -0.16487   -0.14909
  -0.14735   -0.13287   -0.11737   -0.10214   -0.06350   -0.03912   -0.02779   -0.02191
  -0.00994    0.00216    0.00786    0.02039    0.02552    0.03683    0.03875    0.04270
   0.05488    0.05957    0.08350    0.09955    0.10852    0.11937    0.12153    0.13760
   0.14380    0.17263    0.17322    0.18879    0.19070    0.20120    0.20508    0.21152
   0.21353    0.22083    0.25967    0.26207    0.26435    0.26489    0.27602
 kpt#  31, nband=119, wtk=  0.02778, kpt=  0.3750  0.1250  0.3750 (reduced coord)
  -1.66870   -1.66807   -1.66729   -1.66701   -1.66659   -1.66615   -1.66552   -1.66515
  -1.66478   -1.66420   -1.66364   -1.66330   -1.66277   -1.66252   -1.66134   -1.66118
  -1.66069   -1.66020   -1.65977   -1.65954   -1.65910   -1.65849   -1.65800   -1.65602
  -1.65463   -1.64158   -1.64041   -1.63933   -1.63911   -1.63858   -1.63844   -1.63775
  -1.63738   -1.63711   -1.63675   -0.66226   -0.66220   -0.66146   -0.66122   -0.66076
  -0.66074   -0.66061   -0.66052   -0.66032   -0.66026   -0.65859   -0.65812   -0.65735
  -0.65726   -0.65709   -0.65543   -0.65513   -0.65503   -0.65467   -0.65447   -0.65417
  -0.65398   -0.65391   -0.65378   -0.65371   -0.65348   -0.65332   -0.65311   -0.65308
  -0.65296   -0.65280   -0.65275   -0.65267   -0.65231   -0.65217   -0.38941   -0.38411
  -0.37692   -0.36912   -0.36354   -0.34498   -0.34390   -0.17631   -0.17441   -0.15884
  -0.15764   -0.14266   -0.13327   -0.12035   -0.05284   -0.02710   -0.01502   -0.01057
  -0.00714    0.00264    0.01232    0.02323    0.02808    0.03333    0.03780    0.04036
   0.05356    0.05686    0.10021    0.10201    0.11212    0.11477    0.11849    0.13423
   0.14254    0.16773    0.16950    0.18285    0.18377    0.19384    0.20032    0.20221
   0.20819    0.21796    0.24027    0.24606    0.24859    0.25876    0.26907
 kpt#  32, nband=119, wtk=  0.02778, kpt=  0.4583  0.1250  0.3750 (reduced coord)
  -1.66827   -1.66785   -1.66757   -1.66715   -1.66653   -1.66615   -1.66536   -1.66501
  -1.66452   -1.66431   -1.66365   -1.66323   -1.66312   -1.66286   -1.66269   -1.66231
  -1.66197   -1.66166   -1.66095   -1.66037   -1.66015   -1.65864   -1.65791   -1.65589
  -1.65513   -1.64252   -1.64113   -1.64021   -1.63969   -1.63894   -1.63862   -1.63820
  -1.63749   -1.63692   -1.63640   -0.66230   -0.66219   -0.66163   -0.66138   -0.66086
  -0.66075   -0.66065   -0.66048   -0.66042   -0.66006   -0.65871   -0.65828   -0.65756
  -0.65721   -0.65697   -0.65547   -0.65527   -0.65510   -0.65484   -0.65459   -0.65429
  -0.65422   -0.65401   -0.65377   -0.65364   -0.65345   -0.65324   -0.65311   -0.65302
  -0.65292   -0.65279   -0.65274   -0.65263   -0.65254   -0.65234   -0.37939   -0.37643
  -0.37331   -0.37090   -0.37022   -0.34479   -0.34379   -0.18241   -0.17918   -0.16620
  -0.16124   -0.14462   -0.14371   -0.13343   -0.03897   -0.02325   -0.01107    0.00192
   0.00444    0.00750    0.01627    0.01865    0.02233    0.02893    0.03312    0.03680
   0.05311    0.05662    0.10188    0.10674    0.10952    0.11224    0.11639    0.12156
   0.14196    0.16811    0.17528    0.18171    0.18260    0.19118    0.19857    0.20059
   0.20534    0.21488    0.23666    0.24090    0.24851    0.25179    0.25918
 kpt#  33, nband=119, wtk=  0.01389, kpt=  0.2083  0.2083  0.3750 (reduced coord)
  -1.66983   -1.66905   -1.66821   -1.66771   -1.66709   -1.66634   -1.66530   -1.66483
  -1.66448   -1.66425   -1.66384   -1.66342   -1.66220   -1.66148   -1.66111   -1.66065
  -1.66031   -1.65993   -1.65973   -1.65932   -1.65844   -1.65711   -1.65561   -1.65462
  -1.65295   -1.64177   -1.64051   -1.63932   -1.63897   -1.63845   -1.63780   -1.63683
  -1.63659   -1.63624   -1.63511   -0.66260   -0.66250   -0.66136   -0.66103   -0.66077
  -0.66054   -0.66053   -0.66043   -0.66028   -0.66025   -0.65876   -0.65788   -0.65734
  -0.65712   -0.65695   -0.65584   -0.65544   -0.65489   -0.65459   -0.65451   -0.65410
  -0.65400   -0.65381   -0.65375   -0.65367   -0.65337   -0.65332   -0.65291   -0.65280
  -0.65280   -0.65262   -0.65260   -0.65257   -0.65231   -0.65215   -0.40133   -0.39425
  -0.38380   -0.37110   -0.35915   -0.34468   -0.34348   -0.15778   -0.15637   -0.14052
  -0.13778   -0.12236   -0.10704   -0.09052   -0.06388   -0.06024   -0.04963   -0.03406
  -0.02149   -0.01591    0.00360    0.01429    0.01954    0.02334    0.02634    0.04355
   0.05514    0.06004    0.08796    0.10084    0.10213    0.11570    0.12319    0.13448
   0.14815    0.17523    0.18030    0.19246    0.19630    0.20682    0.20879    0.21455
   0.21720    0.22499    0.26370    0.27953    0.28320    0.28514    0.29575
 kpt#  34, nband=119, wtk=  0.02778, kpt=  0.2917  0.2083  0.3750 (reduced coord)
  -1.66961   -1.66846   -1.66823   -1.66737   -1.66722   -1.66574   -1.66542   -1.66504
  -1.66424   -1.66391   -1.66342   -1.66260   -1.66231   -1.66149   -1.66103   -1.66056
  -1.66018   -1.65979   -1.65952   -1.65927   -1.65900   -1.65728   -1.65669   -1.65642
  -1.65416   -1.64210   -1.64085   -1.63912   -1.63859   -1.63821   -1.63763   -1.63725
  -1.63674   -1.63637   -1.63619   -0.66245   -0.66231   -0.66175   -0.66160   -0.66066
  -0.66055   -0.66034   -0.66027   -0.66020   -0.66017   -0.65869   -0.65835   -0.65713
  -0.65707   -0.65701   -0.65583   -0.65545   -0.65515   -0.65472   -0.65420   -0.65407
  -0.65383   -0.65382   -0.65376   -0.65365   -0.65339   -0.65328   -0.65322   -0.65301
  -0.65287   -0.65278   -0.65268   -0.65256   -0.65205   -0.65193   -0.39375   -0.38750
  -0.37855   -0.36806   -0.35915   -0.34328   -0.34216   -0.16363   -0.16209   -0.14584
  -0.14456   -0.12882   -0.11722   -0.10293   -0.06316   -0.05888   -0.05060   -0.03845
  -0.01994   -0.01333   -0.00022    0.00361    0.01564    0.02146    0.02916    0.03093
   0.04772    0.05199    0.07973    0.09857    0.10418    0.11238    0.11314    0.13275
   0.13630    0.18104    0.18542    0.18929    0.19557    0.20447    0.21185    0.22009
   0.22304    0.23056    0.26633    0.27414    0.27996    0.28363    0.29568
 kpt#  35, nband=119, wtk=  0.02778, kpt=  0.3750  0.2083  0.3750 (reduced coord)
  -1.66887   -1.66862   -1.66783   -1.66697   -1.66638   -1.66602   -1.66555   -1.66525
  -1.66464   -1.66429   -1.66398   -1.66358   -1.66271   -1.66231   -1.66205   -1.66172
  -1.66162   -1.66081   -1.66049   -1.65992   -1.65936   -1.65819   -1.65659   -1.65580
  -1.65512   -1.64263   -1.64069   -1.64030   -1.63919   -1.63892   -1.63866   -1.63806
  -1.63736   -1.63661   -1.63552   -0.66242   -0.66226   -0.66205   -0.66175   -0.66072
  -0.66057   -0.66052   -0.66042   -0.66028   -0.66006   -0.65863   -0.65844   -0.65723
  -0.65715   -0.65700   -0.65586   -0.65548   -0.65532   -0.65486   -0.65437   -0.65406
  -0.65400   -0.65392   -0.65369   -0.65363   -0.65345   -0.65332   -0.65324   -0.65308
  -0.65296   -0.65289   -0.65271   -0.65243   -0.65230   -0.65200   -0.38478   -0.37991
  -0.37341   -0.36648   -0.36172   -0.34216   -0.34110   -0.17046   -0.16814   -0.15317
  -0.15089   -0.13497   -0.12852   -0.11643   -0.05407   -0.05239   -0.03936   -0.03261
  -0.01479   -0.00925   -0.00356    0.00312    0.00858    0.01244    0.02012    0.02860
   0.03705    0.04253    0.06609    0.08324    0.09113    0.10233    0.10292    0.11945
   0.12874    0.19270    0.19565    0.19644    0.19822    0.21268    0.22225    0.23498
   0.24049    0.24809    0.25194    0.27740    0.27921    0.28648    0.29139
 kpt#  36, nband=119, wtk=  0.02778, kpt=  0.4583  0.2083  0.3750 (reduced coord)
  -1.66900   -1.66843   -1.66805   -1.66735   -1.66654   -1.66584   -1.66550   -1.66505
  -1.66470   -1.66420   -1.66381   -1.66331   -1.66281   -1.66269   -1.66234   -1.66216
  -1.66201   -1.66173   -1.66149   -1.66114   -1.66049   -1.65902   -1.65768   -1.65652
  -1.65584   -1.64171   -1.64092   -1.64016   -1.63996   -1.63970   -1.63948   -1.63879
  -1.63827   -1.63756   -1.63561   -0.66240   -0.66225   -0.66200   -0.66171   -0.66076
  -0.66067   -0.66058   -0.66056   -0.66047   -0.66007   -0.65868   -0.65849   -0.65739
  -0.65729   -0.65703   -0.65584   -0.65547   -0.65530   -0.65485   -0.65445   -0.65413
  -0.65407   -0.65402   -0.65384   -0.65365   -0.65353   -0.65334   -0.65325   -0.65314
  -0.65309   -0.65301   -0.65288   -0.65246   -0.65239   -0.65221   -0.37554   -0.37286
  -0.37009   -0.36796   -0.36738   -0.34153   -0.34053   -0.17503   -0.17167   -0.15893
  -0.15366   -0.13687   -0.13637   -0.12652   -0.04011   -0.03721   -0.02493   -0.02397
  -0.01969   -0.01582   -0.00781    0.00175    0.00207    0.00659    0.01243    0.01829
   0.03705    0.04144    0.06852    0.07586    0.07627    0.08504    0.09465    0.10478
   0.12998    0.18577    0.20881    0.21446    0.21519    0.22964    0.23096    0.23146
   0.23942    0.24474    0.25699    0.27264    0.28068    0.28681    0.29561
 kpt#  37, nband=119, wtk=  0.01389, kpt=  0.2917  0.2917  0.3750 (reduced coord)
  -1.67018   -1.66850   -1.66771   -1.66731   -1.66680   -1.66582   -1.66557   -1.66486
  -1.66480   -1.66387   -1.66338   -1.66311   -1.66215   -1.66122   -1.66074   -1.66069
  -1.66040   -1.65952   -1.65876   -1.65862   -1.65765   -1.65732   -1.65664   -1.65618
  -1.65396   -1.64271   -1.64152   -1.63872   -1.63841   -1.63801   -1.63791   -1.63671
  -1.63646   -1.63580   -1.63574   -0.66232   -0.66222   -0.66199   -0.66195   -0.66068
  -0.66066   -0.66025   -0.66007   -0.66003   -0.65999   -0.65881   -0.65847   -0.65705
  -0.65704   -0.65687   -0.65606   -0.65566   -0.65514   -0.65471   -0.65401   -0.65395
  -0.65375   -0.65371   -0.65362   -0.65357   -0.65357   -0.65345   -0.65330   -0.65314
  -0.65287   -0.65284   -0.65259   -0.65252   -0.65184   -0.65173   -0.38671   -0.38127
  -0.37371   -0.36520   -0.35864   -0.34088   -0.33979   -0.16231   -0.16014   -0.14429
  -0.14249   -0.12440   -0.11889   -0.10625   -0.07887   -0.06806   -0.05216   -0.04796
  -0.03355   -0.01328   -0.00677   -0.00482    0.00359    0.01141    0.01180    0.02411
   0.03039    0.03121    0.05895    0.07678    0.08742    0.09877    0.10019    0.12103
   0.12460    0.19975    0.20441    0.20500    0.20689    0.22024    0.23243    0.24301
   0.25479    0.26337    0.26509    0.27354    0.28588    0.28809    0.29914
 kpt#  38, nband=119, wtk=  0.02778, kpt=  0.3750  0.2917  0.3750 (reduced coord)
  -1.66911   -1.66835   -1.66767   -1.66675   -1.66609   -1.66561   -1.66505   -1.66467
  -1.66451   -1.66388   -1.66321   -1.66270   -1.66165   -1.66144   -1.66099   -1.66067
  -1.66029   -1.66020   -1.65962   -1.65949   -1.65897   -1.65824   -1.65746   -1.65651
  -1.65534   -1.64163   -1.64072   -1.63921   -1.63914   -1.63838   -1.63805   -1.63765
  -1.63692   -1.63661   -1.63595   -0.66228   -0.66220   -0.66199   -0.66191   -0.66078
  -0.66062   -0.66035   -0.66016   -0.66012   -0.66002   -0.65877   -0.65838   -0.65720
  -0.65707   -0.65692   -0.65610   -0.65561   -0.65509   -0.65465   -0.65406   -0.65393
  -0.65384   -0.65374   -0.65364   -0.65357   -0.65353   -0.65344   -0.65330   -0.65325
  -0.65295   -0.65288   -0.65272   -0.65265   -0.65193   -0.65181   -0.37863   -0.37445
  -0.36910   -0.36357   -0.36006   -0.33879   -0.33775   -0.16315   -0.16017   -0.14627
  -0.14199   -0.12410   -0.12255   -0.11195   -0.07820   -0.06968   -0.05409   -0.03902
  -0.03475   -0.01946   -0.01766   -0.01200   -0.00304   -0.00075    0.00158    0.00719
   0.01641    0.01976    0.04418    0.06147    0.06631    0.07726    0.08417    0.10879
   0.12443    0.20037    0.21380    0.23100    0.23481    0.24823    0.25288    0.25612
   0.26688    0.26953    0.28453    0.28521    0.29337    0.29887    0.30120
 kpt#  39, nband=119, wtk=  0.02778, kpt=  0.4583  0.2917  0.3750 (reduced coord)
  -1.66880   -1.66844   -1.66783   -1.66707   -1.66688   -1.66577   -1.66541   -1.66488
  -1.66470   -1.66375   -1.66352   -1.66300   -1.66277   -1.66253   -1.66183   -1.66157
  -1.66108   -1.66096   -1.66068   -1.66034   -1.65989   -1.65893   -1.65752   -1.65665
  -1.65562   -1.64184   -1.64080   -1.64013   -1.63959   -1.63931   -1.63848   -1.63832
  -1.63735   -1.63715   -1.63615   -0.66241   -0.66218   -0.66212   -0.66202   -0.66078
  -0.66057   -0.66046   -0.66041   -0.66027   -0.66017   -0.65882   -0.65840   -0.65730
  -0.65710   -0.65709   -0.65617   -0.65578   -0.65512   -0.65466   -0.65421   -0.65400
  -0.65391   -0.65382   -0.65378   -0.65369   -0.65358   -0.65348   -0.65335   -0.65333
  -0.65298   -0.65293   -0.65285   -0.65267   -0.65210   -0.65198   -0.37067   -0.36842
  -0.36620   -0.36450   -0.36411   -0.33758   -0.33659   -0.16465   -0.16108   -0.14868
  -0.14284   -0.12607   -0.12586   -0.11688   -0.06315   -0.05906   -0.04489   -0.04114
  -0.04055   -0.02965   -0.02456   -0.02365   -0.01504   -0.00646   -0.00569    0.00191
   0.01916    0.02162    0.03879    0.04401    0.05306    0.05471    0.08566    0.09866
   0.12698    0.19628    0.22600    0.24052    0.25598    0.25904    0.26571    0.26662
   0.27046    0.28111    0.28558    0.28889    0.29164    0.30014    0.30274
 kpt#  40, nband=119, wtk=  0.01389, kpt=  0.3750  0.3750  0.3750 (reduced coord)
  -1.66900   -1.66819   -1.66796   -1.66698   -1.66687   -1.66653   -1.66580   -1.66544
  -1.66481   -1.66479   -1.66425   -1.66318   -1.66288   -1.66258   -1.66235   -1.66212
  -1.66134   -1.66117   -1.66086   -1.66033   -1.65991   -1.65976   -1.65698   -1.65604
  -1.65537   -1.64225   -1.64103   -1.64070   -1.63994   -1.63965   -1.63897   -1.63876
  -1.63717   -1.63613   -1.63607   -0.66260   -0.66241   -0.66216   -0.66201   -0.66080
  -0.66056   -0.66050   -0.66033   -0.66022   -0.66017   -0.65903   -0.65840   -0.65725
  -0.65719   -0.65707   -0.65637   -0.65598   -0.65519   -0.65463   -0.65417   -0.65409
  -0.65390   -0.65383   -0.65375   -0.65375   -0.65361   -0.65353   -0.65343   -0.65337
  -0.65314   -0.65296   -0.65277   -0.65266   -0.65213   -0.65190   -0.37191   -0.36879
  -0.36510   -0.36156   -0.35968   -0.33577   -0.33476   -0.15655   -0.15289   -0.14013
  -0.13384   -0.11679   -0.11504   -0.10521   -0.09293   -0.08199   -0.06590   -0.04702
  -0.03931   -0.03623   -0.03019   -0.02629   -0.02250   -0.01375   -0.00886   -0.00133
  -0.00040    0.00182    0.02989    0.03741    0.04872    0.05329    0.08151    0.10233
   0.12567    0.20345    0.22738    0.25329    0.26054    0.26497    0.26553    0.28087
   0.28098    0.28231    0.28566    0.30188    0.30228    0.30372    0.31837
 kpt#  41, nband=119, wtk=  0.02778, kpt=  0.4583  0.3750  0.3750 (reduced coord)
  -1.66934   -1.66855   -1.66800   -1.66763   -1.66726   -1.66697   -1.66651   -1.66617
  -1.66532   -1.66477   -1.66393   -1.66348   -1.66330   -1.66302   -1.66240   -1.66218
  -1.66182   -1.66124   -1.66039   -1.65971   -1.65915   -1.65899   -1.65749   -1.65497
  -1.65453   -1.64183   -1.64096   -1.64073   -1.64016   -1.63964   -1.63893   -1.63846
  -1.63698   -1.63616   -1.63593   -0.66269   -0.66235   -0.66226   -0.66202   -0.66082
  -0.66078   -0.66045   -0.66026   -0.66020   -0.66005   -0.65918   -0.65847   -0.65725
  -0.65719   -0.65705   -0.65641   -0.65604   -0.65522   -0.65470   -0.65418   -0.65407
  -0.65393   -0.65386   -0.65383   -0.65367   -0.65363   -0.65353   -0.65342   -0.65335
  -0.65304   -0.65292   -0.65277   -0.65265   -0.65206   -0.65190   -0.36583   -0.36414
  -0.36266   -0.36161   -0.36143   -0.33397   -0.33299   -0.15287   -0.14895   -0.13678
  -0.12999   -0.11394   -0.11346   -0.10564   -0.08225   -0.07869   -0.06400   -0.06169
  -0.06009   -0.04704   -0.04591   -0.03187   -0.02474   -0.02188   -0.01419   -0.01348
  -0.00152    0.00358    0.01637    0.01910    0.03516    0.04513    0.08571    0.09710
   0.12749    0.20474    0.23774    0.24999    0.25889    0.26420    0.27764    0.27797
   0.29558    0.30116    0.30162    0.30567    0.31032    0.32087    0.32541
 kpt#  42, nband=119, wtk=  0.01389, kpt=  0.4583  0.4583  0.3750 (reduced coord)
  -1.66889   -1.66764   -1.66713   -1.66700   -1.66625   -1.66583   -1.66511   -1.66453
  -1.66414   -1.66413   -1.66344   -1.66268   -1.66257   -1.66217   -1.66195   -1.66183
  -1.66095   -1.66085   -1.66074   -1.66027   -1.65929   -1.65880   -1.65805   -1.65487
  -1.65349   -1.64122   -1.64079   -1.63999   -1.63964   -1.63957   -1.63872   -1.63804
  -1.63630   -1.63543   -1.63513   -0.66264   -0.66244   -0.66211   -0.66184   -0.66081
  -0.66078   -0.66026   -0.66014   -0.66007   -0.65998   -0.65916   -0.65824   -0.65717
  -0.65713   -0.65689   -0.65649   -0.65610   -0.65509   -0.65462   -0.65400   -0.65393
  -0.65388   -0.65387   -0.65372   -0.65358   -0.65355   -0.65344   -0.65338   -0.65323
  -0.65296   -0.65294   -0.65259   -0.65256   -0.65197   -0.65172   -0.36223   -0.36118
  -0.36064   -0.36052   -0.36014   -0.33180   -0.33082   -0.14366   -0.13932   -0.12691
  -0.11862   -0.10491   -0.10200   -0.10038   -0.08938   -0.08641   -0.07986   -0.07402
  -0.07320   -0.06477   -0.05420   -0.04877   -0.03327   -0.02828   -0.01809   -0.01558
  -0.01177   -0.00683   -0.00206    0.00024    0.03345    0.04260    0.08733    0.09670
   0.12843    0.21003    0.24545    0.25346    0.25498    0.25554    0.27650    0.27716
   0.30180    0.30236    0.31080    0.31937    0.32329    0.32516    0.34216
