 Eigenvalues (hartree) for nkpt=  10  k points:
 kpt#   1, nband=152, wtk=  0.06250, kpt=  0.0625  0.0625  0.5000 (reduced coord)
  -4.73035   -4.73035   -2.96764   -2.96736   -2.96503   -2.96501   -2.96475   -2.96473
  -1.67954   -1.67915   -1.67900   -1.67864   -1.67786   -1.67481   -1.67480   -1.67383
  -1.67150   -1.67112   -1.66867   -1.66845   -1.66699   -1.66604   -1.66562   -1.66527
  -1.66502   -1.66464   -1.66421   -1.66299   -1.66224   -1.66207   -1.66194   -1.66193
  -1.66170   -1.66169   -1.66042   -1.66029   -1.65950   -1.65930   -1.65837   -1.65789
  -1.65788   -1.65339   -1.65320   -1.64394   -1.64317   -1.64259   -1.64080   -1.64031
  -1.63941   -1.63877   -1.63704   -1.63627   -1.63598   -0.66260   -0.66212   -0.66097
  -0.66086   -0.66045   -0.66034   -0.65993   -0.65989   -0.65940   -0.65938   -0.65786
  -0.65686   -0.65678   -0.65639   -0.65575   -0.65571   -0.65539   -0.65512   -0.65502
  -0.65460   -0.65448   -0.65442   -0.65378   -0.65371   -0.65360   -0.65347   -0.65345
  -0.65310   -0.65308   -0.65286   -0.65280   -0.65239   -0.65236   -0.65202   -0.65197
  -0.41631   -0.40819   -0.40282   -0.39521   -0.37977   -0.37639   -0.36238   -0.34836
  -0.34489   -0.19277   -0.19147   -0.19027   -0.19022   -0.18919   -0.17764   -0.17744
  -0.17604   -0.17096   -0.16958   -0.13361   -0.13215   -0.11780   -0.10994   -0.09323
  -0.08231   -0.07678   -0.05780   -0.04627   -0.02921   -0.02872   -0.01942   -0.00776
  -0.00707   -0.00427   -0.00396   -0.00324    0.01132    0.01205    0.02422    0.02969
   0.03163    0.03887    0.04208    0.04319    0.04857    0.05364    0.06239    0.06514
   0.06676    0.07080    0.08797    0.10346    0.12742    0.15140    0.17015    0.20382
   0.20949    0.24045    0.24287    0.25290    0.25316    0.26817    0.27265    0.27510
 kpt#   2, nband=152, wtk=  0.12500, kpt=  0.1875  0.0625  0.5000 (reduced coord)
  -4.73035   -4.73034   -2.96722   -2.96610   -2.96536   -2.96517   -2.96492   -2.96490
  -1.67951   -1.67916   -1.67857   -1.67838   -1.67705   -1.67490   -1.67302   -1.67215
  -1.67132   -1.67121   -1.66821   -1.66660   -1.66658   -1.66619   -1.66551   -1.66465
  -1.66426   -1.66391   -1.66324   -1.66298   -1.66245   -1.66223   -1.66187   -1.66146
  -1.66073   -1.66070   -1.66011   -1.66000   -1.65895   -1.65845   -1.65828   -1.65702
  -1.65583   -1.65511   -1.65363   -1.64323   -1.64233   -1.64049   -1.64015   -1.63983
  -1.63948   -1.63903   -1.63691   -1.63650   -1.63624   -0.66230   -0.66177   -0.66077
  -0.66067   -0.66026   -0.66016   -0.66002   -0.65987   -0.65952   -0.65937   -0.65782
  -0.65673   -0.65666   -0.65595   -0.65586   -0.65572   -0.65506   -0.65490   -0.65486
  -0.65459   -0.65431   -0.65418   -0.65383   -0.65364   -0.65354   -0.65346   -0.65333
  -0.65324   -0.65310   -0.65300   -0.65286   -0.65234   -0.65218   -0.65215   -0.65202
  -0.40985   -0.40225   -0.39878   -0.39017   -0.37673   -0.37512   -0.36055   -0.34742
  -0.34482   -0.19251   -0.18918   -0.18887   -0.18823   -0.18707   -0.17902   -0.17572
  -0.17499   -0.17424   -0.17127   -0.14953   -0.14806   -0.13324   -0.12979   -0.11383
  -0.09485   -0.08308   -0.07382   -0.06785   -0.04291   -0.03437   -0.02387   -0.01853
  -0.00324    0.00147    0.00684    0.01349    0.02585    0.02865    0.02965    0.03226
   0.04234    0.04555    0.04670    0.04934    0.05060    0.05231    0.06086    0.06326
   0.09041    0.09819    0.10457    0.11640    0.13281    0.16973    0.18226    0.20231
   0.21712    0.22250    0.22799    0.23398    0.24091    0.24464    0.25641    0.25791
 kpt#   3, nband=152, wtk=  0.12500, kpt=  0.3125  0.0625  0.5000 (reduced coord)
  -4.73035   -4.73034   -2.96661   -2.96532   -2.96521   -2.96507   -2.96500   -2.96485
  -1.67925   -1.67816   -1.67768   -1.67598   -1.67583   -1.67410   -1.67310   -1.67166
  -1.67111   -1.66920   -1.66669   -1.66649   -1.66616   -1.66589   -1.66557   -1.66412
  -1.66385   -1.66353   -1.66252   -1.66241   -1.66178   -1.66143   -1.66113   -1.66054
  -1.65984   -1.65941   -1.65910   -1.65862   -1.65799   -1.65774   -1.65679   -1.65631
  -1.65611   -1.65274   -1.65227   -1.64227   -1.64025   -1.63961   -1.63957   -1.63929
  -1.63898   -1.63673   -1.63654   -1.63622   -1.63552   -0.66197   -0.66146   -0.66059
  -0.66026   -0.66016   -0.66004   -0.65998   -0.65961   -0.65957   -0.65943   -0.65760
  -0.65652   -0.65613   -0.65604   -0.65584   -0.65558   -0.65477   -0.65471   -0.65464
  -0.65416   -0.65411   -0.65380   -0.65373   -0.65371   -0.65356   -0.65330   -0.65326
  -0.65318   -0.65297   -0.65290   -0.65280   -0.65222   -0.65212   -0.65201   -0.65172
  -0.39789   -0.39218   -0.39141   -0.38180   -0.37617   -0.37078   -0.36067   -0.34741
  -0.34485   -0.19051   -0.18688   -0.18623   -0.18497   -0.18438   -0.18126   -0.17604
  -0.17583   -0.17407   -0.17232   -0.17004   -0.16870   -0.15387   -0.15194   -0.13872
  -0.12353   -0.10794   -0.08546   -0.07692   -0.06251   -0.02685   -0.00655   -0.00439
   0.00570    0.01068    0.01550    0.01939    0.02425    0.03296    0.03422    0.04337
   0.04801    0.05148    0.05442    0.05625    0.05857    0.05990    0.06737    0.08709
   0.11345    0.12284    0.12539    0.13699    0.13933    0.17296    0.17635    0.18406
   0.18556    0.18730    0.19603    0.20355    0.20969    0.22157    0.22672    0.23127
 kpt#   4, nband=152, wtk=  0.12500, kpt=  0.4375  0.0625  0.5000 (reduced coord)
  -4.73035   -4.73035   -2.96635   -2.96607   -2.96580   -2.96505   -2.96501   -2.96498
  -1.67962   -1.67918   -1.67811   -1.67701   -1.67637   -1.67397   -1.67279   -1.67257
  -1.67216   -1.67067   -1.66706   -1.66683   -1.66569   -1.66546   -1.66493   -1.66463
  -1.66387   -1.66354   -1.66326   -1.66268   -1.66202   -1.66148   -1.66134   -1.66097
  -1.66066   -1.66037   -1.66006   -1.65991   -1.65901   -1.65882   -1.65839   -1.65727
  -1.65692   -1.65395   -1.65371   -1.64327   -1.64101   -1.64062   -1.64010   -1.64000
  -1.63934   -1.63764   -1.63714   -1.63687   -1.63614   -0.66179   -0.66129   -0.66091
  -0.66043   -0.66035   -0.66026   -0.65997   -0.65969   -0.65967   -0.65928   -0.65756
  -0.65688   -0.65632   -0.65615   -0.65575   -0.65524   -0.65507   -0.65467   -0.65456
  -0.65443   -0.65433   -0.65392   -0.65382   -0.65362   -0.65360   -0.65345   -0.65341
  -0.65324   -0.65312   -0.65302   -0.65278   -0.65243   -0.65230   -0.65205   -0.65195
  -0.38518   -0.38272   -0.37914   -0.37813   -0.37441   -0.37064   -0.36850   -0.34792
  -0.34501   -0.18783   -0.18497   -0.18467   -0.18381   -0.18220   -0.18183   -0.18078
  -0.18025   -0.17931   -0.17905   -0.17774   -0.17433   -0.16765   -0.16383   -0.14820
  -0.14586   -0.13404   -0.09456   -0.09382   -0.04353   -0.01905   -0.00882    0.01338
   0.01722    0.01877    0.02602    0.03206    0.03379    0.03511    0.03882    0.04237
   0.04309    0.04756    0.04877    0.05369    0.06122    0.06474    0.10135    0.11795
   0.12492    0.12959    0.13509    0.13922    0.15355    0.15684    0.15854    0.17047
   0.17364    0.17908    0.18080    0.18592    0.19246    0.19597    0.19890    0.21121
 kpt#   5, nband=152, wtk=  0.06250, kpt=  0.1875  0.1875  0.5000 (reduced coord)
  -4.73035   -4.73033   -2.96672   -2.96535   -2.96529   -2.96503   -2.96471   -2.96446
  -1.67952   -1.67862   -1.67777   -1.67614   -1.67458   -1.67426   -1.67249   -1.67184
  -1.67031   -1.66937   -1.66775   -1.66703   -1.66584   -1.66529   -1.66410   -1.66381
  -1.66363   -1.66267   -1.66251   -1.66209   -1.66181   -1.66107   -1.66063   -1.65999
  -1.65951   -1.65922   -1.65901   -1.65881   -1.65843   -1.65802   -1.65744   -1.65647
  -1.65374   -1.65238   -1.65157   -1.64234   -1.64113   -1.63966   -1.63934   -1.63916
  -1.63762   -1.63713   -1.63623   -1.63587   -1.63396   -0.66204   -0.66152   -0.66055
  -0.66033   -0.66008   -0.66002   -0.65984   -0.65975   -0.65942   -0.65941   -0.65763
  -0.65648   -0.65623   -0.65591   -0.65573   -0.65572   -0.65495   -0.65474   -0.65448
  -0.65428   -0.65394   -0.65386   -0.65381   -0.65361   -0.65339   -0.65322   -0.65319
  -0.65313   -0.65294   -0.65288   -0.65280   -0.65207   -0.65202   -0.65196   -0.65183
  -0.40355   -0.39650   -0.39497   -0.38529   -0.37543   -0.37202   -0.35884   -0.34609
  -0.34369   -0.19402   -0.18748   -0.18671   -0.18651   -0.18487   -0.17770   -0.17526
  -0.17522   -0.17406   -0.17194   -0.15451   -0.15300   -0.13822   -0.13450   -0.12014
  -0.10355   -0.08648   -0.07986   -0.06513   -0.05439   -0.04433   -0.04149   -0.02932
  -0.02865   -0.01992   -0.01115    0.00801    0.01750    0.01882    0.02318    0.03040
   0.04089    0.04182    0.04516    0.05237    0.05648    0.06244    0.07564    0.09137
   0.10948    0.11839    0.11939    0.13572    0.14735    0.18247    0.18256    0.19547
   0.19774    0.20153    0.20196    0.20757    0.21415    0.22451    0.23355    0.24052
 kpt#   6, nband=152, wtk=  0.12500, kpt=  0.3125  0.1875  0.5000 (reduced coord)
  -4.73035   -4.73034   -2.96616   -2.96598   -2.96546   -2.96533   -2.96496   -2.96477
  -1.67910   -1.67825   -1.67761   -1.67684   -1.67535   -1.67414   -1.67277   -1.67254
  -1.67201   -1.67051   -1.66755   -1.66715   -1.66588   -1.66578   -1.66543   -1.66439
  -1.66414   -1.66359   -1.66311   -1.66273   -1.66216   -1.66145   -1.66097   -1.66083
  -1.66006   -1.65912   -1.65897   -1.65845   -1.65825   -1.65761   -1.65754   -1.65643
  -1.65560   -1.65470   -1.65411   -1.64282   -1.64035   -1.64003   -1.63979   -1.63968
  -1.63897   -1.63713   -1.63682   -1.63632   -1.63617   -0.66190   -0.66146   -0.66114
  -0.66072   -0.66015   -0.65998   -0.65994   -0.65958   -0.65944   -0.65938   -0.65749
  -0.65713   -0.65603   -0.65599   -0.65593   -0.65557   -0.65507   -0.65494   -0.65451
  -0.65428   -0.65408   -0.65383   -0.65370   -0.65359   -0.65349   -0.65346   -0.65337
  -0.65332   -0.65293   -0.65290   -0.65268   -0.65250   -0.65226   -0.65214   -0.65157
  -0.39208   -0.38882   -0.38618   -0.37733   -0.37489   -0.36750   -0.35887   -0.34481
  -0.34215   -0.19384   -0.18538   -0.18513   -0.18386   -0.18217   -0.18145   -0.17698
  -0.17656   -0.17454   -0.17280   -0.16558   -0.16392   -0.14840   -0.14727   -0.13253
  -0.12145   -0.10674   -0.08416   -0.07029   -0.05746   -0.05486   -0.04363   -0.03225
  -0.01778   -0.01397   -0.00942    0.00213    0.00498    0.01891    0.02157    0.02423
   0.03087    0.03184    0.03703    0.04291    0.04953    0.05360    0.08302    0.10149
   0.10512    0.11301    0.11572    0.13386    0.13768    0.17949    0.18343    0.18803
   0.19394    0.20139    0.20502    0.21009    0.21548    0.22011    0.22743    0.23493
 kpt#   7, nband=152, wtk=  0.12500, kpt=  0.4375  0.1875  0.5000 (reduced coord)
  -4.73035   -4.73035   -2.96680   -2.96659   -2.96527   -2.96510   -2.96508   -2.96501
  -1.67944   -1.67880   -1.67789   -1.67719   -1.67714   -1.67387   -1.67334   -1.67299
  -1.67225   -1.67194   -1.66682   -1.66674   -1.66645   -1.66554   -1.66504   -1.66487
  -1.66454   -1.66378   -1.66291   -1.66274   -1.66227   -1.66180   -1.66131   -1.66103
  -1.66082   -1.66041   -1.66030   -1.66013   -1.65976   -1.65950   -1.65891   -1.65724
  -1.65678   -1.65502   -1.65460   -1.64319   -1.64209   -1.64092   -1.64038   -1.63982
  -1.63922   -1.63889   -1.63740   -1.63723   -1.63609   -0.66183   -0.66145   -0.66128
  -0.66082   -0.66027   -0.66024   -0.66000   -0.65973   -0.65966   -0.65923   -0.65752
  -0.65727   -0.65618   -0.65616   -0.65582   -0.65568   -0.65517   -0.65500   -0.65453
  -0.65445   -0.65428   -0.65391   -0.65384   -0.65374   -0.65366   -0.65341   -0.65335
  -0.65328   -0.65317   -0.65296   -0.65282   -0.65268   -0.65239   -0.65209   -0.65182
  -0.38265   -0.37795   -0.37616   -0.37473   -0.37052   -0.36723   -0.36537   -0.34414
  -0.34123   -0.19080   -0.18661   -0.18451   -0.18330   -0.18169   -0.17964   -0.17845
  -0.17737   -0.17655   -0.17572   -0.17371   -0.17235   -0.15975   -0.15521   -0.13926
  -0.13789   -0.12687   -0.09018   -0.08842   -0.04174   -0.03418   -0.02331   -0.01967
  -0.01608   -0.00384   -0.00133    0.00058    0.00698    0.00831    0.01269    0.01497
   0.02128    0.02252    0.02881    0.03102    0.04230    0.04519    0.07530    0.08544
   0.08858    0.09737    0.10148    0.11272    0.13173    0.18452    0.19796    0.20089
   0.20233    0.21126    0.21213    0.22061    0.22243    0.23285    0.23522    0.23610
 kpt#   8, nband=152, wtk=  0.06250, kpt=  0.3125  0.3125  0.5000 (reduced coord)
  -4.73036   -4.73034   -2.96698   -2.96592   -2.96566   -2.96545   -2.96500   -2.96490
  -1.67930   -1.67900   -1.67873   -1.67770   -1.67587   -1.67489   -1.67362   -1.67282
  -1.67272   -1.67112   -1.66755   -1.66714   -1.66708   -1.66669   -1.66594   -1.66559
  -1.66475   -1.66449   -1.66418   -1.66303   -1.66269   -1.66248   -1.66146   -1.66100
  -1.66025   -1.66004   -1.65965   -1.65947   -1.65871   -1.65816   -1.65815   -1.65771
  -1.65661   -1.65556   -1.65364   -1.64421   -1.64149   -1.64085   -1.64055   -1.64004
  -1.63985   -1.63742   -1.63715   -1.63668   -1.63654   -0.66193   -0.66180   -0.66126
  -0.66109   -0.66030   -0.66021   -0.65988   -0.65963   -0.65944   -0.65927   -0.65775
  -0.65752   -0.65608   -0.65608   -0.65602   -0.65582   -0.65546   -0.65505   -0.65455
  -0.65429   -0.65418   -0.65400   -0.65383   -0.65369   -0.65358   -0.65350   -0.65334
  -0.65330   -0.65313   -0.65302   -0.65298   -0.65257   -0.65239   -0.65230   -0.65144
  -0.38357   -0.38185   -0.37716   -0.37353   -0.37028   -0.36328   -0.35780   -0.34110
  -0.33829   -0.19579   -0.18552   -0.18463   -0.18377   -0.18223   -0.17948   -0.17699
  -0.17647   -0.17422   -0.17416   -0.16119   -0.15848   -0.14405   -0.14115   -0.12257
  -0.12097   -0.10868   -0.08429   -0.08204   -0.07172   -0.06908   -0.05555   -0.04490
  -0.03734   -0.03186   -0.01710   -0.01050   -0.00458   -0.00063    0.00107    0.00805
   0.01182    0.01495    0.01804    0.01930    0.02546    0.03230    0.05107    0.07019
   0.07873    0.08951    0.09084    0.11527    0.12425    0.20239    0.20661    0.21862
   0.22183    0.22311    0.23022    0.23705    0.24135    0.24423    0.25275    0.26022
 kpt#   9, nband=152, wtk=  0.12500, kpt=  0.4375  0.3125  0.5000 (reduced coord)
  -4.73035   -4.73035   -2.96675   -2.96611   -2.96556   -2.96527   -2.96502   -2.96492
  -1.67922   -1.67896   -1.67833   -1.67787   -1.67635   -1.67332   -1.67304   -1.67288
  -1.67234   -1.67193   -1.66773   -1.66753   -1.66684   -1.66621   -1.66566   -1.66489
  -1.66413   -1.66381   -1.66370   -1.66254   -1.66242   -1.66215   -1.66192   -1.66155
  -1.66014   -1.65987   -1.65969   -1.65963   -1.65920   -1.65857   -1.65827   -1.65766
  -1.65602   -1.65550   -1.65302   -1.64284   -1.64179   -1.64062   -1.64002   -1.63967
  -1.63918   -1.63864   -1.63737   -1.63697   -1.63616   -0.66194   -0.66174   -0.66144
  -0.66119   -0.66024   -0.66014   -0.65988   -0.65960   -0.65949   -0.65929   -0.65770
  -0.65733   -0.65631   -0.65606   -0.65599   -0.65577   -0.65540   -0.65517   -0.65442
  -0.65434   -0.65408   -0.65398   -0.65385   -0.65369   -0.65355   -0.65344   -0.65335
  -0.65320   -0.65312   -0.65300   -0.65298   -0.65259   -0.65235   -0.65224   -0.65148
  -0.37886   -0.37333   -0.37019   -0.36774   -0.36464   -0.36240   -0.36119   -0.33846
  -0.33555   -0.19428   -0.18947   -0.18372   -0.18287   -0.18065   -0.17778   -0.17647
  -0.17626   -0.17505   -0.17369   -0.16095   -0.15718   -0.14538   -0.13930   -0.12412
  -0.12185   -0.11412   -0.08615   -0.08176   -0.07250   -0.06729   -0.05268   -0.04121
  -0.03909   -0.03468   -0.02943   -0.02549   -0.01958   -0.01353   -0.01297   -0.00723
  -0.00139    0.00228    0.00675    0.01426    0.01581    0.01993    0.03430    0.04215
   0.05247    0.05710    0.08440    0.10175    0.12633    0.19750    0.21925    0.22293
   0.22599    0.23666    0.24451    0.25781    0.26085    0.26428    0.26644    0.27493
 kpt#  10, nband=152, wtk=  0.06250, kpt=  0.4375  0.4375  0.5000 (reduced coord)
  -4.73035   -4.73034   -2.96653   -2.96595   -2.96580   -2.96528   -2.96499   -2.96444
  -1.67839   -1.67809   -1.67744   -1.67698   -1.67642   -1.67381   -1.67371   -1.67305
  -1.67168   -1.67138   -1.66699   -1.66639   -1.66581   -1.66576   -1.66500   -1.66463
  -1.66406   -1.66296   -1.66268   -1.66223   -1.66203   -1.66179   -1.66154   -1.66145
  -1.66128   -1.66114   -1.66056   -1.66009   -1.65935   -1.65916   -1.65835   -1.65641
  -1.65547   -1.65440   -1.65220   -1.64300   -1.64234   -1.64002   -1.63996   -1.63910
  -1.63895   -1.63845   -1.63692   -1.63570   -1.63543   -0.66223   -0.66164   -0.66139
  -0.66090   -0.66036   -0.66020   -0.65981   -0.65950   -0.65933   -0.65921   -0.65807
  -0.65704   -0.65635   -0.65616   -0.65603   -0.65575   -0.65572   -0.65506   -0.65434
  -0.65418   -0.65395   -0.65389   -0.65379   -0.65360   -0.65354   -0.65343   -0.65329
  -0.65319   -0.65303   -0.65292   -0.65285   -0.65256   -0.65237   -0.65221   -0.65141
  -0.37599   -0.37132   -0.36280   -0.36155   -0.36018   -0.35958   -0.35941   -0.33416
  -0.33125   -0.19513   -0.19301   -0.18249   -0.18242   -0.17847   -0.17575   -0.17559
  -0.17492   -0.17472   -0.17422   -0.14615   -0.14178   -0.13028   -0.12234   -0.10823
  -0.10652   -0.09832   -0.09111   -0.08777   -0.08479   -0.08219   -0.07147   -0.07053
  -0.06704   -0.05615   -0.05299   -0.04168   -0.03230   -0.02622   -0.02163   -0.01661
  -0.01534   -0.01168   -0.00622   -0.00534   -0.00151    0.00343    0.00850    0.01282
   0.03353    0.04749    0.08606    0.09897    0.12771    0.20172    0.22060    0.22187
   0.22763    0.22967    0.25389    0.25564    0.26007    0.26402    0.27825    0.27942
