
 **** DERIVATIVE DATABASE ****    
+DDB, Version number    100401

  Note : temporary (transfer) database

    usepaw         0
     natom        18
      nkpt        15
    nsppol         1
      nsym         8
    ntypat         3
    occopt         1
     nband       144
     acell  0.77624316804222D+01  0.77624316804222D+01  0.77624316804222D+01
       amu  0.11871000000000D+03  0.78960000000000D+02  0.65390000000000D+02
   dilatmx  0.10000000000000D+01
      ecut  0.22500000000000D+02
    ecutsm  0.00000000000000D+00
     intxc         0
      iscf         7
       ixc        11
       kpt  0.50000000000000D-01  0.50000000000000D-01  0.25000000000000D+00
            0.15000000000000D+00  0.50000000000000D-01  0.25000000000000D+00
            0.25000000000000D+00  0.50000000000000D-01  0.25000000000000D+00
            0.35000000000000D+00  0.50000000000000D-01  0.25000000000000D+00
            0.45000000000000D+00  0.50000000000000D-01  0.25000000000000D+00
            0.15000000000000D+00  0.15000000000000D+00  0.25000000000000D+00
            0.25000000000000D+00  0.15000000000000D+00  0.25000000000000D+00
            0.35000000000000D+00  0.15000000000000D+00  0.25000000000000D+00
            0.45000000000000D+00  0.15000000000000D+00  0.25000000000000D+00
            0.25000000000000D+00  0.25000000000000D+00  0.25000000000000D+00
            0.35000000000000D+00  0.25000000000000D+00  0.25000000000000D+00
            0.45000000000000D+00  0.25000000000000D+00  0.25000000000000D+00
            0.35000000000000D+00  0.35000000000000D+00  0.25000000000000D+00
            0.45000000000000D+00  0.35000000000000D+00  0.25000000000000D+00
            0.45000000000000D+00  0.45000000000000D+00  0.25000000000000D+00
    kptnrm  0.10000000000000D+01
     ngfft        36   36  270
    nspden         1
   nspinor         1
       occ  0.20000000000000D+01  0.20000000000000D+01  0.20000000000000D+01
            0.20000000000000D+01  0.20000000000000D+01  0.20000000000000D+01
            0.20000000000000D+01  0.20000000000000D+01  0.20000000000000D+01
            0.20000000000000D+01  0.20000000000000D+01  0.20000000000000D+01
            0.20000000000000D+01  0.20000000000000D+01  0.20000000000000D+01
            0.20000000000000D+01  0.20000000000000D+01  0.20000000000000D+01
            0.20000000000000D+01  0.20000000000000D+01  0.20000000000000D+01
            0.20000000000000D+01  0.20000000000000D+01  0.20000000000000D+01
            0.20000000000000D+01  0.20000000000000D+01  0.20000000000000D+01
            0.20000000000000D+01  0.20000000000000D+01  0.20000000000000D+01
            0.20000000000000D+01  0.20000000000000D+01  0.20000000000000D+01
            0.20000000000000D+01  0.20000000000000D+01  0.20000000000000D+01
            0.20000000000000D+01  0.20000000000000D+01  0.20000000000000D+01
            0.20000000000000D+01  0.20000000000000D+01  0.20000000000000D+01
            0.20000000000000D+01  0.20000000000000D+01  0.20000000000000D+01
            0.20000000000000D+01  0.20000000000000D+01  0.20000000000000D+01
            0.20000000000000D+01  0.20000000000000D+01  0.20000000000000D+01
            0.20000000000000D+01  0.20000000000000D+01  0.20000000000000D+01
            0.20000000000000D+01  0.20000000000000D+01  0.20000000000000D+01
            0.20000000000000D+01  0.20000000000000D+01  0.20000000000000D+01
            0.20000000000000D+01  0.20000000000000D+01  0.20000000000000D+01
            0.20000000000000D+01  0.20000000000000D+01  0.20000000000000D+01
            0.20000000000000D+01  0.20000000000000D+01  0.20000000000000D+01
            0.20000000000000D+01  0.20000000000000D+01  0.20000000000000D+01
            0.20000000000000D+01  0.20000000000000D+01  0.20000000000000D+01
            0.20000000000000D+01  0.20000000000000D+01  0.20000000000000D+01
            0.20000000000000D+01  0.20000000000000D+01  0.20000000000000D+01
            0.20000000000000D+01  0.20000000000000D+01  0.20000000000000D+01
            0.20000000000000D+01  0.20000000000000D+01  0.20000000000000D+01
            0.20000000000000D+01  0.20000000000000D+01  0.20000000000000D+01
            0.20000000000000D+01  0.20000000000000D+01  0.20000000000000D+01
            0.20000000000000D+01  0.20000000000000D+01  0.20000000000000D+01
            0.20000000000000D+01  0.20000000000000D+01  0.20000000000000D+01
            0.20000000000000D+01  0.20000000000000D+01  0.20000000000000D+01
            0.20000000000000D+01  0.20000000000000D+01  0.20000000000000D+01
            0.20000000000000D+01  0.20000000000000D+01  0.20000000000000D+01
            0.20000000000000D+01  0.20000000000000D+01  0.20000000000000D+01
            0.20000000000000D+01  0.20000000000000D+01  0.20000000000000D+01
            0.20000000000000D+01  0.20000000000000D+01  0.20000000000000D+01
            0.20000000000000D+01  0.20000000000000D+01  0.20000000000000D+01
            0.20000000000000D+01  0.20000000000000D+01  0.20000000000000D+01
            0.20000000000000D+01  0.20000000000000D+01  0.20000000000000D+01
            0.20000000000000D+01  0.20000000000000D+01  0.20000000000000D+01
            0.20000000000000D+01  0.20000000000000D+01  0.20000000000000D+01
            0.20000000000000D+01  0.20000000000000D+01  0.20000000000000D+01
            0.20000000000000D+01  0.20000000000000D+01  0.20000000000000D+01
            0.20000000000000D+01  0.20000000000000D+01  0.20000000000000D+01
            0.00000000000000D+00  0.00000000000000D+00  0.00000000000000D+00
     rprim  0.10000000000000D+01  0.00000000000000D+00  0.00000000000000D+00
            0.00000000000000D+00  0.10000000000000D+01  0.00000000000000D+00
            0.00000000000000D+00  0.00000000000000D+00  0.77624175268800D+01
  dfpt_sciss  0.00000000000000D+00
    spinat  0.00000000000000D+00  0.00000000000000D+00  0.00000000000000D+00
            0.00000000000000D+00  0.00000000000000D+00  0.00000000000000D+00
            0.00000000000000D+00  0.00000000000000D+00  0.00000000000000D+00
            0.00000000000000D+00  0.00000000000000D+00  0.00000000000000D+00
            0.00000000000000D+00  0.00000000000000D+00  0.00000000000000D+00
            0.00000000000000D+00  0.00000000000000D+00  0.00000000000000D+00
            0.00000000000000D+00  0.00000000000000D+00  0.00000000000000D+00
            0.00000000000000D+00  0.00000000000000D+00  0.00000000000000D+00
            0.00000000000000D+00  0.00000000000000D+00  0.00000000000000D+00
            0.00000000000000D+00  0.00000000000000D+00  0.00000000000000D+00
            0.00000000000000D+00  0.00000000000000D+00  0.00000000000000D+00
            0.00000000000000D+00  0.00000000000000D+00  0.00000000000000D+00
            0.00000000000000D+00  0.00000000000000D+00  0.00000000000000D+00
            0.00000000000000D+00  0.00000000000000D+00  0.00000000000000D+00
            0.00000000000000D+00  0.00000000000000D+00  0.00000000000000D+00
            0.00000000000000D+00  0.00000000000000D+00  0.00000000000000D+00
            0.00000000000000D+00  0.00000000000000D+00  0.00000000000000D+00
            0.00000000000000D+00  0.00000000000000D+00  0.00000000000000D+00
    symafm         1    1    1    1    1    1    1    1
    symrel         1    0    0    0    1    0    0    0    1
                   1    0    0    0   -1    0    0    0    1
                  -1    0    0    0   -1    0    0    0    1
                  -1    0    0    0    1    0    0    0    1
                   0    1    0    1    0    0    0    0    1
                   0    1    0   -1    0    0    0    0    1
                   0   -1    0   -1    0    0    0    0    1
                   0   -1    0    1    0    0    0    0    1
     tnons  0.00000000000000D+00  0.00000000000000D+00  0.00000000000000D+00
            0.00000000000000D+00 -0.11102230246252D-15  0.00000000000000D+00
           -0.11102230246252D-15 -0.11102230246252D-15  0.00000000000000D+00
           -0.11102230246252D-15  0.00000000000000D+00  0.00000000000000D+00
            0.50000000000000D+00  0.50000000000000D+00  0.00000000000000D+00
            0.50000000000000D+00  0.50000000000000D+00  0.00000000000000D+00
            0.50000000000000D+00  0.50000000000000D+00  0.00000000000000D+00
            0.50000000000000D+00  0.50000000000000D+00  0.00000000000000D+00
    tolwfr  0.10000000000000D+01
   tphysel  0.00000000000000D+00
    tsmear  0.10000000000000D-01
     typat         1    1    1    1    1    1    1    2    2    2    2    2
                   2    2    2    2    3    3
       wtk  0.40000000000000D-01  0.80000000000000D-01  0.80000000000000D-01
            0.80000000000000D-01  0.80000000000000D-01  0.40000000000000D-01
            0.80000000000000D-01  0.80000000000000D-01  0.80000000000000D-01
            0.40000000000000D-01  0.80000000000000D-01  0.80000000000000D-01
            0.40000000000000D-01  0.80000000000000D-01  0.40000000000000D-01
      xred  0.50000000000000D+00  0.00000000000000D+00  0.14635000000000D+00
            0.00000000000000D+00  0.50000000000000D+00  0.23258400000000D+00
            0.50000000000000D+00  0.00000000000000D+00  0.31682500000000D+00
            0.00000000000000D+00  0.50000000000000D+00  0.40305900000000D+00
            0.50000000000000D+00  0.00000000000000D+00  0.48730100000000D+00
            0.00000000000000D+00  0.50000000000000D+00  0.57353500000000D+00
            0.50000000000000D+00  0.00000000000000D+00  0.65777600000000D+00
            0.00000000000000D+00  0.50000000000000D+00  0.14734600000000D+00
            0.50000000000000D+00  0.00000000000000D+00  0.23158800000000D+00
            0.00000000000000D+00  0.50000000000000D+00  0.31782200000000D+00
            0.50000000000000D+00  0.00000000000000D+00  0.40206300000000D+00
            0.00000000000000D+00  0.50000000000000D+00  0.48829700000000D+00
            0.50000000000000D+00  0.00000000000000D+00  0.57253800000000D+00
            0.00000000000000D+00  0.50000000000000D+00  0.65877200000000D+00
            0.50000000000000D+00  0.00000000000000D+00  0.75987700000000D+00
            0.00000000000000D+00  0.50000000000000D+00  0.85365000000000D+00
            0.50000000000000D+00  0.50000000000000D+00  0.80676400000000D+00
            0.00000000000000D+00  0.00000000000000D+00  0.80676400000000D+00
     znucl  0.50000000000000D+02  0.34000000000000D+02  0.30000000000000D+02
      zion  0.14000000000000D+02  0.16000000000000D+02  0.20000000000000D+02
 
 No information on the potentials yet 
 
 **** Database of total energy derivatives ****
 Number of data blocks=    2
  
 Total energy                 - # elements :       1
 -0.20497784339548D+04  0.00000000000000D+00
  
 1st derivatives              - # elements :      60
   1   1  0.00000000000000D+00  0.00000000000000D+00
   2   1  0.00000000000000D+00  0.00000000000000D+00
   3   1  0.77672831362265D+00  0.00000000000000D+00
   1   2  0.00000000000000D+00  0.00000000000000D+00
   2   2  0.00000000000000D+00  0.00000000000000D+00
   3   2  0.74146256340791D+00  0.00000000000000D+00
   1   3  0.00000000000000D+00  0.00000000000000D+00
   2   3  0.00000000000000D+00  0.00000000000000D+00
   3   3 -0.23124820925035D+00  0.00000000000000D+00
   1   4  0.00000000000000D+00  0.00000000000000D+00
   2   4  0.00000000000000D+00  0.00000000000000D+00
   3   4  0.40897398335957D-01  0.00000000000000D+00
   1   5  0.00000000000000D+00  0.00000000000000D+00
   2   5  0.00000000000000D+00  0.00000000000000D+00
   3   5  0.95018422439545D-01  0.00000000000000D+00
   1   6  0.00000000000000D+00  0.00000000000000D+00
   2   6  0.00000000000000D+00  0.00000000000000D+00
   3   6 -0.55768316916941D+00  0.00000000000000D+00
   1   7  0.00000000000000D+00  0.00000000000000D+00
   2   7  0.00000000000000D+00  0.00000000000000D+00
   3   7 -0.64750913090695D+00  0.00000000000000D+00
   1   8  0.00000000000000D+00  0.00000000000000D+00
   2   8  0.00000000000000D+00  0.00000000000000D+00
   3   8  0.92732532983791D+00  0.00000000000000D+00
   1   9  0.00000000000000D+00  0.00000000000000D+00
   2   9  0.00000000000000D+00  0.00000000000000D+00
   3   9  0.58257866884130D+00  0.00000000000000D+00
   1  10  0.00000000000000D+00  0.00000000000000D+00
   2  10  0.00000000000000D+00  0.00000000000000D+00
   3  10 -0.31149013888765D-01  0.00000000000000D+00
   1  11  0.00000000000000D+00  0.00000000000000D+00
   2  11  0.00000000000000D+00  0.00000000000000D+00
   3  11 -0.87302395402503D-01  0.00000000000000D+00
   1  12  0.00000000000000D+00  0.00000000000000D+00
   2  12  0.00000000000000D+00  0.00000000000000D+00
   3  12  0.28137708493862D+00  0.00000000000000D+00
   1  13  0.00000000000000D+00  0.00000000000000D+00
   2  13  0.00000000000000D+00  0.00000000000000D+00
   3  13 -0.67424139285168D+00  0.00000000000000D+00
   1  14  0.00000000000000D+00  0.00000000000000D+00
   2  14  0.00000000000000D+00  0.00000000000000D+00
   3  14 -0.10216215039901D+01  0.00000000000000D+00
   1  15  0.00000000000000D+00  0.00000000000000D+00
   2  15  0.00000000000000D+00  0.00000000000000D+00
   3  15 -0.66795587509631D+00  0.00000000000000D+00
   1  16  0.00000000000000D+00  0.00000000000000D+00
   2  16  0.00000000000000D+00  0.00000000000000D+00
   3  16  0.56324276856043D+00  0.00000000000000D+00
   1  17  0.00000000000000D+00  0.00000000000000D+00
   2  17  0.00000000000000D+00  0.00000000000000D+00
   3  17 -0.45717543756783D+00  0.00000000000000D+00
   1  18  0.00000000000000D+00  0.00000000000000D+00
   2  18  0.00000000000000D+00  0.00000000000000D+00
   3  18 -0.45717543756783D+00  0.00000000000000D+00
   1  21  0.15827991184425D-01  0.00000000000000D+00
   2  21  0.15827991184425D-01  0.00000000000000D+00
   3  21  0.15593329625860D-01  0.00000000000000D+00
   1  22  0.00000000000000D+00  0.00000000000000D+00
   2  22  0.00000000000000D+00  0.00000000000000D+00
   3  22  0.00000000000000D+00  0.00000000000000D+00
