 Fermi (or HOMO) energy (hartree) =   0.15206   Average Vxc (hartree)=  -0.31895
 Eigenvalues (hartree) for nkpt=  15  k points:
 kpt#   1, nband=144, wtk=  0.04000, kpt=  0.0500  0.0500  0.2500 (reduced coord)
  -4.73027   -4.73027   -2.96763   -2.96749   -2.96533   -2.96508   -2.96485   -2.96468
  -1.68004   -1.67989   -1.67948   -1.67854   -1.67831   -1.67539   -1.67531   -1.67450
  -1.67148   -1.67097   -1.66994   -1.66908   -1.66807   -1.66767   -1.66680   -1.66665
  -1.66626   -1.66595   -1.66523   -1.66451   -1.66370   -1.66350   -1.66326   -1.66282
  -1.66185   -1.66108   -1.66094   -1.66011   -1.65996   -1.65849   -1.65833   -1.65782
  -1.65735   -1.65279   -1.65211   -1.64418   -1.64348   -1.64280   -1.64097   -1.64039
  -1.63942   -1.63858   -1.63767   -1.63599   -1.63555   -0.66249   -0.66207   -0.66080
  -0.66062   -0.66038   -0.66022   -0.65968   -0.65958   -0.65927   -0.65915   -0.65809
  -0.65716   -0.65704   -0.65643   -0.65595   -0.65586   -0.65552   -0.65525   -0.65510
  -0.65458   -0.65451   -0.65446   -0.65381   -0.65367   -0.65346   -0.65341   -0.65336
  -0.65299   -0.65296   -0.65292   -0.65276   -0.65241   -0.65239   -0.65194   -0.65182
  -0.41698   -0.40875   -0.40324   -0.39582   -0.38010   -0.37651   -0.36266   -0.34847
  -0.34491   -0.19291   -0.19168   -0.19056   -0.19015   -0.18994   -0.17817   -0.17744
  -0.17593   -0.17135   -0.16973   -0.13196   -0.13050   -0.11626   -0.10761   -0.09130
  -0.08149   -0.07538   -0.05556   -0.04330   -0.02780   -0.02733   -0.01797   -0.00970
  -0.00887   -0.00549   -0.00294   -0.00287    0.00744    0.01345    0.02126    0.02886
   0.03086    0.03899    0.04037    0.04430    0.04952    0.05234    0.06101    0.06355
   0.06644    0.06815    0.08678    0.10230    0.12675    0.14771    0.16828    0.20102
 kpt#   2, nband=144, wtk=  0.08000, kpt=  0.1500  0.0500  0.2500 (reduced coord)
  -4.73027   -4.73027   -2.96755   -2.96685   -2.96528   -2.96508   -2.96494   -2.96484
  -1.68007   -1.67967   -1.67922   -1.67913   -1.67864   -1.67536   -1.67357   -1.67254
  -1.67158   -1.67121   -1.66864   -1.66780   -1.66674   -1.66610   -1.66570   -1.66523
  -1.66473   -1.66445   -1.66393   -1.66380   -1.66317   -1.66289   -1.66243   -1.66220
  -1.66172   -1.66146   -1.66077   -1.66052   -1.66018   -1.65982   -1.65946   -1.65806
  -1.65737   -1.65487   -1.65346   -1.64394   -1.64336   -1.64158   -1.64081   -1.63991
  -1.63962   -1.63927   -1.63745   -1.63635   -1.63616   -0.66219   -0.66175   -0.66066
  -0.66050   -0.66020   -0.66008   -0.65966   -0.65961   -0.65923   -0.65918   -0.65802
  -0.65715   -0.65707   -0.65611   -0.65600   -0.65591   -0.65523   -0.65508   -0.65497
  -0.65459   -0.65442   -0.65434   -0.65377   -0.65369   -0.65353   -0.65338   -0.65332
  -0.65311   -0.65302   -0.65289   -0.65280   -0.65247   -0.65232   -0.65207   -0.65197
  -0.41280   -0.40489   -0.40059   -0.39252   -0.37782   -0.37587   -0.36133   -0.34777
  -0.34485   -0.19281   -0.19054   -0.18989   -0.18921   -0.18836   -0.17836   -0.17619
  -0.17559   -0.17331   -0.17080   -0.14325   -0.14169   -0.12685   -0.12234   -0.10575
  -0.08752   -0.08277   -0.06705   -0.06199   -0.03562   -0.02988   -0.02456   -0.01773
  -0.00280   -0.00036    0.00316    0.01373    0.01556    0.02264    0.03066    0.03112
   0.03584    0.04213    0.04549    0.04814    0.05060    0.05214    0.05698    0.06507
   0.08169    0.08667    0.09591    0.10997    0.13036    0.16327    0.17794    0.20582
 kpt#   3, nband=144, wtk=  0.08000, kpt=  0.2500  0.0500  0.2500 (reduced coord)
  -4.73027   -4.73026   -2.96694   -2.96530   -2.96505   -2.96504   -2.96486   -2.96431
  -1.67930   -1.67892   -1.67760   -1.67642   -1.67477   -1.67415   -1.67237   -1.67104
  -1.67067   -1.66949   -1.66786   -1.66694   -1.66617   -1.66559   -1.66509   -1.66427
  -1.66382   -1.66349   -1.66285   -1.66245   -1.66182   -1.66130   -1.66056   -1.66029
  -1.65970   -1.65870   -1.65797   -1.65782   -1.65778   -1.65687   -1.65650   -1.65603
  -1.65555   -1.65434   -1.65328   -1.64245   -1.64058   -1.63996   -1.63955   -1.63915
  -1.63753   -1.63700   -1.63620   -1.63614   -1.63411   -0.66184   -0.66141   -0.66019
  -0.65992   -0.65976   -0.65972   -0.65960   -0.65940   -0.65925   -0.65916   -0.65784
  -0.65674   -0.65638   -0.65613   -0.65593   -0.65577   -0.65490   -0.65466   -0.65450
  -0.65410   -0.65403   -0.65373   -0.65368   -0.65360   -0.65335   -0.65324   -0.65309
  -0.65297   -0.65281   -0.65275   -0.65266   -0.65215   -0.65200   -0.65194   -0.65168
  -0.40482   -0.39766   -0.39581   -0.38658   -0.37616   -0.37314   -0.36014   -0.34732
  -0.34488   -0.19158   -0.18822   -0.18728   -0.18687   -0.18588   -0.17979   -0.17545
  -0.17487   -0.17247   -0.17165   -0.16017   -0.15883   -0.14412   -0.14156   -0.12716
  -0.10887   -0.09171   -0.08226   -0.06881   -0.06090   -0.03207   -0.01331   -0.00912
   0.00616    0.00909    0.01284    0.01694    0.02194    0.03207    0.03550    0.04082
   0.04441    0.04810    0.05112    0.05258    0.05348    0.05669    0.06278    0.06969
   0.09948    0.10986    0.11591    0.12512    0.13415    0.17124    0.18382    0.19368
 kpt#   4, nband=144, wtk=  0.08000, kpt=  0.3500  0.0500  0.2500 (reduced coord)
  -4.73027   -4.73026   -2.96644   -2.96545   -2.96517   -2.96500   -2.96487   -2.96453
  -1.67846   -1.67761   -1.67742   -1.67678   -1.67528   -1.67352   -1.67292   -1.67186
  -1.67121   -1.66938   -1.66728   -1.66626   -1.66589   -1.66568   -1.66479   -1.66387
  -1.66345   -1.66337   -1.66195   -1.66135   -1.66106   -1.66074   -1.66044   -1.66032
  -1.66021   -1.65980   -1.65959   -1.65918   -1.65855   -1.65808   -1.65713   -1.65664
  -1.65562   -1.65268   -1.65248   -1.64195   -1.64037   -1.63953   -1.63925   -1.63886
  -1.63844   -1.63644   -1.63622   -1.63586   -1.63538   -0.66155   -0.66109   -0.66024
  -0.65993   -0.65986   -0.65979   -0.65961   -0.65940   -0.65936   -0.65910   -0.65770
  -0.65674   -0.65643   -0.65622   -0.65590   -0.65534   -0.65469   -0.65461   -0.65439
  -0.65421   -0.65406   -0.65378   -0.65367   -0.65354   -0.65340   -0.65322   -0.65304
  -0.65300   -0.65288   -0.65283   -0.65270   -0.65222   -0.65197   -0.65193   -0.65176
  -0.39387   -0.39007   -0.38802   -0.37957   -0.37663   -0.37007   -0.36230   -0.34771
  -0.34495   -0.18939   -0.18638   -0.18465   -0.18385   -0.18312   -0.18202   -0.17681
  -0.17647   -0.17547   -0.17528   -0.17426   -0.17232   -0.15874   -0.15771   -0.14421
  -0.13176   -0.11714   -0.08821   -0.08456   -0.05805   -0.02188   -0.00136    0.00385
   0.00515    0.01823    0.02237    0.02462    0.02946    0.03012    0.03758    0.04386
   0.04949    0.05300    0.05550    0.05669    0.06071    0.06270    0.07382    0.09370
   0.11816    0.12687    0.13109    0.13962    0.14345    0.16681    0.17583    0.17821
 kpt#   5, nband=144, wtk=  0.08000, kpt=  0.4500  0.0500  0.2500 (reduced coord)
  -4.73027   -4.73027   -2.96653   -2.96610   -2.96583   -2.96536   -2.96512   -2.96502
  -1.68036   -1.67948   -1.67864   -1.67764   -1.67662   -1.67432   -1.67325   -1.67284
  -1.67254   -1.67173   -1.66884   -1.66770   -1.66719   -1.66631   -1.66587   -1.66547
  -1.66420   -1.66390   -1.66377   -1.66322   -1.66274   -1.66251   -1.66207   -1.66165
  -1.66130   -1.66091   -1.66049   -1.65950   -1.65916   -1.65885   -1.65874   -1.65784
  -1.65749   -1.65450   -1.65390   -1.64374   -1.64168   -1.64089   -1.64049   -1.64010
  -1.63991   -1.63811   -1.63710   -1.63676   -1.63628   -0.66160   -0.66107   -0.66066
  -0.66025   -0.66017   -0.66000   -0.65981   -0.65954   -0.65945   -0.65917   -0.65782
  -0.65715   -0.65668   -0.65639   -0.65600   -0.65531   -0.65507   -0.65465   -0.65455
  -0.65453   -0.65432   -0.65394   -0.65386   -0.65365   -0.65360   -0.65344   -0.65331
  -0.65315   -0.65307   -0.65299   -0.65285   -0.65242   -0.65227   -0.65208   -0.65201
  -0.38481   -0.38149   -0.37857   -0.37823   -0.37435   -0.37130   -0.36999   -0.34809
  -0.34510   -0.18780   -0.18535   -0.18520   -0.18430   -0.18232   -0.18213   -0.18168
  -0.18006   -0.17962   -0.17926   -0.17831   -0.17511   -0.16884   -0.16449   -0.14869
  -0.14731   -0.13614   -0.09556   -0.09475   -0.04141   -0.02165   -0.00641    0.01212
   0.02059    0.02463    0.02972    0.03304    0.03683    0.03843    0.04134    0.04338
   0.04408    0.04831    0.04949    0.05534    0.06306    0.06662    0.10202    0.11916
   0.12587    0.13148    0.13759    0.14157    0.15206    0.15532    0.16158    0.16883
 kpt#   6, nband=144, wtk=  0.04000, kpt=  0.1500  0.1500  0.2500 (reduced coord)
  -4.73027   -4.73026   -2.96699   -2.96566   -2.96527   -2.96512   -2.96483   -2.96481
  -1.67949   -1.67891   -1.67887   -1.67825   -1.67630   -1.67397   -1.67252   -1.67123
  -1.67073   -1.67064   -1.66789   -1.66598   -1.66576   -1.66568   -1.66558   -1.66443
  -1.66349   -1.66342   -1.66317   -1.66260   -1.66249   -1.66211   -1.66208   -1.66125
  -1.66116   -1.66040   -1.66002   -1.65979   -1.65912   -1.65881   -1.65849   -1.65763
  -1.65570   -1.65352   -1.65260   -1.64267   -1.64229   -1.64005   -1.63943   -1.63927
  -1.63877   -1.63856   -1.63601   -1.63573   -1.63549   -0.66195   -0.66152   -0.66047
  -0.66033   -0.65992   -0.65983   -0.65962   -0.65954   -0.65917   -0.65910   -0.65791
  -0.65696   -0.65683   -0.65593   -0.65593   -0.65586   -0.65499   -0.65480   -0.65480
  -0.65437   -0.65416   -0.65409   -0.65371   -0.65359   -0.65335   -0.65321   -0.65312
  -0.65303   -0.65292   -0.65280   -0.65270   -0.65221   -0.65211   -0.65199   -0.65194
  -0.40868   -0.40109   -0.39804   -0.38928   -0.37627   -0.37445   -0.36005   -0.34692
  -0.34434   -0.19359   -0.18852   -0.18820   -0.18792   -0.18677   -0.17765   -0.17569
  -0.17502   -0.17446   -0.17128   -0.14879   -0.14717   -0.13245   -0.12823   -0.11293
  -0.09474   -0.08244   -0.07340   -0.06630   -0.04565   -0.03557   -0.03105   -0.03046
  -0.02026   -0.01735   -0.00289    0.01218    0.01570    0.02596    0.03038    0.03696
   0.03904    0.04870    0.04886    0.05002    0.05363    0.05540    0.05815    0.07061
   0.10069    0.10951    0.11129    0.12462    0.13922    0.18698    0.18774    0.19731
 kpt#   7, nband=144, wtk=  0.08000, kpt=  0.2500  0.1500  0.2500 (reduced coord)
  -4.73027   -4.73026   -2.96639   -2.96549   -2.96521   -2.96503   -2.96497   -2.96459
  -1.67957   -1.67883   -1.67786   -1.67541   -1.67498   -1.67375   -1.67305   -1.67112
  -1.67070   -1.66987   -1.66798   -1.66774   -1.66674   -1.66554   -1.66461   -1.66432
  -1.66344   -1.66315   -1.66293   -1.66252   -1.66222   -1.66108   -1.66093   -1.66028
  -1.66002   -1.65944   -1.65930   -1.65919   -1.65801   -1.65752   -1.65647   -1.65614
  -1.65513   -1.65299   -1.65268   -1.64241   -1.64029   -1.63992   -1.63951   -1.63904
  -1.63790   -1.63668   -1.63654   -1.63592   -1.63461   -0.66176   -0.66135   -0.66035
  -0.65995   -0.65981   -0.65979   -0.65960   -0.65938   -0.65932   -0.65917   -0.65777
  -0.65684   -0.65632   -0.65618   -0.65598   -0.65572   -0.65490   -0.65469   -0.65435
  -0.65420   -0.65402   -0.65374   -0.65365   -0.65361   -0.65337   -0.65324   -0.65312
  -0.65305   -0.65287   -0.65282   -0.65261   -0.65219   -0.65208   -0.65200   -0.65167
  -0.40085   -0.39411   -0.39337   -0.38348   -0.37540   -0.37089   -0.35893   -0.34605
  -0.34357   -0.19363   -0.18693   -0.18638   -0.18603   -0.18408   -0.17902   -0.17583
  -0.17514   -0.17364   -0.17308   -0.15949   -0.15809   -0.14322   -0.14020   -0.12644
  -0.11036   -0.09374   -0.08167   -0.06485   -0.05678   -0.04869   -0.03830   -0.02764
  -0.02006   -0.01139   -0.00679    0.01189    0.01350    0.01926    0.02712    0.03359
   0.03619    0.04205    0.04581    0.05064    0.05671    0.06137    0.08189    0.09726
   0.10774    0.11951    0.12163    0.13737    0.14722    0.17710    0.17827    0.19271
 kpt#   8, nband=144, wtk=  0.08000, kpt=  0.3500  0.1500  0.2500 (reduced coord)
  -4.73027   -4.73026   -2.96623   -2.96608   -2.96516   -2.96513   -2.96499   -2.96486
  -1.67872   -1.67814   -1.67769   -1.67723   -1.67594   -1.67390   -1.67293   -1.67262
  -1.67204   -1.66988   -1.66693   -1.66652   -1.66571   -1.66536   -1.66497   -1.66473
  -1.66421   -1.66382   -1.66306   -1.66259   -1.66223   -1.66138   -1.66119   -1.66065
  -1.66000   -1.65972   -1.65957   -1.65938   -1.65888   -1.65839   -1.65778   -1.65718
  -1.65607   -1.65434   -1.65379   -1.64272   -1.64069   -1.63999   -1.63958   -1.63944
  -1.63928   -1.63718   -1.63667   -1.63622   -1.63601   -0.66155   -0.66115   -0.66074
  -0.66036   -0.65989   -0.65975   -0.65963   -0.65942   -0.65932   -0.65911   -0.65759
  -0.65723   -0.65628   -0.65624   -0.65601   -0.65550   -0.65505   -0.65476   -0.65437
  -0.65430   -0.65406   -0.65382   -0.65366   -0.65354   -0.65344   -0.65332   -0.65321
  -0.65316   -0.65300   -0.65281   -0.65259   -0.65238   -0.65230   -0.65207   -0.65160
  -0.39024   -0.38803   -0.38469   -0.37675   -0.37563   -0.36790   -0.36087   -0.34568
  -0.34288   -0.19220   -0.18573   -0.18473   -0.18347   -0.18210   -0.18202   -0.17765
  -0.17720   -0.17491   -0.17238   -0.17142   -0.16969   -0.15414   -0.15367   -0.13905
  -0.12885   -0.11472   -0.08679   -0.07997   -0.05488   -0.03822   -0.02757   -0.01930
  -0.00788   -0.00317    0.00092    0.00206    0.01703    0.02141    0.02566    0.02933
   0.03505    0.03610    0.03977    0.04260    0.05166    0.05570    0.09196    0.10378
   0.10718    0.11413    0.11772    0.13496    0.14007    0.17322    0.17619    0.18479
 kpt#   9, nband=144, wtk=  0.08000, kpt=  0.4500  0.1500  0.2500 (reduced coord)
  -4.73027   -4.73027   -2.96683   -2.96663   -2.96557   -2.96513   -2.96510   -2.96489
  -1.68000   -1.67903   -1.67870   -1.67805   -1.67713   -1.67377   -1.67361   -1.67303
  -1.67246   -1.67187   -1.66739   -1.66729   -1.66668   -1.66589   -1.66563   -1.66506
  -1.66481   -1.66425   -1.66381   -1.66320   -1.66258   -1.66234   -1.66207   -1.66184
  -1.66154   -1.66111   -1.66069   -1.66029   -1.65991   -1.65977   -1.65884   -1.65778
  -1.65698   -1.65539   -1.65455   -1.64325   -1.64236   -1.64078   -1.64036   -1.63994
  -1.63973   -1.63905   -1.63741   -1.63695   -1.63636   -0.66155   -0.66112   -0.66102
  -0.66049   -0.66003   -0.65994   -0.65977   -0.65954   -0.65948   -0.65911   -0.65777
  -0.65745   -0.65650   -0.65638   -0.65608   -0.65552   -0.65519   -0.65486   -0.65448
  -0.65439   -0.65434   -0.65391   -0.65377   -0.65368   -0.65361   -0.65345   -0.65340
  -0.65320   -0.65309   -0.65288   -0.65283   -0.65260   -0.65238   -0.65213   -0.65186
  -0.38318   -0.37844   -0.37719   -0.37540   -0.37180   -0.36898   -0.36777   -0.34554
  -0.34256   -0.18951   -0.18664   -0.18458   -0.18333   -0.18172   -0.18038   -0.17941
  -0.17892   -0.17779   -0.17726   -0.17630   -0.17434   -0.16361   -0.15892   -0.14308
  -0.14188   -0.13121   -0.09209   -0.09147   -0.03966   -0.02146   -0.01929   -0.00878
  -0.00295    0.00339    0.00723    0.01149    0.01554    0.01891    0.01954    0.02321
   0.02607    0.02927    0.03362    0.03539    0.04906    0.05246    0.09208    0.09947
   0.10090    0.10644    0.11101    0.11824    0.13719    0.17602    0.18542    0.18855
 kpt#  10, nband=144, wtk=  0.04000, kpt=  0.2500  0.2500  0.2500 (reduced coord)
  -4.73028   -4.73026   -2.96642   -2.96603   -2.96563   -2.96537   -2.96500   -2.96465
  -1.67909   -1.67880   -1.67774   -1.67713   -1.67562   -1.67456   -1.67322   -1.67274
  -1.67248   -1.67135   -1.66830   -1.66747   -1.66711   -1.66561   -1.66477   -1.66441
  -1.66389   -1.66329   -1.66327   -1.66248   -1.66179   -1.66145   -1.66145   -1.66093
  -1.66073   -1.66036   -1.66006   -1.65955   -1.65948   -1.65853   -1.65765   -1.65680
  -1.65674   -1.65598   -1.65431   -1.64340   -1.64055   -1.64051   -1.63991   -1.63980
  -1.63978   -1.63712   -1.63672   -1.63636   -1.63632   -0.66161   -0.66118   -0.66105
  -0.66066   -0.65986   -0.65976   -0.65972   -0.65934   -0.65924   -0.65919   -0.65776
  -0.65746   -0.65625   -0.65621   -0.65611   -0.65565   -0.65519   -0.65497   -0.65448
  -0.65429   -0.65420   -0.65375   -0.65373   -0.65356   -0.65350   -0.65335   -0.65328
  -0.65326   -0.65292   -0.65288   -0.65262   -0.65254   -0.65218   -0.65216   -0.65156
  -0.39342   -0.38942   -0.38720   -0.37803   -0.37447   -0.36730   -0.35779   -0.34412
  -0.34147   -0.19518   -0.18605   -0.18518   -0.18436   -0.18298   -0.18099   -0.17688
  -0.17594   -0.17398   -0.17348   -0.16046   -0.15891   -0.14321   -0.14146   -0.12600
  -0.11540   -0.10029   -0.08226   -0.06911   -0.05892   -0.05706   -0.05663   -0.04298
  -0.03195   -0.02488   -0.01384   -0.00520    0.00554    0.01076    0.01880    0.02194
   0.02767    0.03022    0.03527    0.04316    0.04840    0.05186    0.07845    0.09851
   0.10557    0.11244    0.11486    0.13205    0.13746    0.18433    0.18838    0.19096
 kpt#  11, nband=144, wtk=  0.08000, kpt=  0.3500  0.2500  0.2500 (reduced coord)
  -4.73027   -4.73026   -2.96663   -2.96602   -2.96558   -2.96521   -2.96497   -2.96492
  -1.67933   -1.67897   -1.67799   -1.67731   -1.67629   -1.67467   -1.67341   -1.67266
  -1.67201   -1.67112   -1.66789   -1.66692   -1.66667   -1.66552   -1.66524   -1.66485
  -1.66430   -1.66418   -1.66381   -1.66314   -1.66267   -1.66172   -1.66138   -1.66087
  -1.66076   -1.66042   -1.65993   -1.65971   -1.65893   -1.65864   -1.65828   -1.65779
  -1.65619   -1.65517   -1.65449   -1.64402   -1.64128   -1.64094   -1.64003   -1.63981
  -1.63923   -1.63789   -1.63674   -1.63656   -1.63583   -0.66152   -0.66143   -0.66107
  -0.66097   -0.65988   -0.65979   -0.65963   -0.65935   -0.65917   -0.65911   -0.65777
  -0.65755   -0.65629   -0.65617   -0.65612   -0.65586   -0.65524   -0.65518   -0.65439
  -0.65426   -0.65405   -0.65391   -0.65374   -0.65360   -0.65343   -0.65333   -0.65326
  -0.65318   -0.65305   -0.65285   -0.65275   -0.65249   -0.65227   -0.65214   -0.65151
  -0.38452   -0.38357   -0.37870   -0.37419   -0.37181   -0.36447   -0.35898   -0.34231
  -0.33944   -0.19481   -0.18516   -0.18477   -0.18394   -0.18260   -0.17979   -0.17743
  -0.17711   -0.17454   -0.17279   -0.16478   -0.16248   -0.14763   -0.14564   -0.12889
  -0.12435   -0.11159   -0.08525   -0.07393   -0.06910   -0.06152   -0.04565   -0.04482
  -0.02752   -0.02401   -0.00902   -0.00812   -0.00436    0.00387    0.00554    0.01422
   0.01752    0.01931    0.02505    0.02981    0.03243    0.03557    0.05753    0.07712
   0.08635    0.09690    0.09827    0.11806    0.12624    0.19924    0.20179    0.20690
 kpt#  12, nband=144, wtk=  0.08000, kpt=  0.4500  0.2500  0.2500 (reduced coord)
  -4.73027   -4.73027   -2.96688   -2.96648   -2.96533   -2.96499   -2.96497   -2.96470
  -1.67894   -1.67876   -1.67819   -1.67760   -1.67701   -1.67387   -1.67290   -1.67262
  -1.67222   -1.67172   -1.66765   -1.66745   -1.66691   -1.66587   -1.66509   -1.66418
  -1.66381   -1.66326   -1.66296   -1.66268   -1.66218   -1.66209   -1.66146   -1.66137
  -1.66075   -1.66045   -1.66026   -1.66001   -1.65981   -1.65912   -1.65873   -1.65724
  -1.65632   -1.65507   -1.65464   -1.64287   -1.64195   -1.64031   -1.63988   -1.63971
  -1.63933   -1.63852   -1.63699   -1.63662   -1.63616   -0.66150   -0.66136   -0.66100
  -0.66078   -0.65993   -0.65982   -0.65975   -0.65944   -0.65932   -0.65914   -0.65762
  -0.65747   -0.65634   -0.65629   -0.65610   -0.65583   -0.65516   -0.65508   -0.65430
  -0.65422   -0.65418   -0.65383   -0.65374   -0.65361   -0.65355   -0.65339   -0.65325
  -0.65319   -0.65302   -0.65283   -0.65275   -0.65264   -0.65233   -0.65216   -0.65166
  -0.38045   -0.37492   -0.37309   -0.37048   -0.36747   -0.36515   -0.36421   -0.34123
  -0.33825   -0.19239   -0.18784   -0.18428   -0.18340   -0.18115   -0.17879   -0.17727
  -0.17657   -0.17583   -0.17373   -0.16913   -0.16579   -0.15358   -0.14817   -0.13264
  -0.13111   -0.12196   -0.08811   -0.08545   -0.05200   -0.04891   -0.03375   -0.03064
  -0.02802   -0.02570   -0.01717   -0.01142   -0.00972   -0.00765    0.00151    0.00565
   0.00803    0.00895    0.01644    0.02505    0.02867    0.03142    0.05231    0.06155
   0.06732    0.07215    0.08872    0.10382    0.12754    0.19181    0.21357    0.22135
 kpt#  13, nband=144, wtk=  0.04000, kpt=  0.3500  0.3500  0.2500 (reduced coord)
  -4.73027   -4.73026   -2.96677   -2.96608   -2.96566   -2.96497   -2.96496   -2.96453
  -1.67903   -1.67872   -1.67781   -1.67729   -1.67654   -1.67372   -1.67307   -1.67280
  -1.67186   -1.67167   -1.66774   -1.66773   -1.66693   -1.66636   -1.66578   -1.66565
  -1.66433   -1.66355   -1.66314   -1.66255   -1.66229   -1.66165   -1.66097   -1.66067
  -1.66044   -1.66014   -1.66000   -1.65973   -1.65865   -1.65842   -1.65807   -1.65757
  -1.65534   -1.65480   -1.65345   -1.64256   -1.64174   -1.64000   -1.63989   -1.63963
  -1.63911   -1.63798   -1.63643   -1.63627   -1.63590   -0.66157   -0.66138   -0.66106
  -0.66085   -0.66002   -0.65981   -0.65957   -0.65929   -0.65920   -0.65910   -0.65790
  -0.65743   -0.65629   -0.65622   -0.65609   -0.65599   -0.65535   -0.65504   -0.65434
  -0.65413   -0.65401   -0.65386   -0.65368   -0.65366   -0.65342   -0.65333   -0.65331
  -0.65326   -0.65291   -0.65291   -0.65285   -0.65248   -0.65221   -0.65218   -0.65146
  -0.38053   -0.37517   -0.37298   -0.37143   -0.36647   -0.36158   -0.35839   -0.33884
  -0.33590   -0.19570   -0.18696   -0.18430   -0.18229   -0.18185   -0.17754   -0.17671
  -0.17636   -0.17446   -0.17387   -0.15860   -0.15535   -0.14236   -0.13707   -0.12052
  -0.11737   -0.10911   -0.08851   -0.08508   -0.07801   -0.07440   -0.06191   -0.04341
  -0.03842   -0.02889   -0.02567   -0.02309   -0.02085   -0.00697   -0.00637   -0.00384
  -0.00054    0.00250    0.00846    0.00886    0.01267    0.02420    0.03758    0.05275
   0.06211    0.06699    0.08222    0.10738    0.12464    0.20101    0.21528    0.22338
 kpt#  14, nband=144, wtk=  0.08000, kpt=  0.4500  0.3500  0.2500 (reduced coord)
  -4.73027   -4.73027   -2.96667   -2.96605   -2.96571   -2.96532   -2.96499   -2.96490
  -1.67890   -1.67848   -1.67834   -1.67758   -1.67703   -1.67406   -1.67332   -1.67320
  -1.67249   -1.67209   -1.66741   -1.66674   -1.66637   -1.66605   -1.66545   -1.66525
  -1.66490   -1.66452   -1.66397   -1.66340   -1.66283   -1.66209   -1.66177   -1.66136
  -1.66126   -1.66101   -1.66054   -1.66022   -1.65954   -1.65880   -1.65851   -1.65792
  -1.65644   -1.65487   -1.65370   -1.64323   -1.64220   -1.64051   -1.64023   -1.63962
  -1.63921   -1.63879   -1.63721   -1.63644   -1.63595   -0.66180   -0.66140   -0.66138
  -0.66092   -0.65997   -0.65982   -0.65962   -0.65935   -0.65923   -0.65909   -0.65811
  -0.65746   -0.65649   -0.65624   -0.65619   -0.65601   -0.65555   -0.65516   -0.65431
  -0.65421   -0.65408   -0.65394   -0.65374   -0.65366   -0.65345   -0.65339   -0.65332
  -0.65315   -0.65308   -0.65294   -0.65287   -0.65247   -0.65231   -0.65224   -0.65147
  -0.37758   -0.37261   -0.36689   -0.36497   -0.36288   -0.36136   -0.36086   -0.33665
  -0.33367   -0.19465   -0.19136   -0.18352   -0.18269   -0.17994   -0.17755   -0.17606
  -0.17554   -0.17502   -0.17401   -0.15570   -0.15193   -0.14021   -0.13363   -0.11885
  -0.11667   -0.10934   -0.08554   -0.08219   -0.07853   -0.07408   -0.05961   -0.05300
  -0.05184   -0.04192   -0.03846   -0.02866   -0.02281   -0.02093   -0.01853   -0.01353
  -0.00697   -0.00390   -0.00016    0.00699    0.00899    0.01452    0.02650    0.02854
   0.03975    0.05163    0.08486    0.09980    0.12681    0.19934    0.22054    0.22276
 kpt#  15, nband=144, wtk=  0.04000, kpt=  0.4500  0.4500  0.2500 (reduced coord)
  -4.73027   -4.73027   -2.96638   -2.96585   -2.96571   -2.96553   -2.96502   -2.96478
  -1.67873   -1.67860   -1.67747   -1.67721   -1.67680   -1.67398   -1.67374   -1.67275
  -1.67251   -1.67196   -1.66846   -1.66730   -1.66647   -1.66598   -1.66585   -1.66503
  -1.66453   -1.66366   -1.66305   -1.66256   -1.66237   -1.66212   -1.66191   -1.66186
  -1.66123   -1.66092   -1.66079   -1.66037   -1.65952   -1.65921   -1.65916   -1.65677
  -1.65630   -1.65314   -1.65314   -1.64265   -1.64257   -1.64009   -1.63963   -1.63942
  -1.63909   -1.63891   -1.63655   -1.63620   -1.63584   -0.66187   -0.66142   -0.66127
  -0.66077   -0.66007   -0.66006   -0.65950   -0.65923   -0.65916   -0.65899   -0.65825
  -0.65737   -0.65639   -0.65633   -0.65626   -0.65601   -0.65568   -0.65504   -0.65425
  -0.65417   -0.65400   -0.65395   -0.65369   -0.65368   -0.65343   -0.65337   -0.65328
  -0.65320   -0.65302   -0.65291   -0.65286   -0.65241   -0.65230   -0.65227   -0.65140
  -0.37573   -0.37116   -0.36184   -0.36079   -0.35990   -0.35965   -0.35944   -0.33367
  -0.33068   -0.19500   -0.19348   -0.18256   -0.18253   -0.17831   -0.17591   -0.17587
  -0.17498   -0.17486   -0.17462   -0.14409   -0.13983   -0.12806   -0.11988   -0.10613
  -0.10434   -0.09913   -0.08850   -0.08822   -0.08467   -0.08281   -0.07595   -0.07230
  -0.07168   -0.06152   -0.05365   -0.04606   -0.03304   -0.02655   -0.02429   -0.01604
  -0.01587   -0.01154   -0.00812   -0.00695   -0.00234    0.00105    0.00364    0.00914
   0.03339    0.04686    0.08653    0.09873    0.12795    0.20204    0.22080    0.22163
