 Eigenvalues (hartree) for nkpt=  57  k points:
 kpt#   1, nband=102, wtk=  1.00000, kpt=  0.5000  0.5000  0.0000 (reduced coord)
  -1.67996   -1.67996   -1.67938   -1.67938   -1.67889   -1.67889   -1.67479   -1.67479
  -1.67454   -1.67454   -1.67446   -1.67446   -1.67412   -1.67412   -1.67407   -1.67407
  -1.67369   -1.67369   -1.66658   -1.66658   -1.65183   -1.65183   -1.65158   -1.65158
  -1.64993   -1.64993   -1.64892   -1.64892   -1.64839   -1.64839   -0.67567   -0.67567
  -0.67412   -0.67412   -0.67329   -0.67329   -0.67296   -0.67296   -0.67279   -0.67279
  -0.66868   -0.66868   -0.66745   -0.66745   -0.66633   -0.66633   -0.66608   -0.66608
  -0.66593   -0.66593   -0.66590   -0.66590   -0.66580   -0.66580   -0.66553   -0.66553
  -0.66547   -0.66547   -0.66457   -0.66457   -0.37390   -0.37390   -0.37272   -0.37272
  -0.34307   -0.34307   -0.14942   -0.14942   -0.12294   -0.12294   -0.11307   -0.11307
  -0.09780   -0.09780   -0.09313   -0.09313   -0.07790   -0.07790   -0.05422   -0.05422
  -0.03176   -0.03176   -0.02078   -0.02078   -0.01817   -0.01817    0.03970    0.03970
   0.10020    0.10020    0.21387    0.21387    0.24263    0.24263    0.27151    0.27151
   0.28401    0.28401    0.30182    0.30182    0.32226    0.32226
 kpt#   2, nband=102, wtk=  1.00000, kpt=  0.4500  0.4500  0.0500 (reduced coord)
  -1.68140   -1.68117   -1.68029   -1.67986   -1.67961   -1.67919   -1.67771   -1.67752
  -1.67662   -1.67633   -1.67573   -1.67551   -1.67544   -1.67449   -1.67425   -1.67384
  -1.67350   -1.67212   -1.67052   -1.66752   -1.65383   -1.65367   -1.65308   -1.65236
  -1.65148   -1.65077   -1.65037   -1.64988   -1.64943   -1.64892   -0.67566   -0.67554
  -0.67461   -0.67436   -0.67346   -0.67342   -0.67333   -0.67309   -0.67303   -0.67282
  -0.66874   -0.66856   -0.66750   -0.66745   -0.66699   -0.66663   -0.66647   -0.66638
  -0.66638   -0.66616   -0.66613   -0.66610   -0.66603   -0.66589   -0.66571   -0.66562
  -0.66560   -0.66546   -0.66489   -0.66475   -0.37572   -0.37411   -0.37356   -0.37320
  -0.34391   -0.34391   -0.15404   -0.15376   -0.12956   -0.12919   -0.11530   -0.11171
  -0.10055   -0.09645   -0.08551   -0.08435   -0.07657   -0.06712   -0.05293   -0.04595
  -0.03051   -0.02943   -0.01959   -0.01730   -0.01363   -0.00862    0.03796    0.04137
   0.09829    0.10126    0.20981    0.21340    0.24388    0.24652    0.26981    0.27216
   0.27785    0.28813    0.30043    0.30172    0.31656    0.32122
 kpt#   3, nband=102, wtk=  1.00000, kpt=  0.4000  0.4000  0.1000 (reduced coord)
  -1.68227   -1.68133   -1.68119   -1.68030   -1.67999   -1.67954   -1.67907   -1.67824
  -1.67662   -1.67643   -1.67603   -1.67561   -1.67505   -1.67482   -1.67475   -1.67409
  -1.67400   -1.67046   -1.66937   -1.66880   -1.65469   -1.65310   -1.65276   -1.65242
  -1.65178   -1.65095   -1.65076   -1.65055   -1.64970   -1.64918   -0.67576   -0.67530
  -0.67458   -0.67456   -0.67354   -0.67347   -0.67332   -0.67307   -0.67305   -0.67295
  -0.66868   -0.66849   -0.66747   -0.66738   -0.66692   -0.66682   -0.66656   -0.66645
  -0.66644   -0.66626   -0.66625   -0.66620   -0.66607   -0.66594   -0.66570   -0.66569
  -0.66553   -0.66551   -0.66493   -0.66486   -0.38097   -0.37753   -0.37465   -0.37332
  -0.34615   -0.34614   -0.16287   -0.16147   -0.13957   -0.13753   -0.12108   -0.11377
  -0.10766   -0.09244   -0.07263   -0.06194   -0.06179   -0.04908   -0.04349   -0.03372
  -0.02724   -0.02681   -0.01606   -0.01111    0.00671    0.01626    0.03552    0.04678
   0.09328    0.10440    0.19978    0.21332    0.24759    0.25648    0.26279    0.26505
   0.27400    0.28247    0.28566    0.29369    0.30108    0.31803
 kpt#   4, nband=102, wtk=  1.00000, kpt=  0.3500  0.3500  0.1500 (reduced coord)
  -1.68191   -1.68142   -1.68066   -1.68022   -1.67967   -1.67936   -1.67713   -1.67653
  -1.67581   -1.67568   -1.67521   -1.67500   -1.67471   -1.67453   -1.67429   -1.67419
  -1.67260   -1.67105   -1.67023   -1.66864   -1.65338   -1.65307   -1.65227   -1.65176
  -1.65168   -1.65052   -1.65049   -1.65021   -1.64967   -1.64929   -0.67542   -0.67532
  -0.67453   -0.67425   -0.67348   -0.67338   -0.67321   -0.67314   -0.67305   -0.67296
  -0.66837   -0.66825   -0.66746   -0.66730   -0.66686   -0.66667   -0.66643   -0.66641
  -0.66631   -0.66625   -0.66612   -0.66599   -0.66590   -0.66588   -0.66575   -0.66572
  -0.66561   -0.66552   -0.66494   -0.66482   -0.38865   -0.38311   -0.37728   -0.37298
  -0.34913   -0.34912   -0.17026   -0.16722   -0.14789   -0.14275   -0.12506   -0.12336
  -0.10109   -0.08594   -0.06624   -0.04342   -0.04285   -0.03596   -0.03265   -0.02083
  -0.01373   -0.01041   -0.00927   -0.00189    0.03266    0.03572    0.05242    0.05842
   0.08781    0.10963    0.18793    0.21543    0.23432    0.24008    0.24366    0.25371
   0.25898    0.27625    0.28014    0.28059    0.28533    0.29554
 kpt#   5, nband=102, wtk=  1.00000, kpt=  0.3000  0.3000  0.2000 (reduced coord)
  -1.68184   -1.68145   -1.68058   -1.68014   -1.67952   -1.67873   -1.67760   -1.67693
  -1.67595   -1.67526   -1.67491   -1.67462   -1.67456   -1.67315   -1.67287   -1.67277
  -1.67235   -1.67092   -1.67001   -1.66878   -1.65482   -1.65407   -1.65178   -1.65138
  -1.65077   -1.65051   -1.64974   -1.64936   -1.64898   -1.64828   -0.67531   -0.67528
  -0.67440   -0.67434   -0.67344   -0.67338   -0.67313   -0.67310   -0.67300   -0.67275
  -0.66833   -0.66811   -0.66745   -0.66729   -0.66670   -0.66665   -0.66644   -0.66628
  -0.66625   -0.66625   -0.66605   -0.66591   -0.66584   -0.66582   -0.66572   -0.66570
  -0.66558   -0.66547   -0.66485   -0.66467   -0.39755   -0.39005   -0.38117   -0.37300
  -0.35215   -0.35215   -0.17405   -0.16961   -0.15232   -0.14519   -0.13032   -0.12055
  -0.09229   -0.07724   -0.05771   -0.05404   -0.03456   -0.01625   -0.01292   -0.00635
  -0.00296   -0.00205    0.01555    0.01565    0.05081    0.05984    0.08028    0.08249
   0.09039    0.11773    0.17759    0.19689    0.20344    0.21305    0.22308    0.22416
   0.24571    0.25881    0.26161    0.26328    0.27712    0.28727
 kpt#   6, nband=102, wtk=  1.00000, kpt=  0.2500  0.2500  0.2500 (reduced coord)
  -1.68121   -1.68094   -1.68038   -1.67949   -1.67846   -1.67738   -1.67629   -1.67579
  -1.67549   -1.67511   -1.67477   -1.67473   -1.67360   -1.67332   -1.67260   -1.67191
  -1.67161   -1.67111   -1.67034   -1.66935   -1.65458   -1.65275   -1.65159   -1.65062
  -1.65014   -1.64993   -1.64969   -1.64878   -1.64875   -1.64831   -0.67527   -0.67473
  -0.67446   -0.67410   -0.67347   -0.67326   -0.67315   -0.67307   -0.67296   -0.67286
  -0.66789   -0.66786   -0.66731   -0.66710   -0.66684   -0.66654   -0.66651   -0.66633
  -0.66627   -0.66595   -0.66592   -0.66583   -0.66581   -0.66574   -0.66571   -0.66562
  -0.66542   -0.66519   -0.66502   -0.66487   -0.40656   -0.39746   -0.38596   -0.37377
  -0.35486   -0.35460   -0.17363   -0.16868   -0.15160   -0.14576   -0.12789   -0.11310
  -0.08172   -0.06681   -0.06440   -0.04750   -0.02469   -0.01439   -0.00356   -0.00310
   0.00575    0.02252    0.03211    0.03936    0.06923    0.08721    0.09528    0.09940
   0.10816    0.13099    0.16805    0.17659    0.18112    0.18662    0.19628    0.20949
   0.22051    0.22917    0.24610    0.26920    0.27559    0.29146
 kpt#   7, nband=102, wtk=  1.00000, kpt=  0.2000  0.2000  0.3000 (reduced coord)
  -1.68141   -1.68130   -1.68041   -1.67905   -1.67847   -1.67778   -1.67666   -1.67606
  -1.67551   -1.67536   -1.67454   -1.67363   -1.67300   -1.67273   -1.67188   -1.67160
  -1.67075   -1.66971   -1.66867   -1.66655   -1.65375   -1.65219   -1.65091   -1.65058
  -1.65040   -1.64938   -1.64911   -1.64877   -1.64780   -1.64622   -0.67559   -0.67456
  -0.67388   -0.67352   -0.67350   -0.67334   -0.67332   -0.67303   -0.67295   -0.67283
  -0.66796   -0.66787   -0.66703   -0.66698   -0.66650   -0.66647   -0.66641   -0.66641
  -0.66614   -0.66604   -0.66597   -0.66587   -0.66559   -0.66558   -0.66548   -0.66538
  -0.66534   -0.66515   -0.66501   -0.66498   -0.41478   -0.40449   -0.39099   -0.37542
  -0.35718   -0.35617   -0.16921   -0.16459   -0.14594   -0.14300   -0.11958   -0.10184
  -0.07299   -0.07004   -0.05530   -0.03631   -0.02286   -0.01395    0.00653    0.00787
   0.01502    0.02531    0.04132    0.04876    0.07151    0.09314    0.09593    0.10504
   0.11638    0.13843    0.16500    0.16787    0.18729    0.18873    0.18939    0.20018
   0.21334    0.22642    0.24757    0.27251    0.27266    0.28122
 kpt#   8, nband=102, wtk=  1.00000, kpt=  0.1500  0.1500  0.3500 (reduced coord)
  -1.68149   -1.68119   -1.68063   -1.67937   -1.67924   -1.67855   -1.67846   -1.67767
  -1.67627   -1.67624   -1.67601   -1.67567   -1.67528   -1.67361   -1.67346   -1.67336
  -1.67305   -1.67174   -1.66907   -1.66858   -1.65388   -1.65366   -1.65294   -1.65257
  -1.65150   -1.65009   -1.64975   -1.64944   -1.64889   -1.64854   -0.67588   -0.67480
  -0.67408   -0.67404   -0.67383   -0.67369   -0.67324   -0.67319   -0.67299   -0.67276
  -0.66829   -0.66797   -0.66727   -0.66716   -0.66703   -0.66702   -0.66686   -0.66670
  -0.66609   -0.66597   -0.66594   -0.66585   -0.66580   -0.66573   -0.66562   -0.66551
  -0.66544   -0.66539   -0.66535   -0.66509   -0.42163   -0.41048   -0.39557   -0.37756
  -0.35911   -0.35697   -0.16160   -0.15767   -0.13684   -0.13596   -0.10760   -0.08875
  -0.07734   -0.05829   -0.04377   -0.02966   -0.02514   -0.00335    0.01528    0.01638
   0.01766    0.02395    0.03694    0.04024    0.04480    0.06816    0.09366    0.09625
   0.10630    0.12478    0.17571    0.19074    0.19829    0.20322    0.21743    0.21789
   0.23882    0.25443    0.26044    0.26089    0.26701    0.27083
 kpt#   9, nband=102, wtk=  1.00000, kpt=  0.1000  0.1000  0.4000 (reduced coord)
  -1.68351   -1.68181   -1.68025   -1.67952   -1.67952   -1.67855   -1.67752   -1.67729
  -1.67700   -1.67667   -1.67651   -1.67611   -1.67569   -1.67538   -1.67457   -1.67360
  -1.67303   -1.67105   -1.66869   -1.66839   -1.65401   -1.65396   -1.65389   -1.65341
  -1.65301   -1.65035   -1.64959   -1.64900   -1.64891   -1.64832   -0.67624   -0.67477
  -0.67430   -0.67407   -0.67407   -0.67386   -0.67333   -0.67315   -0.67268   -0.67259
  -0.66852   -0.66834   -0.66736   -0.66727   -0.66717   -0.66715   -0.66691   -0.66688
  -0.66627   -0.66614   -0.66598   -0.66594   -0.66578   -0.66569   -0.66568   -0.66552
  -0.66547   -0.66534   -0.66502   -0.66487   -0.42673   -0.41501   -0.39917   -0.37958
  -0.36059   -0.35734   -0.15232   -0.14925   -0.12664   -0.12535   -0.09397   -0.08362
  -0.06754   -0.04786   -0.03365   -0.03357   -0.01531    0.00039    0.00588    0.00594
   0.02040    0.02486    0.02577    0.03150    0.03441    0.04970    0.07022    0.07362
   0.09692    0.11191    0.18584    0.21308    0.22783    0.23321    0.23812    0.24123
   0.25397    0.25829    0.26443    0.26793    0.26987    0.27427
 kpt#  10, nband=102, wtk=  1.00000, kpt=  0.0500  0.0500  0.4500 (reduced coord)
  -1.68392   -1.68349   -1.68235   -1.68082   -1.67999   -1.67979   -1.67972   -1.67875
  -1.67763   -1.67740   -1.67679   -1.67650   -1.67625   -1.67547   -1.67478   -1.67415
  -1.67338   -1.67244   -1.66880   -1.66858   -1.65569   -1.65424   -1.65410   -1.65378
  -1.65357   -1.65122   -1.65085   -1.65019   -1.64861   -1.64851   -0.67664   -0.67493
  -0.67459   -0.67436   -0.67384   -0.67377   -0.67345   -0.67337   -0.67275   -0.67274
  -0.66890   -0.66871   -0.66765   -0.66737   -0.66723   -0.66720   -0.66701   -0.66690
  -0.66617   -0.66614   -0.66605   -0.66600   -0.66597   -0.66588   -0.66580   -0.66568
  -0.66541   -0.66529   -0.66514   -0.66511   -0.42985   -0.41781   -0.40146   -0.38098
  -0.36154   -0.35750   -0.14408   -0.14210   -0.11843   -0.11395   -0.08182   -0.08050
  -0.05205   -0.04049   -0.03522   -0.02637   -0.01765   -0.01587   -0.00843    0.00226
   0.01226    0.02061    0.03066    0.03104    0.03660    0.03958    0.04963    0.05057
   0.09478    0.10510    0.19220    0.21162    0.22756    0.24265    0.25586    0.25855
   0.26227    0.26821    0.27390    0.27818    0.28677    0.28930
 kpt#  11, nband=102, wtk=  1.00000, kpt=  0.0000  0.0000  0.5000 (reduced coord)
  -1.68560   -1.68471   -1.68471   -1.68364   -1.68356   -1.68299   -1.68254   -1.68146
  -1.67870   -1.67853   -1.67853   -1.67741   -1.67659   -1.67612   -1.67346   -1.67346
  -1.67290   -1.67165   -1.66664   -1.66664   -1.65801   -1.65579   -1.65472   -1.65445
  -1.65359   -1.65348   -1.64916   -1.64916   -1.64853   -1.64853   -0.67715   -0.67540
  -0.67534   -0.67436   -0.67388   -0.67373   -0.67351   -0.67351   -0.67250   -0.67250
  -0.66941   -0.66926   -0.66803   -0.66796   -0.66749   -0.66739   -0.66713   -0.66704
  -0.66628   -0.66624   -0.66624   -0.66593   -0.66593   -0.66576   -0.66575   -0.66574
  -0.66522   -0.66522   -0.66491   -0.66491   -0.43090   -0.41876   -0.40224   -0.38148
  -0.36188   -0.35756   -0.14066   -0.13932   -0.11519   -0.10831   -0.07794   -0.07631
  -0.04422   -0.03780   -0.03780   -0.02433   -0.02375   -0.02375   -0.00593   -0.00593
   0.01456    0.01456    0.03273    0.03273    0.03817    0.03841    0.03841    0.04131
   0.09476    0.10295    0.19443    0.21119    0.22262    0.23812    0.25746    0.25940
   0.26356    0.28533    0.28533    0.28742    0.28957    0.28957
 kpt#  12, nband=102, wtk=  1.00000, kpt=  0.0000  0.0000  0.4583 (reduced coord)
  -1.68554   -1.68470   -1.68470   -1.68463   -1.68402   -1.68235   -1.68164   -1.68114
  -1.68070   -1.67781   -1.67781   -1.67678   -1.67650   -1.67631   -1.67290   -1.67287
  -1.67287   -1.67165   -1.66642   -1.66642   -1.65789   -1.65579   -1.65511   -1.65453
  -1.65421   -1.65223   -1.64913   -1.64913   -1.64756   -1.64756   -0.67709   -0.67537
  -0.67525   -0.67463   -0.67387   -0.67378   -0.67345   -0.67345   -0.67245   -0.67245
  -0.66930   -0.66917   -0.66801   -0.66791   -0.66757   -0.66748   -0.66734   -0.66686
  -0.66628   -0.66623   -0.66623   -0.66592   -0.66577   -0.66577   -0.66575   -0.66574
  -0.66514   -0.66514   -0.66487   -0.66487   -0.43090   -0.41876   -0.40224   -0.38148
  -0.36187   -0.35756   -0.14066   -0.13933   -0.11519   -0.10831   -0.07794   -0.07631
  -0.04422   -0.03780   -0.03780   -0.02432   -0.02375   -0.02375   -0.00593   -0.00593
   0.01456    0.01456    0.03273    0.03273    0.03819    0.03841    0.03841    0.04131
   0.09477    0.10299    0.19445    0.21116    0.22262    0.23812    0.25765    0.25940
   0.26358    0.28533    0.28533    0.28743    0.28958    0.28958
 kpt#  13, nband=102, wtk=  1.00000, kpt=  0.0000  0.0000  0.4167 (reduced coord)
  -1.68554   -1.68470   -1.68470   -1.68464   -1.68341   -1.68213   -1.68167   -1.68143
  -1.68078   -1.67882   -1.67882   -1.67690   -1.67669   -1.67636   -1.67298   -1.67298
  -1.67295   -1.67167   -1.66664   -1.66664   -1.65743   -1.65639   -1.65512   -1.65453
  -1.65427   -1.65220   -1.64989   -1.64989   -1.64759   -1.64759   -0.67708   -0.67541
  -0.67517   -0.67464   -0.67390   -0.67378   -0.67354   -0.67354   -0.67246   -0.67246
  -0.66930   -0.66912   -0.66807   -0.66797   -0.66758   -0.66742   -0.66734   -0.66682
  -0.66634   -0.66623   -0.66623   -0.66599   -0.66599   -0.66591   -0.66575   -0.66574
  -0.66514   -0.66514   -0.66487   -0.66487   -0.43090   -0.41876   -0.40224   -0.38148
  -0.36187   -0.35756   -0.14066   -0.13933   -0.11519   -0.10830   -0.07794   -0.07631
  -0.04422   -0.03780   -0.03780   -0.02432   -0.02375   -0.02375   -0.00594   -0.00594
   0.01455    0.01455    0.03273    0.03273    0.03819    0.03841    0.03841    0.04131
   0.09478    0.10300    0.19451    0.21098    0.22262    0.23811    0.25814    0.25934
   0.26365    0.28533    0.28533    0.28733    0.28957    0.28957
 kpt#  14, nband=102, wtk=  1.00000, kpt=  0.0000  0.0000  0.3750 (reduced coord)
  -1.68463   -1.68463   -1.68384   -1.68258   -1.68200   -1.68145   -1.68104   -1.68069
  -1.67862   -1.67862   -1.67817   -1.67641   -1.67618   -1.67614   -1.67300   -1.67284
  -1.67263   -1.67263   -1.66789   -1.66789   -1.65632   -1.65619   -1.65598   -1.65405
  -1.65343   -1.65143   -1.65143   -1.65018   -1.64752   -1.64752   -0.67688   -0.67508
  -0.67482   -0.67458   -0.67390   -0.67388   -0.67353   -0.67353   -0.67255   -0.67255
  -0.66929   -0.66873   -0.66803   -0.66765   -0.66756   -0.66726   -0.66702   -0.66667
  -0.66630   -0.66623   -0.66623   -0.66603   -0.66598   -0.66598   -0.66578   -0.66571
  -0.66521   -0.66521   -0.66504   -0.66504   -0.43090   -0.41876   -0.40224   -0.38148
  -0.36187   -0.35755   -0.14065   -0.13933   -0.11518   -0.10829   -0.07794   -0.07631
  -0.04422   -0.03779   -0.03779   -0.02431   -0.02375   -0.02375   -0.00594   -0.00594
   0.01455    0.01455    0.03273    0.03273    0.03819    0.03841    0.03841    0.04131
   0.09479    0.10301    0.19464    0.21067    0.22263    0.23812    0.25892    0.25935
   0.26382    0.28533    0.28533    0.28733    0.28955    0.28955
 kpt#  15, nband=102, wtk=  1.00000, kpt=  0.0000  0.0000  0.3333 (reduced coord)
  -1.68456   -1.68456   -1.68382   -1.68257   -1.68170   -1.68144   -1.68070   -1.67937
  -1.67855   -1.67855   -1.67752   -1.67639   -1.67618   -1.67615   -1.67299   -1.67284
  -1.67263   -1.67263   -1.66788   -1.66788   -1.65619   -1.65597   -1.65574   -1.65405
  -1.65342   -1.65140   -1.65140   -1.64946   -1.64749   -1.64749   -0.67666   -0.67508
  -0.67481   -0.67458   -0.67389   -0.67388   -0.67352   -0.67352   -0.67254   -0.67254
  -0.66902   -0.66861   -0.66803   -0.66765   -0.66757   -0.66726   -0.66702   -0.66667
  -0.66630   -0.66622   -0.66622   -0.66603   -0.66599   -0.66599   -0.66578   -0.66571
  -0.66522   -0.66522   -0.66503   -0.66503   -0.43090   -0.41876   -0.40223   -0.38147
  -0.36186   -0.35754   -0.14065   -0.13933   -0.11518   -0.10829   -0.07792   -0.07631
  -0.04422   -0.03779   -0.03779   -0.02429   -0.02375   -0.02375   -0.00594   -0.00594
   0.01455    0.01455    0.03273    0.03273    0.03821    0.03841    0.03841    0.04131
   0.09479    0.10303    0.19475    0.21028    0.22263    0.23812    0.25936    0.25988
   0.26408    0.28533    0.28533    0.28732    0.28955    0.28955
 kpt#  16, nband=102, wtk=  1.00000, kpt=  0.0000  0.0000  0.2917 (reduced coord)
  -1.68387   -1.68387   -1.68378   -1.68255   -1.68185   -1.68143   -1.68058   -1.67891
  -1.67770   -1.67770   -1.67652   -1.67617   -1.67615   -1.67564   -1.67298   -1.67284
  -1.67260   -1.67260   -1.66787   -1.66787   -1.65618   -1.65592   -1.65443   -1.65403
  -1.65341   -1.65089   -1.65089   -1.64919   -1.64743   -1.64743   -0.67649   -0.67508
  -0.67480   -0.67457   -0.67389   -0.67387   -0.67343   -0.67343   -0.67252   -0.67252
  -0.66889   -0.66837   -0.66802   -0.66764   -0.66757   -0.66726   -0.66702   -0.66666
  -0.66629   -0.66603   -0.66603   -0.66602   -0.66597   -0.66597   -0.66577   -0.66570
  -0.66521   -0.66521   -0.66501   -0.66501   -0.43090   -0.41876   -0.40223   -0.38147
  -0.36186   -0.35753   -0.14065   -0.13932   -0.11518   -0.10827   -0.07792   -0.07631
  -0.04422   -0.03779   -0.03779   -0.02428   -0.02375   -0.02375   -0.00594   -0.00594
   0.01455    0.01455    0.03273    0.03273    0.03820    0.03841    0.03841    0.04131
   0.09479    0.10304    0.19489    0.20981    0.22264    0.23813    0.25937    0.26089
   0.26460    0.28533    0.28533    0.28732    0.28955    0.28955
 kpt#  17, nband=102, wtk=  1.00000, kpt=  0.0000  0.0000  0.2500 (reduced coord)
  -1.68378   -1.68378   -1.68295   -1.68255   -1.68157   -1.67987   -1.67933   -1.67841
  -1.67753   -1.67753   -1.67653   -1.67537   -1.67477   -1.67417   -1.67314   -1.67310
  -1.67276   -1.67276   -1.66809   -1.66809   -1.65679   -1.65671   -1.65461   -1.65274
  -1.65170   -1.65133   -1.65133   -1.64814   -1.64718   -1.64718   -0.67645   -0.67498
  -0.67471   -0.67444   -0.67381   -0.67372   -0.67344   -0.67344   -0.67253   -0.67253
  -0.66880   -0.66840   -0.66787   -0.66747   -0.66746   -0.66725   -0.66688   -0.66657
  -0.66619   -0.66610   -0.66609   -0.66609   -0.66596   -0.66596   -0.66558   -0.66557
  -0.66518   -0.66518   -0.66503   -0.66503   -0.43090   -0.41876   -0.40223   -0.38147
  -0.36186   -0.35753   -0.14065   -0.13932   -0.11517   -0.10827   -0.07792   -0.07631
  -0.04422   -0.03779   -0.03779   -0.02428   -0.02375   -0.02375   -0.00594   -0.00594
   0.01455    0.01455    0.03273    0.03273    0.03819    0.03841    0.03841    0.04131
   0.09479    0.10306    0.19506    0.20931    0.22263    0.23816    0.25967    0.26170
   0.26560    0.28534    0.28534    0.28766    0.28956    0.28956
 kpt#  18, nband=102, wtk=  1.00000, kpt=  0.0000  0.0000  0.2083 (reduced coord)
  -1.68317   -1.68317   -1.68286   -1.68142   -1.68131   -1.67983   -1.67921   -1.67789
  -1.67646   -1.67635   -1.67635   -1.67532   -1.67441   -1.67411   -1.67312   -1.67309
  -1.67257   -1.67257   -1.66801   -1.66801   -1.65674   -1.65641   -1.65422   -1.65273
  -1.65154   -1.65090   -1.65090   -1.64803   -1.64686   -1.64686   -0.67641   -0.67487
  -0.67465   -0.67444   -0.67381   -0.67372   -0.67333   -0.67333   -0.67248   -0.67248
  -0.66878   -0.66835   -0.66777   -0.66745   -0.66744   -0.66725   -0.66680   -0.66655
  -0.66617   -0.66609   -0.66606   -0.66606   -0.66578   -0.66578   -0.66557   -0.66556
  -0.66513   -0.66513   -0.66499   -0.66499   -0.43090   -0.41876   -0.40223   -0.38147
  -0.36186   -0.35753   -0.14065   -0.13932   -0.11517   -0.10827   -0.07791   -0.07631
  -0.04422   -0.03779   -0.03779   -0.02428   -0.02375   -0.02375   -0.00594   -0.00594
   0.01455    0.01455    0.03273    0.03273    0.03820    0.03841    0.03841    0.04131
   0.09479    0.10309    0.19523    0.20882    0.22274    0.23821    0.25966    0.26217
   0.26717    0.28534    0.28534    0.28768    0.28956    0.28956
 kpt#  19, nband=102, wtk=  1.00000, kpt=  0.0000  0.0000  0.1667 (reduced coord)
  -1.68334   -1.68280   -1.68280   -1.68218   -1.68178   -1.67986   -1.67955   -1.67927
  -1.67888   -1.67888   -1.67562   -1.67531   -1.67513   -1.67513   -1.67447   -1.67350
  -1.67308   -1.67307   -1.66750   -1.66750   -1.65661   -1.65656   -1.65272   -1.65247
  -1.65175   -1.65056   -1.65056   -1.65018   -1.64841   -1.64841   -0.67665   -0.67492
  -0.67468   -0.67439   -0.67383   -0.67375   -0.67342   -0.67342   -0.67270   -0.67270
  -0.66890   -0.66855   -0.66779   -0.66750   -0.66742   -0.66723   -0.66695   -0.66628
  -0.66628   -0.66620   -0.66619   -0.66614   -0.66581   -0.66581   -0.66558   -0.66553
  -0.66531   -0.66531   -0.66508   -0.66508   -0.43090   -0.41876   -0.40224   -0.38147
  -0.36186   -0.35753   -0.14066   -0.13934   -0.11517   -0.10827   -0.07792   -0.07631
  -0.04422   -0.03779   -0.03779   -0.02427   -0.02375   -0.02375   -0.00594   -0.00594
   0.01455    0.01455    0.03273    0.03273    0.03818    0.03841    0.03841    0.04131
   0.09480    0.10310    0.19537    0.20835    0.22273    0.23814    0.25956    0.26239
   0.26917    0.28533    0.28533    0.28766    0.28955    0.28955
 kpt#  20, nband=102, wtk=  1.00000, kpt=  0.0000  0.0000  0.1250 (reduced coord)
  -1.68333   -1.68277   -1.68277   -1.68217   -1.68183   -1.67989   -1.67956   -1.67929
  -1.67894   -1.67894   -1.67655   -1.67655   -1.67613   -1.67610   -1.67575   -1.67498
  -1.67379   -1.67336   -1.66917   -1.66917   -1.65808   -1.65726   -1.65300   -1.65275
  -1.65255   -1.65162   -1.65162   -1.65007   -1.64885   -1.64885   -0.67666   -0.67495
  -0.67468   -0.67441   -0.67400   -0.67393   -0.67347   -0.67347   -0.67288   -0.67288
  -0.66889   -0.66857   -0.66788   -0.66758   -0.66745   -0.66730   -0.66694   -0.66659
  -0.66638   -0.66638   -0.66629   -0.66619   -0.66590   -0.66590   -0.66572   -0.66565
  -0.66565   -0.66556   -0.66507   -0.66507   -0.43090   -0.41876   -0.40224   -0.38147
  -0.36186   -0.35753   -0.14067   -0.13934   -0.11517   -0.10827   -0.07792   -0.07631
  -0.04422   -0.03779   -0.03779   -0.02427   -0.02375   -0.02375   -0.00594   -0.00594
   0.01454    0.01454    0.03272    0.03272    0.03818    0.03841    0.03841    0.04132
   0.09480    0.10312    0.19552    0.20795    0.22273    0.23814    0.25955    0.26253
   0.27147    0.28532    0.28532    0.28760    0.28919    0.28953
 kpt#  21, nband=102, wtk=  1.00000, kpt=  0.0000  0.0000  0.0833 (reduced coord)
  -1.68339   -1.68326   -1.68304   -1.68304   -1.68216   -1.68024   -1.67988   -1.67951
  -1.67896   -1.67896   -1.67608   -1.67578   -1.67560   -1.67539   -1.67539   -1.67488
  -1.67333   -1.67328   -1.66814   -1.66814   -1.65801   -1.65679   -1.65348   -1.65300
  -1.65242   -1.65054   -1.65054   -1.65024   -1.64891   -1.64891   -0.67670   -0.67513
  -0.67466   -0.67440   -0.67399   -0.67387   -0.67347   -0.67347   -0.67272   -0.67272
  -0.66895   -0.66857   -0.66801   -0.66767   -0.66742   -0.66729   -0.66691   -0.66656
  -0.66636   -0.66636   -0.66621   -0.66617   -0.66583   -0.66583   -0.66578   -0.66555
  -0.66545   -0.66545   -0.66503   -0.66503   -0.43090   -0.41876   -0.40224   -0.38148
  -0.36187   -0.35753   -0.14067   -0.13934   -0.11517   -0.10827   -0.07792   -0.07631
  -0.04422   -0.03779   -0.03779   -0.02427   -0.02375   -0.02375   -0.00594   -0.00594
   0.01454    0.01454    0.03272    0.03272    0.03817    0.03841    0.03841    0.04132
   0.09480    0.10313    0.19563    0.20764    0.22273    0.23813    0.25955    0.26260
   0.27399    0.28532    0.28532    0.28603    0.28761    0.28954
 kpt#  22, nband=102, wtk=  1.00000, kpt=  0.0000  0.0000  0.0417 (reduced coord)
  -1.68234   -1.68172   -1.68164   -1.68066   -1.68066   -1.68007   -1.67984   -1.67858
  -1.67858   -1.67828   -1.67553   -1.67535   -1.67468   -1.67437   -1.67302   -1.67285
  -1.67285   -1.67270   -1.66628   -1.66628   -1.65755   -1.65638   -1.65301   -1.65289
  -1.65095   -1.64959   -1.64833   -1.64833   -1.64821   -1.64821   -0.67652   -0.67503
  -0.67445   -0.67436   -0.67392   -0.67383   -0.67322   -0.67322   -0.67243   -0.67243
  -0.66870   -0.66842   -0.66798   -0.66755   -0.66739   -0.66724   -0.66685   -0.66651
  -0.66614   -0.66597   -0.66597   -0.66591   -0.66569   -0.66568   -0.66568   -0.66553
  -0.66504   -0.66504   -0.66492   -0.66492   -0.43090   -0.41876   -0.40224   -0.38147
  -0.36186   -0.35753   -0.14067   -0.13934   -0.11517   -0.10827   -0.07791   -0.07631
  -0.04422   -0.03779   -0.03779   -0.02425   -0.02375   -0.02375   -0.00594   -0.00594
   0.01455    0.01455    0.03272    0.03272    0.03821    0.03841    0.03841    0.04132
   0.09481    0.10316    0.19572    0.20745    0.22273    0.23813    0.25955    0.26264
   0.27661    0.28304    0.28537    0.28537    0.28763    0.28959
 kpt#  23, nband=102, wtk=  1.00000, kpt=  0.0000  0.0000  0.0000 (reduced coord)
  -1.68227   -1.68151   -1.68048   -1.68000   -1.67972   -1.67889   -1.67889   -1.67839
  -1.67839   -1.67740   -1.67552   -1.67535   -1.67467   -1.67422   -1.67300   -1.67281
  -1.67281   -1.67040   -1.66600   -1.66600   -1.65755   -1.65638   -1.65296   -1.65280
  -1.64936   -1.64884   -1.64830   -1.64830   -1.64760   -1.64760   -0.67637   -0.67502
  -0.67435   -0.67420   -0.67392   -0.67382   -0.67310   -0.67310   -0.67239   -0.67239
  -0.66870   -0.66823   -0.66796   -0.66755   -0.66737   -0.66724   -0.66650   -0.66644
  -0.66614   -0.66575   -0.66575   -0.66574   -0.66569   -0.66568   -0.66568   -0.66552
  -0.66498   -0.66498   -0.66492   -0.66492   -0.43090   -0.41876   -0.40224   -0.38147
  -0.36185   -0.35753   -0.14066   -0.13934   -0.11517   -0.10826   -0.07791   -0.07630
  -0.04421   -0.03779   -0.03779   -0.02424   -0.02375   -0.02375   -0.00594   -0.00594
   0.01455    0.01455    0.03272    0.03272    0.03822    0.03841    0.03841    0.04133
   0.09481    0.10317    0.19575    0.20740    0.22273    0.23813    0.25955    0.26265
   0.27851    0.28103    0.28537    0.28537    0.28763    0.28959
 kpt#  24, nband=102, wtk=  1.00000, kpt=  0.0278  0.0278  0.0278 (reduced coord)
  -1.68351   -1.68250   -1.68231   -1.68163   -1.68151   -1.68017   -1.67977   -1.67960
  -1.67950   -1.67820   -1.67577   -1.67526   -1.67451   -1.67436   -1.67421   -1.67231
  -1.67231   -1.67197   -1.66812   -1.66569   -1.65492   -1.65468   -1.65432   -1.65423
  -1.65111   -1.65003   -1.64945   -1.64905   -1.64860   -1.64794   -0.67650   -0.67488
  -0.67454   -0.67436   -0.67394   -0.67379   -0.67341   -0.67335   -0.67266   -0.67241
  -0.66866   -0.66851   -0.66774   -0.66753   -0.66737   -0.66724   -0.66675   -0.66631
  -0.66628   -0.66614   -0.66599   -0.66597   -0.66586   -0.66584   -0.66579   -0.66571
  -0.66520   -0.66519   -0.66496   -0.66482   -0.43058   -0.41847   -0.40199   -0.38132
  -0.36176   -0.35751   -0.14177   -0.14022   -0.11621   -0.11017   -0.07885   -0.07814
  -0.04689   -0.03864   -0.03646   -0.02458   -0.02270   -0.02110   -0.00672   -0.00320
   0.01383    0.01652    0.03208    0.03225    0.03771    0.03785    0.04326    0.04396
   0.09478    0.10379    0.19496    0.20760    0.22413    0.23958    0.26041    0.26063
   0.27740    0.27971    0.28134    0.28203    0.28456    0.28853
 kpt#  25, nband=102, wtk=  1.00000, kpt=  0.0556  0.0556  0.0556 (reduced coord)
  -1.68267   -1.68246   -1.68189   -1.68122   -1.67954   -1.67871   -1.67867   -1.67768
  -1.67708   -1.67697   -1.67615   -1.67451   -1.67441   -1.67394   -1.67321   -1.67293
  -1.67196   -1.67165   -1.66756   -1.66659   -1.65418   -1.65409   -1.65383   -1.65250
  -1.65041   -1.64994   -1.64859   -1.64850   -1.64819   -1.64801   -0.67624   -0.67473
  -0.67445   -0.67423   -0.67388   -0.67377   -0.67327   -0.67316   -0.67256   -0.67247
  -0.66846   -0.66825   -0.66756   -0.66727   -0.66727   -0.66724   -0.66672   -0.66629
  -0.66624   -0.66598   -0.66596   -0.66590   -0.66582   -0.66572   -0.66567   -0.66549
  -0.66514   -0.66506   -0.66503   -0.66482   -0.42960   -0.41759   -0.40127   -0.38086
  -0.36146   -0.35747   -0.14484   -0.14274   -0.11914   -0.11507   -0.08295   -0.08092
  -0.05360   -0.04110   -0.03501   -0.02697   -0.01569   -0.01427   -0.00900    0.00397
   0.01173    0.02192    0.03018    0.03063    0.03619    0.04031    0.05148    0.05277
   0.09486    0.10573    0.19270    0.20829    0.22855    0.24356    0.25368    0.26282
   0.26465    0.27001    0.27634    0.27752    0.28345    0.28636
 kpt#  26, nband=102, wtk=  1.00000, kpt=  0.0833  0.0833  0.0833 (reduced coord)
  -1.68305   -1.68208   -1.68063   -1.67958   -1.67949   -1.67817   -1.67716   -1.67710
  -1.67676   -1.67638   -1.67598   -1.67528   -1.67454   -1.67440   -1.67414   -1.67364
  -1.67331   -1.67199   -1.66933   -1.66679   -1.65432   -1.65393   -1.65373   -1.65320
  -1.65197   -1.65011   -1.64913   -1.64847   -1.64837   -1.64812   -0.67614   -0.67453
  -0.67437   -0.67415   -0.67394   -0.67393   -0.67335   -0.67313   -0.67277   -0.67246
  -0.66839   -0.66822   -0.66747   -0.66729   -0.66719   -0.66708   -0.66680   -0.66644
  -0.66617   -0.66613   -0.66597   -0.66590   -0.66577   -0.66565   -0.66563   -0.66561
  -0.66543   -0.66523   -0.66513   -0.66488   -0.42799   -0.41615   -0.40009   -0.38013
  -0.36097   -0.35739   -0.14929   -0.14656   -0.12352   -0.12140   -0.08955   -0.08282
  -0.06221   -0.04497   -0.03429   -0.03075   -0.01261   -0.00527   -0.00321    0.00840
   0.01382    0.02715    0.02789    0.02948    0.03352    0.04548    0.06254    0.06535
   0.09565    0.10914    0.18912    0.20947    0.23591    0.23972    0.24493    0.24968
   0.25094    0.26600    0.27185    0.27485    0.27510    0.27827
 kpt#  27, nband=102, wtk=  1.00000, kpt=  0.1111  0.1111  0.1111 (reduced coord)
  -1.68170   -1.68160   -1.67970   -1.67912   -1.67890   -1.67795   -1.67750   -1.67741
  -1.67676   -1.67583   -1.67566   -1.67537   -1.67508   -1.67463   -1.67398   -1.67347
  -1.67259   -1.67205   -1.66944   -1.66768   -1.65420   -1.65360   -1.65325   -1.65315
  -1.65169   -1.65014   -1.64907   -1.64891   -1.64844   -1.64839   -0.67601   -0.67458
  -0.67410   -0.67408   -0.67396   -0.67386   -0.67328   -0.67318   -0.67280   -0.67258
  -0.66826   -0.66815   -0.66730   -0.66726   -0.66714   -0.66687   -0.66680   -0.66659
  -0.66613   -0.66606   -0.66602   -0.66576   -0.66574   -0.66566   -0.66563   -0.66560
  -0.66541   -0.66528   -0.66526   -0.66503   -0.42576   -0.41415   -0.39848   -0.37916
  -0.36031   -0.35727   -0.15441   -0.15113   -0.12885   -0.12792   -0.09701   -0.08406
  -0.07091   -0.04998   -0.03563   -0.03302   -0.01730    0.00403    0.00405    0.01252
   0.02316    0.02414    0.02497    0.03000    0.03761    0.05296    0.07555    0.07914
   0.09827    0.11431    0.18440    0.21106    0.21918    0.22551    0.22988    0.24533
   0.25001    0.25712    0.26478    0.26912    0.27411    0.27610
 kpt#  28, nband=102, wtk=  1.00000, kpt=  0.1389  0.1389  0.1389 (reduced coord)
  -1.68157   -1.68111   -1.67985   -1.67898   -1.67857   -1.67833   -1.67785   -1.67669
  -1.67602   -1.67558   -1.67538   -1.67437   -1.67435   -1.67362   -1.67320   -1.67205
  -1.67183   -1.67001   -1.66896   -1.66836   -1.65392   -1.65372   -1.65336   -1.65225
  -1.65012   -1.64950   -1.64930   -1.64845   -1.64833   -1.64767   -0.67588   -0.67464
  -0.67405   -0.67391   -0.67387   -0.67365   -0.67320   -0.67315   -0.67262   -0.67261
  -0.66822   -0.66805   -0.66719   -0.66705   -0.66700   -0.66696   -0.66681   -0.66662
  -0.66602   -0.66583   -0.66581   -0.66581   -0.66576   -0.66566   -0.66559   -0.66545
  -0.66533   -0.66518   -0.66513   -0.66500   -0.42292   -0.41163   -0.39647   -0.37804
  -0.35948   -0.35708   -0.15961   -0.15585   -0.13456   -0.13386   -0.10462   -0.08652
  -0.07678   -0.05580   -0.04133   -0.03080   -0.02278   -0.00111    0.01237    0.01843
   0.01962    0.02578    0.03010    0.03588    0.04365    0.06315    0.08879    0.09204
   0.10361    0.12150    0.17859    0.19827    0.20480    0.21015    0.21514    0.22685
   0.24733    0.25620    0.26411    0.26427    0.26462    0.27131
 kpt#  29, nband=102, wtk=  1.00000, kpt=  0.1667  0.1667  0.1667 (reduced coord)
  -1.68167   -1.68082   -1.67976   -1.67904   -1.67878   -1.67778   -1.67673   -1.67661
  -1.67583   -1.67508   -1.67498   -1.67393   -1.67372   -1.67350   -1.67304   -1.67261
  -1.67195   -1.66996   -1.66872   -1.66751   -1.65364   -1.65344   -1.65266   -1.65117
  -1.65108   -1.64996   -1.64931   -1.64868   -1.64763   -1.64650   -0.67567   -0.67466
  -0.67378   -0.67375   -0.67373   -0.67337   -0.67324   -0.67321   -0.67293   -0.67273
  -0.66811   -0.66780   -0.66711   -0.66698   -0.66693   -0.66681   -0.66657   -0.66642
  -0.66603   -0.66601   -0.66582   -0.66579   -0.66567   -0.66559   -0.66555   -0.66540
  -0.66535   -0.66534   -0.66519   -0.66504   -0.41953   -0.40863   -0.39413   -0.37682
  -0.35851   -0.35677   -0.16442   -0.16023   -0.14012   -0.13878   -0.11188   -0.09298
  -0.07674   -0.06214   -0.04754   -0.02878   -0.02765   -0.00679    0.01319    0.01456
   0.01922    0.02107    0.04368    0.04510    0.04967    0.07654    0.09997    0.10020
   0.11060    0.13012    0.17183    0.18065    0.19093    0.19519    0.20539    0.21625
   0.22711    0.23997    0.25556    0.26805    0.26962    0.27250
 kpt#  30, nband=102, wtk=  1.00000, kpt=  0.1944  0.1944  0.1944 (reduced coord)
  -1.68164   -1.68117   -1.68042   -1.67908   -1.67791   -1.67763   -1.67689   -1.67573
  -1.67528   -1.67447   -1.67439   -1.67388   -1.67365   -1.67355   -1.67306   -1.67271
  -1.67209   -1.66991   -1.66863   -1.66694   -1.65433   -1.65217   -1.65169   -1.65145
  -1.65080   -1.64999   -1.64934   -1.64837   -1.64828   -1.64597   -0.67563   -0.67461
  -0.67395   -0.67364   -0.67348   -0.67344   -0.67327   -0.67308   -0.67299   -0.67277
  -0.66798   -0.66789   -0.66714   -0.66710   -0.66668   -0.66661   -0.66651   -0.66644
  -0.66606   -0.66594   -0.66593   -0.66578   -0.66560   -0.66556   -0.66553   -0.66544
  -0.66537   -0.66520   -0.66520   -0.66504   -0.41562   -0.40521   -0.39153   -0.37564
  -0.35742   -0.35629   -0.16851   -0.16395   -0.14506   -0.14243   -0.11840   -0.10041
  -0.07377   -0.06872   -0.05401   -0.03504   -0.02372   -0.01274    0.00765    0.00902
   0.01605    0.02449    0.04228    0.04850    0.06799    0.09109    0.09718    0.10516
   0.11619    0.13748    0.16603    0.16884    0.18771    0.18888    0.19037    0.20276
   0.21740    0.22492    0.24874    0.27213    0.27271    0.28013
 kpt#  31, nband=102, wtk=  1.00000, kpt=  0.2222  0.2222  0.2222 (reduced coord)
  -1.68132   -1.68079   -1.68020   -1.67827   -1.67813   -1.67702   -1.67614   -1.67557
  -1.67494   -1.67469   -1.67440   -1.67407   -1.67328   -1.67320   -1.67277   -1.67203
  -1.67150   -1.66975   -1.66895   -1.66727   -1.65388   -1.65240   -1.65109   -1.65040
  -1.65029   -1.64968   -1.64928   -1.64871   -1.64841   -1.64634   -0.67554   -0.67450
  -0.67394   -0.67380   -0.67345   -0.67341   -0.67312   -0.67305   -0.67286   -0.67284
  -0.66793   -0.66786   -0.66717   -0.66695   -0.66665   -0.66663   -0.66641   -0.66633
  -0.66593   -0.66589   -0.66583   -0.66579   -0.66569   -0.66562   -0.66549   -0.66546
  -0.66544   -0.66518   -0.66510   -0.66493   -0.41126   -0.40146   -0.38877   -0.37459
  -0.35620   -0.35559   -0.17163   -0.16679   -0.14899   -0.14475   -0.12384   -0.10725
  -0.07531   -0.06949   -0.06049   -0.04135   -0.01920   -0.01877    0.00201    0.00313
   0.01089    0.02721    0.03673    0.04718    0.08404    0.08415    0.10076    0.10314
   0.11291    0.13858    0.16315    0.16953    0.18434    0.18462    0.19261    0.20050
   0.20341    0.22883    0.24425    0.27175    0.27399    0.28842
 kpt#  32, nband=102, wtk=  1.00000, kpt=  0.2500  0.2500  0.2500 (reduced coord)
  -1.68121   -1.68094   -1.68038   -1.67949   -1.67846   -1.67738   -1.67629   -1.67579
  -1.67549   -1.67511   -1.67477   -1.67473   -1.67360   -1.67332   -1.67260   -1.67191
  -1.67161   -1.67111   -1.67034   -1.66935   -1.65458   -1.65275   -1.65159   -1.65062
  -1.65014   -1.64993   -1.64969   -1.64878   -1.64875   -1.64831   -0.67527   -0.67473
  -0.67446   -0.67410   -0.67347   -0.67326   -0.67315   -0.67307   -0.67296   -0.67286
  -0.66789   -0.66786   -0.66731   -0.66710   -0.66684   -0.66654   -0.66651   -0.66633
  -0.66627   -0.66595   -0.66592   -0.66583   -0.66581   -0.66574   -0.66571   -0.66562
  -0.66542   -0.66519   -0.66502   -0.66487   -0.40656   -0.39746   -0.38596   -0.37377
  -0.35486   -0.35460   -0.17363   -0.16868   -0.15160   -0.14576   -0.12789   -0.11310
  -0.08172   -0.06681   -0.06440   -0.04750   -0.02469   -0.01439   -0.00356   -0.00310
   0.00575    0.02252    0.03211    0.03936    0.06923    0.08721    0.09528    0.09940
   0.10816    0.13099    0.16805    0.17659    0.18112    0.18662    0.19628    0.20949
   0.22051    0.22917    0.24610    0.26920    0.27559    0.29146
 kpt#  33, nband=102, wtk=  1.00000, kpt=  0.2778  0.2778  0.2778 (reduced coord)
  -1.68207   -1.68105   -1.68093   -1.68012   -1.67963   -1.67818   -1.67754   -1.67743
  -1.67630   -1.67559   -1.67527   -1.67517   -1.67475   -1.67320   -1.67208   -1.67171
  -1.67102   -1.67001   -1.66946   -1.66934   -1.65449   -1.65420   -1.65161   -1.65141
  -1.65020   -1.65003   -1.64950   -1.64905   -1.64904   -1.64824   -0.67514   -0.67511
  -0.67457   -0.67428   -0.67348   -0.67327   -0.67322   -0.67311   -0.67300   -0.67271
  -0.66818   -0.66796   -0.66723   -0.66720   -0.66689   -0.66675   -0.66641   -0.66640
  -0.66625   -0.66620   -0.66606   -0.66594   -0.66591   -0.66579   -0.66577   -0.66561
  -0.66540   -0.66538   -0.66482   -0.66472   -0.40160   -0.39334   -0.38322   -0.37322
  -0.35340   -0.35334   -0.17438   -0.16959   -0.15266   -0.14572   -0.13014   -0.11776
  -0.08777   -0.07278   -0.05877   -0.05335   -0.03033   -0.01053   -0.00902   -0.00890
   0.00079    0.01025    0.02558    0.02682    0.05746    0.07278    0.08880    0.09195
   0.09876    0.12294    0.17361    0.18529    0.18884    0.20117    0.20864    0.22601
   0.22890    0.24121    0.25447    0.26519    0.27671    0.28995
 kpt#  34, nband=102, wtk=  1.00000, kpt=  0.3056  0.3056  0.3056 (reduced coord)
  -1.68212   -1.68091   -1.68073   -1.68007   -1.67991   -1.67920   -1.67846   -1.67828
  -1.67611   -1.67570   -1.67488   -1.67437   -1.67421   -1.67330   -1.67276   -1.67270
  -1.67177   -1.67113   -1.66984   -1.66880   -1.65482   -1.65424   -1.65206   -1.65157
  -1.65075   -1.64999   -1.64980   -1.64976   -1.64905   -1.64850   -0.67529   -0.67521
  -0.67458   -0.67446   -0.67343   -0.67326   -0.67315   -0.67306   -0.67298   -0.67286
  -0.66831   -0.66818   -0.66734   -0.66726   -0.66698   -0.66669   -0.66649   -0.66643
  -0.66630   -0.66627   -0.66599   -0.66588   -0.66583   -0.66580   -0.66579   -0.66565
  -0.66552   -0.66538   -0.66494   -0.66469   -0.39653   -0.38924   -0.38068   -0.37296
  -0.35183   -0.35183   -0.17383   -0.16951   -0.15207   -0.14500   -0.13012   -0.12110
  -0.09337   -0.07831   -0.05875   -0.05284   -0.03557   -0.01799   -0.01388   -0.00573
  -0.00534   -0.00387    0.01267    0.01280    0.04923    0.05665    0.07779    0.07950
   0.08908    0.11660    0.17854    0.20052    0.20737    0.21555    0.22438    0.22693
   0.24982    0.26068    0.26333    0.26617    0.27712    0.28632
 kpt#  35, nband=102, wtk=  1.00000, kpt=  0.3333  0.3333  0.3333 (reduced coord)
  -1.68137   -1.68083   -1.68078   -1.68005   -1.67994   -1.67879   -1.67863   -1.67791
  -1.67549   -1.67534   -1.67516   -1.67456   -1.67381   -1.67352   -1.67317   -1.67305
  -1.67166   -1.67091   -1.66977   -1.66820   -1.65439   -1.65347   -1.65241   -1.65174
  -1.65102   -1.65052   -1.64946   -1.64939   -1.64852   -1.64806   -0.67527   -0.67520
  -0.67456   -0.67443   -0.67338   -0.67332   -0.67308   -0.67304   -0.67302   -0.67287
  -0.66833   -0.66819   -0.66738   -0.66715   -0.66701   -0.66659   -0.66654   -0.66635
  -0.66635   -0.66614   -0.66609   -0.66599   -0.66583   -0.66578   -0.66563   -0.66559
  -0.66544   -0.66543   -0.66499   -0.66467   -0.39154   -0.38531   -0.37845   -0.37293
  -0.35017   -0.35015   -0.17197   -0.16840   -0.14988   -0.14378   -0.12763   -0.12297
  -0.09839   -0.08327   -0.06362   -0.04687   -0.04029   -0.02833   -0.02235   -0.01838
  -0.00810   -0.00535   -0.00357    0.00144    0.03995    0.04227    0.06280    0.06484
   0.08701    0.11191    0.18410    0.21645    0.22112    0.22901    0.23494    0.24708
   0.25633    0.27061    0.27682    0.27857    0.28337    0.28572
 kpt#  36, nband=102, wtk=  1.00000, kpt=  0.3611  0.3611  0.3611 (reduced coord)
  -1.68173   -1.68011   -1.67978   -1.67873   -1.67854   -1.67816   -1.67657   -1.67600
  -1.67559   -1.67521   -1.67493   -1.67447   -1.67407   -1.67369   -1.67367   -1.67298
  -1.67281   -1.66956   -1.66903   -1.66882   -1.65340   -1.65291   -1.65248   -1.65130
  -1.65001   -1.64970   -1.64915   -1.64913   -1.64879   -1.64841   -0.67549   -0.67509
  -0.67428   -0.67408   -0.67339   -0.67328   -0.67314   -0.67301   -0.67301   -0.67291
  -0.66836   -0.66826   -0.66723   -0.66702   -0.66660   -0.66643   -0.66634   -0.66628
  -0.66610   -0.66608   -0.66607   -0.66605   -0.66585   -0.66569   -0.66565   -0.66563
  -0.66547   -0.66547   -0.66496   -0.66473   -0.38679   -0.38172   -0.37659   -0.37304
  -0.34844   -0.34843   -0.16888   -0.16622   -0.14631   -0.14188   -0.12330   -0.12295
  -0.10276   -0.08759   -0.06786   -0.04442   -0.04150   -0.04147   -0.03914   -0.02234
  -0.02046   -0.01285   -0.01183   -0.00370    0.02717    0.03231    0.04595    0.05497
   0.08885    0.10829    0.19041    0.21483    0.24294    0.24618    0.25031    0.25220
   0.26638    0.27587    0.27925    0.28094    0.29197    0.30012
 kpt#  37, nband=102, wtk=  1.00000, kpt=  0.3889  0.3889  0.3889 (reduced coord)
  -1.68107   -1.68068   -1.67967   -1.67949   -1.67880   -1.67834   -1.67804   -1.67705
  -1.67622   -1.67577   -1.67569   -1.67485   -1.67480   -1.67428   -1.67388   -1.67388
  -1.67356   -1.67100   -1.66998   -1.66913   -1.65363   -1.65310   -1.65304   -1.65212
  -1.65047   -1.65028   -1.65026   -1.64989   -1.64966   -1.64914   -0.67560   -0.67526
  -0.67436   -0.67423   -0.67339   -0.67339   -0.67321   -0.67318   -0.67307   -0.67299
  -0.66869   -0.66827   -0.66738   -0.66712   -0.66668   -0.66650   -0.66634   -0.66630
  -0.66625   -0.66617   -0.66612   -0.66601   -0.66601   -0.66590   -0.66583   -0.66572
  -0.66564   -0.66558   -0.66500   -0.66484   -0.38250   -0.37861   -0.37513   -0.37324
  -0.34678   -0.34676   -0.16475   -0.16301   -0.14165   -0.13899   -0.12201   -0.11662
  -0.10641   -0.09121   -0.07141   -0.05609   -0.05573   -0.04789   -0.03808   -0.03471
  -0.02566   -0.02287   -0.01498   -0.00906    0.01248    0.02206    0.03622    0.04866
   0.09197    0.10540    0.19704    0.21360    0.24875    0.25675    0.25994    0.26084
   0.27460    0.27904    0.28122    0.28811    0.30106    0.31027
 kpt#  38, nband=102, wtk=  1.00000, kpt=  0.4167  0.4167  0.4167 (reduced coord)
  -1.68180   -1.68111   -1.68002   -1.67975   -1.67972   -1.67861   -1.67817   -1.67799
  -1.67648   -1.67621   -1.67594   -1.67592   -1.67526   -1.67497   -1.67438   -1.67367
  -1.67248   -1.67193   -1.66921   -1.66875   -1.65468   -1.65334   -1.65314   -1.65226
  -1.65149   -1.65086   -1.64988   -1.64960   -1.64926   -1.64836   -0.67572   -0.67547
  -0.67450   -0.67425   -0.67344   -0.67340   -0.67326   -0.67323   -0.67306   -0.67294
  -0.66881   -0.66855   -0.66742   -0.66729   -0.66675   -0.66662   -0.66643   -0.66634
  -0.66629   -0.66623   -0.66608   -0.66605   -0.66599   -0.66592   -0.66584   -0.66568
  -0.66554   -0.66552   -0.66498   -0.66481   -0.37889   -0.37611   -0.37405   -0.37345
  -0.34529   -0.34528   -0.15990   -0.15896   -0.13630   -0.13502   -0.11931   -0.10930
  -0.10929   -0.09406   -0.07422   -0.07043   -0.07028   -0.05217   -0.05063   -0.03392
  -0.03156   -0.02830   -0.01749   -0.01371   -0.00140    0.00727    0.03588    0.04449
   0.09519    0.10314    0.20340    0.21316    0.24603    0.25337    0.26782    0.26896
   0.27335    0.28736    0.29266    0.30174    0.30220    0.31888
 kpt#  39, nband=102, wtk=  1.00000, kpt=  0.4444  0.4444  0.4444 (reduced coord)
  -1.68130   -1.68049   -1.67966   -1.67949   -1.67883   -1.67851   -1.67791   -1.67692
  -1.67626   -1.67567   -1.67537   -1.67491   -1.67480   -1.67468   -1.67435   -1.67403
  -1.67241   -1.67152   -1.67063   -1.66804   -1.65385   -1.65323   -1.65251   -1.65197
  -1.65144   -1.65060   -1.64980   -1.64963   -1.64889   -1.64878   -0.67565   -0.67542
  -0.67440   -0.67414   -0.67349   -0.67339   -0.67327   -0.67312   -0.67298   -0.67291
  -0.66886   -0.66837   -0.66747   -0.66717   -0.66666   -0.66647   -0.66642   -0.66634
  -0.66622   -0.66616   -0.66615   -0.66606   -0.66592   -0.66582   -0.66576   -0.66573
  -0.66561   -0.66553   -0.66494   -0.66473   -0.37615   -0.37433   -0.37357   -0.37331
  -0.34410   -0.34409   -0.15496   -0.15459   -0.13067   -0.13020   -0.11593   -0.11138
  -0.10189   -0.09613   -0.08324   -0.08236   -0.07625   -0.06493   -0.05262   -0.04419
  -0.03022   -0.02948   -0.01931   -0.01682   -0.01210   -0.00630    0.03762    0.04178
   0.09788    0.10154    0.20884    0.21332    0.24393    0.24773    0.26955    0.27223
   0.27699    0.28886    0.29996    0.30212    0.31454    0.32046
 kpt#  40, nband=102, wtk=  1.00000, kpt=  0.4722  0.4722  0.4722 (reduced coord)
  -1.68192   -1.68099   -1.67998   -1.67877   -1.67804   -1.67730   -1.67715   -1.67676
  -1.67652   -1.67594   -1.67523   -1.67461   -1.67436   -1.67392   -1.67381   -1.67341
  -1.67216   -1.67179   -1.67097   -1.66743   -1.65347   -1.65274   -1.65234   -1.65229
  -1.65160   -1.65090   -1.64945   -1.64921   -1.64885   -1.64830   -0.67559   -0.67544
  -0.67423   -0.67411   -0.67355   -0.67352   -0.67326   -0.67298   -0.67296   -0.67275
  -0.66868   -0.66852   -0.66736   -0.66721   -0.66660   -0.66645   -0.66641   -0.66632
  -0.66626   -0.66615   -0.66614   -0.66601   -0.66590   -0.66584   -0.66579   -0.66573
  -0.66555   -0.66540   -0.66482   -0.66468   -0.37446   -0.37387   -0.37305   -0.37286
  -0.34333   -0.34333   -0.15099   -0.15091   -0.12550   -0.12537   -0.11348   -0.11265
  -0.09738   -0.09627   -0.09284   -0.09046   -0.07748   -0.07424   -0.05382   -0.05153
  -0.03138   -0.03045   -0.02041   -0.01894   -0.01724   -0.01575    0.03914    0.04022
   0.09964    0.10057    0.21254    0.21368    0.24268    0.24385    0.27079    0.27145
   0.28241    0.28598    0.30215    0.30226    0.32030    0.32135
 kpt#  41, nband=102, wtk=  1.00000, kpt=  0.5000  0.5000  0.5000 (reduced coord)
  -1.68246   -1.68246   -1.68235   -1.68235   -1.67720   -1.67720   -1.67677   -1.67677
  -1.67652   -1.67652   -1.67598   -1.67598   -1.67568   -1.67568   -1.67535   -1.67535
  -1.67407   -1.67407   -1.67320   -1.67320   -1.65366   -1.65366   -1.65354   -1.65354
  -1.65319   -1.65319   -1.65277   -1.65277   -1.64929   -1.64929   -0.67583   -0.67583
  -0.67401   -0.67401   -0.67375   -0.67375   -0.67368   -0.67368   -0.67310   -0.67310
  -0.66879   -0.66879   -0.66755   -0.66755   -0.66666   -0.66666   -0.66646   -0.66646
  -0.66631   -0.66631   -0.66624   -0.66624   -0.66622   -0.66622   -0.66602   -0.66602
  -0.66594   -0.66594   -0.66495   -0.66495   -0.37391   -0.37391   -0.37272   -0.37272
  -0.34308   -0.34308   -0.14941   -0.14941   -0.12297   -0.12297   -0.11307   -0.11307
  -0.09780   -0.09780   -0.09313   -0.09313   -0.07789   -0.07789   -0.05423   -0.05423
  -0.03177   -0.03177   -0.02078   -0.02078   -0.01817   -0.01817    0.03970    0.03970
   0.10024    0.10024    0.21385    0.21385    0.24221    0.24221    0.27109    0.27109
   0.28434    0.28434    0.30228    0.30228    0.32165    0.32165
 kpt#  42, nband=102, wtk=  1.00000, kpt=  0.4375  0.5000  0.5000 (reduced coord)
  -1.68101   -1.68101   -1.68086   -1.68086   -1.67792   -1.67792   -1.67763   -1.67763
  -1.67612   -1.67612   -1.67541   -1.67541   -1.67474   -1.67474   -1.67407   -1.67407
  -1.67174   -1.67174   -1.66803   -1.66803   -1.65384   -1.65384   -1.65230   -1.65230
  -1.65034   -1.65034   -1.64963   -1.64963   -1.64894   -1.64894   -0.67548   -0.67548
  -0.67421   -0.67421   -0.67351   -0.67351   -0.67316   -0.67316   -0.67296   -0.67296
  -0.66855   -0.66855   -0.66726   -0.66726   -0.66655   -0.66655   -0.66632   -0.66632
  -0.66621   -0.66621   -0.66607   -0.66607   -0.66600   -0.66600   -0.66568   -0.66568
  -0.66560   -0.66560   -0.66492   -0.66492   -0.37456   -0.37456   -0.37334   -0.37334
  -0.34373   -0.34373   -0.15316   -0.15316   -0.12854   -0.12854   -0.11412   -0.11412
  -0.09314   -0.09314   -0.09105   -0.09105   -0.07309   -0.07309   -0.05031   -0.05031
  -0.02971   -0.02971   -0.01783   -0.01783   -0.01400   -0.01400    0.03965    0.03965
   0.09990    0.09990    0.21199    0.21199    0.24468    0.24468    0.27046    0.27046
   0.28427    0.28427    0.30183    0.30183    0.31935    0.31935
 kpt#  43, nband=102, wtk=  1.00000, kpt=  0.3750  0.5000  0.5000 (reduced coord)
  -1.68066   -1.68066   -1.67971   -1.67971   -1.67946   -1.67946   -1.67823   -1.67823
  -1.67676   -1.67676   -1.67607   -1.67607   -1.67502   -1.67502   -1.67420   -1.67420
  -1.67199   -1.67199   -1.66936   -1.66936   -1.65401   -1.65401   -1.65286   -1.65286
  -1.65113   -1.65113   -1.64976   -1.64976   -1.64921   -1.64921   -0.67556   -0.67556
  -0.67442   -0.67442   -0.67338   -0.67338   -0.67321   -0.67321   -0.67306   -0.67306
  -0.66865   -0.66865   -0.66736   -0.66736   -0.66667   -0.66667   -0.66649   -0.66649
  -0.66623   -0.66623   -0.66605   -0.66605   -0.66588   -0.66588   -0.66580   -0.66580
  -0.66563   -0.66563   -0.66494   -0.66494   -0.37642   -0.37642   -0.37513   -0.37513
  -0.34559   -0.34559   -0.16166   -0.16166   -0.13849   -0.13849   -0.12075   -0.12075
  -0.08430   -0.08430   -0.08003   -0.08003   -0.06169   -0.06169   -0.03973   -0.03973
  -0.02752   -0.02752   -0.00938   -0.00938    0.00028    0.00028    0.03997    0.03997
   0.09911    0.09911    0.20697    0.20697    0.25064    0.25064    0.26594    0.26594
   0.28328    0.28328    0.29603    0.29603    0.30921    0.30921
 kpt#  44, nband=102, wtk=  1.00000, kpt=  0.3125  0.5000  0.5000 (reduced coord)
  -1.68193   -1.68193   -1.68105   -1.68105   -1.67903   -1.67903   -1.67840   -1.67840
  -1.67697   -1.67697   -1.67584   -1.67584   -1.67493   -1.67493   -1.67465   -1.67465
  -1.67334   -1.67334   -1.67080   -1.67080   -1.65478   -1.65478   -1.65241   -1.65241
  -1.65171   -1.65171   -1.65091   -1.65091   -1.65052   -1.65052   -0.67553   -0.67553
  -0.67450   -0.67450   -0.67354   -0.67354   -0.67332   -0.67332   -0.67310   -0.67310
  -0.66854   -0.66854   -0.66750   -0.66750   -0.66690   -0.66690   -0.66647   -0.66647
  -0.66630   -0.66630   -0.66613   -0.66613   -0.66603   -0.66603   -0.66598   -0.66598
  -0.66573   -0.66573   -0.66497   -0.66497   -0.37914   -0.37914   -0.37771   -0.37771
  -0.34828   -0.34828   -0.17122   -0.17122   -0.14854   -0.14854   -0.12985   -0.12985
  -0.07040   -0.07040   -0.06510   -0.06510   -0.04613   -0.04613   -0.02969   -0.02969
  -0.02238   -0.02238    0.00480    0.00480    0.02091    0.02091    0.04265    0.04265
   0.09858    0.09858    0.20007    0.20007    0.25484    0.25484    0.25612    0.25612
   0.27132    0.27132    0.27827    0.27827    0.29314    0.29314
 kpt#  45, nband=102, wtk=  1.00000, kpt=  0.2500  0.5000  0.5000 (reduced coord)
  -1.68055   -1.68055   -1.67922   -1.67922   -1.67676   -1.67676   -1.67605   -1.67605
  -1.67543   -1.67543   -1.67502   -1.67502   -1.67473   -1.67473   -1.67453   -1.67453
  -1.67213   -1.67213   -1.67066   -1.67066   -1.65271   -1.65271   -1.65218   -1.65218
  -1.65035   -1.65035   -1.65012   -1.65012   -1.64992   -1.64992   -0.67520   -0.67520
  -0.67419   -0.67419   -0.67334   -0.67334   -0.67319   -0.67319   -0.67310   -0.67310
  -0.66807   -0.66807   -0.66729   -0.66729   -0.66660   -0.66660   -0.66634   -0.66634
  -0.66622   -0.66622   -0.66591   -0.66591   -0.66579   -0.66579   -0.66573   -0.66573
  -0.66557   -0.66557   -0.66508   -0.66508   -0.38220   -0.38220   -0.38063   -0.38063
  -0.35131   -0.35131   -0.18004   -0.18004   -0.15748   -0.15748   -0.13857   -0.13857
  -0.05242   -0.05242   -0.04891   -0.04891   -0.03024   -0.03024   -0.02521   -0.02521
  -0.00706   -0.00706    0.01911    0.01911    0.04537    0.04537    0.05227    0.05227
   0.09963    0.09963    0.19196    0.19196    0.23155    0.23155    0.23897    0.23897
   0.24782    0.24782    0.26790    0.26790    0.28234    0.28234
 kpt#  46, nband=102, wtk=  1.00000, kpt=  0.1875  0.5000  0.5000 (reduced coord)
  -1.68144   -1.68144   -1.67951   -1.67951   -1.67802   -1.67802   -1.67649   -1.67649
  -1.67610   -1.67610   -1.67562   -1.67562   -1.67504   -1.67504   -1.67447   -1.67447
  -1.67256   -1.67256   -1.66964   -1.66964   -1.65352   -1.65352   -1.65215   -1.65215
  -1.65102   -1.65102   -1.65022   -1.65022   -1.64964   -1.64964   -0.67506   -0.67506
  -0.67421   -0.67421   -0.67354   -0.67354   -0.67336   -0.67336   -0.67301   -0.67301
  -0.66783   -0.66783   -0.66732   -0.66732   -0.66678   -0.66678   -0.66653   -0.66653
  -0.66618   -0.66618   -0.66605   -0.66605   -0.66592   -0.66592   -0.66559   -0.66559
  -0.66553   -0.66553   -0.66528   -0.66528   -0.38514   -0.38514   -0.38345   -0.38345
  -0.35423   -0.35423   -0.18731   -0.18731   -0.16477   -0.16477   -0.14585   -0.14585
  -0.04004   -0.04004   -0.03156   -0.03156   -0.01859   -0.01859   -0.00552   -0.00552
   0.00489    0.00489    0.03170    0.03170    0.07099    0.07099    0.07199    0.07199
   0.10441    0.10441    0.18098    0.18098    0.20052    0.20052    0.21024    0.21024
   0.22074    0.22074    0.25120    0.25120    0.26997    0.26997
 kpt#  47, nband=102, wtk=  1.00000, kpt=  0.1250  0.5000  0.5000 (reduced coord)
  -1.68039   -1.68039   -1.68010   -1.68010   -1.67888   -1.67888   -1.67745   -1.67745
  -1.67709   -1.67709   -1.67659   -1.67659   -1.67614   -1.67614   -1.67582   -1.67582
  -1.67330   -1.67330   -1.66862   -1.66862   -1.65502   -1.65502   -1.65200   -1.65200
  -1.65143   -1.65143   -1.65060   -1.65060   -1.64943   -1.64943   -0.67513   -0.67513
  -0.67420   -0.67420   -0.67371   -0.67371   -0.67341   -0.67341   -0.67301   -0.67301
  -0.66762   -0.66762   -0.66759   -0.66759   -0.66703   -0.66703   -0.66676   -0.66676
  -0.66603   -0.66603   -0.66602   -0.66602   -0.66595   -0.66595   -0.66582   -0.66582
  -0.66551   -0.66551   -0.66525   -0.66525   -0.38755   -0.38755   -0.38575   -0.38575
  -0.35661   -0.35661   -0.19267   -0.19267   -0.17012   -0.17012   -0.15125   -0.15125
  -0.03952   -0.03952   -0.01051   -0.01051    0.00193    0.00193    0.00885    0.00885
   0.01910    0.01910    0.04339    0.04339    0.09307    0.09307    0.09785    0.09785
   0.11570    0.11570    0.16178    0.16178    0.17369    0.17369    0.18532    0.18532
   0.19820    0.19820    0.22941    0.22941    0.24290    0.24290
 kpt#  48, nband=102, wtk=  1.00000, kpt=  0.0625  0.5000  0.5000 (reduced coord)
  -1.68121   -1.68121   -1.68012   -1.68012   -1.67854   -1.67854   -1.67705   -1.67705
  -1.67610   -1.67610   -1.67594   -1.67594   -1.67520   -1.67520   -1.67355   -1.67355
  -1.67185   -1.67185   -1.66924   -1.66924   -1.65442   -1.65442   -1.65217   -1.65217
  -1.65121   -1.65121   -1.65005   -1.65005   -1.64846   -1.64846   -0.67510   -0.67510
  -0.67406   -0.67406   -0.67364   -0.67364   -0.67339   -0.67339   -0.67278   -0.67278
  -0.66767   -0.66767   -0.66741   -0.66741   -0.66682   -0.66682   -0.66672   -0.66672
  -0.66614   -0.66614   -0.66599   -0.66599   -0.66585   -0.66585   -0.66542   -0.66542
  -0.66538   -0.66538   -0.66532   -0.66532   -0.38911   -0.38911   -0.38726   -0.38726
  -0.35817   -0.35817   -0.19594   -0.19594   -0.17338   -0.17338   -0.15454   -0.15454
  -0.04013   -0.04013    0.00184    0.00184    0.01938    0.01938    0.02277    0.02277
   0.03677    0.03677    0.05190    0.05190    0.10385    0.10385    0.11667    0.11667
   0.13166    0.13166    0.14339    0.14339    0.16237    0.16237    0.17162    0.17162
   0.18530    0.18530    0.20649    0.20649    0.21430    0.21430
 kpt#  49, nband=102, wtk=  1.00000, kpt=  0.0000  0.5000  0.5000 (reduced coord)
  -1.68198   -1.68198   -1.67939   -1.67939   -1.67755   -1.67755   -1.67703   -1.67703
  -1.67615   -1.67615   -1.67459   -1.67459   -1.67317   -1.67317   -1.67225   -1.67225
  -1.67096   -1.67096   -1.66726   -1.66726   -1.65424   -1.65424   -1.65029   -1.65029
  -1.65019   -1.65019   -1.64866   -1.64866   -1.64797   -1.64797   -0.67484   -0.67484
  -0.67401   -0.67401   -0.67363   -0.67363   -0.67302   -0.67302   -0.67273   -0.67273
  -0.66735   -0.66735   -0.66713   -0.66713   -0.66697   -0.66697   -0.66669   -0.66669
  -0.66598   -0.66598   -0.66575   -0.66575   -0.66558   -0.66558   -0.66537   -0.66537
  -0.66536   -0.66536   -0.66510   -0.66510   -0.38965   -0.38965   -0.38778   -0.38778
  -0.35870   -0.35870   -0.19704   -0.19704   -0.17447   -0.17447   -0.15564   -0.15564
  -0.04041   -0.04041    0.00390    0.00390    0.02792    0.02792    0.03347    0.03347
   0.04187    0.04187    0.05709    0.05709    0.10075    0.10075    0.11745    0.11745
   0.13476    0.13476    0.14799    0.14799    0.16675    0.16675    0.17347    0.17347
   0.18445    0.18445    0.19106    0.19106    0.20133    0.20139
 kpt#  50, nband=102, wtk=  1.00000, kpt=  0.0000  0.5000  0.4375 (reduced coord)
  -1.68285   -1.68285   -1.68067   -1.68067   -1.67858   -1.67858   -1.67760   -1.67760
  -1.67642   -1.67642   -1.67598   -1.67598   -1.67491   -1.67491   -1.67308   -1.67308
  -1.67231   -1.67231   -1.66797   -1.66797   -1.65482   -1.65482   -1.65110   -1.65110
  -1.65100   -1.65100   -1.64964   -1.64964   -1.64943   -1.64943   -0.67495   -0.67495
  -0.67414   -0.67414   -0.67370   -0.67370   -0.67331   -0.67331   -0.67290   -0.67290
  -0.66744   -0.66744   -0.66726   -0.66726   -0.66710   -0.66710   -0.66680   -0.66680
  -0.66613   -0.66613   -0.66600   -0.66600   -0.66581   -0.66581   -0.66558   -0.66558
  -0.66548   -0.66548   -0.66522   -0.66522   -0.38965   -0.38965   -0.38778   -0.38778
  -0.35870   -0.35870   -0.19704   -0.19704   -0.17447   -0.17447   -0.15565   -0.15565
  -0.04042   -0.04042    0.00390    0.00390    0.02791    0.02791    0.03347    0.03347
   0.04187    0.04187    0.05709    0.05709    0.10075    0.10075    0.11743    0.11743
   0.13475    0.13475    0.14798    0.14798    0.16672    0.16672    0.17347    0.17347
   0.18444    0.18444    0.19102    0.19102    0.20142    0.20165
 kpt#  51, nband=102, wtk=  1.00000, kpt=  0.0000  0.5000  0.3750 (reduced coord)
  -1.68284   -1.68284   -1.68058   -1.68058   -1.67857   -1.67857   -1.67743   -1.67743
  -1.67638   -1.67638   -1.67564   -1.67564   -1.67420   -1.67420   -1.67292   -1.67292
  -1.67229   -1.67229   -1.66796   -1.66796   -1.65480   -1.65480   -1.65110   -1.65110
  -1.65083   -1.65083   -1.64961   -1.64961   -1.64895   -1.64895   -0.67490   -0.67490
  -0.67414   -0.67414   -0.67370   -0.67370   -0.67325   -0.67325   -0.67289   -0.67289
  -0.66733   -0.66733   -0.66726   -0.66726   -0.66709   -0.66709   -0.66680   -0.66680
  -0.66613   -0.66613   -0.66592   -0.66592   -0.66580   -0.66580   -0.66558   -0.66558
  -0.66548   -0.66548   -0.66521   -0.66521   -0.38965   -0.38965   -0.38778   -0.38778
  -0.35870   -0.35870   -0.19704   -0.19704   -0.17447   -0.17447   -0.15565   -0.15565
  -0.04042   -0.04042    0.00390    0.00390    0.02791    0.02791    0.03347    0.03347
   0.04187    0.04187    0.05709    0.05709    0.10076    0.10076    0.11743    0.11743
   0.13476    0.13476    0.14798    0.14798    0.16672    0.16672    0.17347    0.17347
   0.18444    0.18444    0.19102    0.19102    0.20135    0.20189
 kpt#  52, nband=102, wtk=  1.00000, kpt=  0.0000  0.5000  0.3125 (reduced coord)
  -1.68337   -1.68337   -1.68047   -1.68047   -1.67832   -1.67832   -1.67803   -1.67803
  -1.67726   -1.67726   -1.67574   -1.67574   -1.67470   -1.67470   -1.67371   -1.67371
  -1.67258   -1.67258   -1.66933   -1.66933   -1.65505   -1.65505   -1.65195   -1.65195
  -1.65118   -1.65118   -1.65019   -1.65019   -1.64998   -1.64998   -0.67492   -0.67492
  -0.67422   -0.67422   -0.67381   -0.67381   -0.67335   -0.67335   -0.67299   -0.67299
  -0.66737   -0.66737   -0.66734   -0.66734   -0.66713   -0.66713   -0.66687   -0.66687
  -0.66613   -0.66613   -0.66609   -0.66609   -0.66585   -0.66585   -0.66564   -0.66564
  -0.66558   -0.66558   -0.66541   -0.66541   -0.38965   -0.38965   -0.38778   -0.38778
  -0.35870   -0.35870   -0.19704   -0.19704   -0.17447   -0.17447   -0.15565   -0.15565
  -0.04042   -0.04042    0.00390    0.00390    0.02791    0.02791    0.03345    0.03345
   0.04187    0.04187    0.05708    0.05708    0.10075    0.10075    0.11743    0.11743
   0.13474    0.13474    0.14796    0.14796    0.16672    0.16672    0.17342    0.17342
   0.18444    0.18444    0.19100    0.19100    0.20138    0.20171
 kpt#  53, nband=102, wtk=  1.00000, kpt=  0.0000  0.5000  0.2500 (reduced coord)
  -1.68177   -1.68177   -1.67958   -1.67958   -1.67770   -1.67770   -1.67680   -1.67680
  -1.67678   -1.67678   -1.67483   -1.67483   -1.67399   -1.67399   -1.67215   -1.67215
  -1.67211   -1.67211   -1.66874   -1.66874   -1.65425   -1.65425   -1.65104   -1.65104
  -1.65001   -1.65001   -1.64952   -1.64952   -1.64908   -1.64908   -0.67479   -0.67479
  -0.67398   -0.67398   -0.67369   -0.67369   -0.67321   -0.67321   -0.67292   -0.67292
  -0.66727   -0.66727   -0.66713   -0.66713   -0.66690   -0.66690   -0.66675   -0.66675
  -0.66603   -0.66603   -0.66591   -0.66591   -0.66569   -0.66569   -0.66557   -0.66557
  -0.66539   -0.66539   -0.66534   -0.66534   -0.38965   -0.38965   -0.38778   -0.38778
  -0.35870   -0.35870   -0.19704   -0.19704   -0.17447   -0.17447   -0.15565   -0.15565
  -0.04042   -0.04042    0.00391    0.00391    0.02792    0.02792    0.03346    0.03346
   0.04187    0.04187    0.05709    0.05709    0.10080    0.10080    0.11743    0.11743
   0.13475    0.13475    0.14796    0.14796    0.16673    0.16673    0.17344    0.17344
   0.18444    0.18444    0.19101    0.19101    0.20144    0.20159
 kpt#  54, nband=102, wtk=  1.00000, kpt=  0.0000  0.5000  0.1875 (reduced coord)
  -1.68185   -1.68185   -1.67984   -1.67984   -1.67846   -1.67846   -1.67774   -1.67774
  -1.67706   -1.67706   -1.67612   -1.67612   -1.67330   -1.67330   -1.67284   -1.67284
  -1.67263   -1.67263   -1.66955   -1.66955   -1.65431   -1.65431   -1.65137   -1.65137
  -1.65082   -1.65082   -1.65029   -1.65029   -1.64985   -1.64985   -0.67489   -0.67489
  -0.67404   -0.67404   -0.67377   -0.67377   -0.67330   -0.67330   -0.67302   -0.67302
  -0.66731   -0.66731   -0.66720   -0.66720   -0.66705   -0.66705   -0.66681   -0.66681
  -0.66615   -0.66615   -0.66595   -0.66595   -0.66577   -0.66577   -0.66566   -0.66566
  -0.66547   -0.66547   -0.66546   -0.66546   -0.38965   -0.38965   -0.38778   -0.38778
  -0.35870   -0.35870   -0.19704   -0.19704   -0.17447   -0.17447   -0.15565   -0.15565
  -0.04042   -0.04042    0.00391    0.00391    0.02792    0.02792    0.03345    0.03345
   0.04188    0.04188    0.05708    0.05708    0.10079    0.10079    0.11743    0.11743
   0.13474    0.13474    0.14794    0.14794    0.16673    0.16673    0.17342    0.17342
   0.18443    0.18443    0.19100    0.19100    0.20154    0.20196
 kpt#  55, nband=102, wtk=  1.00000, kpt=  0.0000  0.5000  0.1250 (reduced coord)
  -1.68019   -1.68019   -1.67953   -1.67953   -1.67840   -1.67840   -1.67750   -1.67750
  -1.67611   -1.67611   -1.67598   -1.67598   -1.67367   -1.67367   -1.67263   -1.67263
  -1.67242   -1.67242   -1.66804   -1.66804   -1.65389   -1.65389   -1.65115   -1.65115
  -1.65093   -1.65093   -1.64974   -1.64974   -1.64813   -1.64813   -0.67484   -0.67484
  -0.67399   -0.67399   -0.67372   -0.67372   -0.67334   -0.67334   -0.67271   -0.67271
  -0.66740   -0.66740   -0.66717   -0.66717   -0.66687   -0.66687   -0.66676   -0.66676
  -0.66620   -0.66620   -0.66585   -0.66585   -0.66575   -0.66575   -0.66546   -0.66546
  -0.66542   -0.66542   -0.66513   -0.66513   -0.38965   -0.38965   -0.38778   -0.38778
  -0.35870   -0.35870   -0.19704   -0.19704   -0.17447   -0.17447   -0.15566   -0.15566
  -0.04042   -0.04042    0.00391    0.00391    0.02792    0.02792    0.03346    0.03346
   0.04187    0.04187    0.05709    0.05709    0.10079    0.10079    0.11744    0.11744
   0.13475    0.13475    0.14793    0.14793    0.16673    0.16673    0.17345    0.17345
   0.18443    0.18443    0.19101    0.19101    0.20154    0.20164
 kpt#  56, nband=102, wtk=  1.00000, kpt=  0.0000  0.5000  0.0625 (reduced coord)
  -1.68018   -1.68018   -1.67959   -1.67959   -1.67822   -1.67822   -1.67700   -1.67700
  -1.67666   -1.67666   -1.67615   -1.67615   -1.67349   -1.67349   -1.67324   -1.67324
  -1.67228   -1.67228   -1.66855   -1.66855   -1.65364   -1.65364   -1.65137   -1.65137
  -1.65095   -1.65095   -1.64956   -1.64956   -1.64879   -1.64879   -0.67483   -0.67483
  -0.67400   -0.67400   -0.67364   -0.67364   -0.67336   -0.67336   -0.67283   -0.67283
  -0.66733   -0.66733   -0.66718   -0.66718   -0.66689   -0.66689   -0.66671   -0.66671
  -0.66613   -0.66613   -0.66587   -0.66587   -0.66579   -0.66579   -0.66553   -0.66553
  -0.66543   -0.66543   -0.66525   -0.66525   -0.38965   -0.38965   -0.38778   -0.38778
  -0.35870   -0.35870   -0.19704   -0.19704   -0.17447   -0.17447   -0.15565   -0.15565
  -0.04041   -0.04041    0.00391    0.00391    0.02792    0.02792    0.03346    0.03346
   0.04186    0.04186    0.05708    0.05708    0.10079    0.10079    0.11745    0.11745
   0.13476    0.13476    0.14793    0.14793    0.16673    0.16673    0.17344    0.17344
   0.18443    0.18443    0.19100    0.19100    0.20155    0.20172
 kpt#  57, nband=102, wtk=  1.00000, kpt=  0.0000  0.5000  0.0000 (reduced coord)
  -1.67979   -1.67979   -1.67928   -1.67928   -1.67805   -1.67805   -1.67706   -1.67706
  -1.67701   -1.67701   -1.67609   -1.67609   -1.67409   -1.67409   -1.67330   -1.67330
  -1.67207   -1.67207   -1.66907   -1.66907   -1.65370   -1.65370   -1.65187   -1.65187
  -1.65110   -1.65110   -1.64943   -1.64943   -1.64886   -1.64886   -0.67479   -0.67479
  -0.67407   -0.67407   -0.67368   -0.67368   -0.67336   -0.67336   -0.67282   -0.67282
  -0.66726   -0.66726   -0.66725   -0.66725   -0.66690   -0.66690   -0.66672   -0.66672
  -0.66612   -0.66612   -0.66588   -0.66588   -0.66587   -0.66587   -0.66550   -0.66550
  -0.66542   -0.66542   -0.66533   -0.66533   -0.38965   -0.38965   -0.38778   -0.38778
  -0.35870   -0.35870   -0.19704   -0.19704   -0.17447   -0.17447   -0.15565   -0.15565
  -0.04041   -0.04041    0.00391    0.00391    0.02791    0.02791    0.03345    0.03345
   0.04187    0.04187    0.05708    0.05708    0.10080    0.10080    0.11744    0.11744
   0.13476    0.13476    0.14793    0.14793    0.16672    0.16672    0.17342    0.17342
   0.18443    0.18443    0.19099    0.19099    0.20155    0.20185
