 Eigenvalues (hartree) for nkpt=  42  k points:
 kpt#   1, nband=102, wtk=  0.01389, kpt=  0.0417  0.0417  0.1250 (reduced coord)
  -1.68333   -1.68315   -1.68205   -1.68123   -1.68046   -1.67950   -1.67894   -1.67852
  -1.67821   -1.67766   -1.67593   -1.67461   -1.67418   -1.67399   -1.67286   -1.67280
  -1.67207   -1.67145   -1.66758   -1.66694   -1.65473   -1.65412   -1.65394   -1.65262
  -1.65131   -1.65020   -1.64885   -1.64859   -1.64828   -1.64794   -0.67640   -0.67476
  -0.67459   -0.67435   -0.67382   -0.67372   -0.67336   -0.67317   -0.67258   -0.67248
  -0.66869   -0.66832   -0.66755   -0.66737   -0.66733   -0.66731   -0.66692   -0.66628
  -0.66616   -0.66598   -0.66595   -0.66593   -0.66586   -0.66572   -0.66569   -0.66550
  -0.66523   -0.66516   -0.66497   -0.66480   -0.43017   -0.41810   -0.40169   -0.38113
  -0.36163   -0.35749   -0.14308   -0.14128   -0.11747   -0.11235   -0.08025   -0.07983
  -0.04988   -0.03968   -0.03558   -0.02559   -0.02002   -0.01808   -0.00768   -0.00005
   0.01295    0.01886    0.03128    0.03159    0.03715    0.03866    0.04718    0.04752
   0.09477    0.10456    0.19384    0.20836    0.22598    0.24133    0.25790    0.26152
   0.27129    0.27315    0.27845    0.27929    0.28748    0.28883
 kpt#   2, nband=102, wtk=  0.02778, kpt=  0.1250  0.0417  0.1250 (reduced coord)
  -1.68329   -1.68263   -1.68132   -1.68065   -1.67978   -1.67846   -1.67834   -1.67814
  -1.67758   -1.67711   -1.67669   -1.67653   -1.67534   -1.67526   -1.67455   -1.67405
  -1.67340   -1.67249   -1.66986   -1.66759   -1.65498   -1.65466   -1.65396   -1.65385
  -1.65261   -1.65090   -1.64979   -1.64964   -1.64922   -1.64843   -0.67624   -0.67472
  -0.67438   -0.67414   -0.67408   -0.67393   -0.67341   -0.67335   -0.67287   -0.67264
  -0.66851   -0.66831   -0.66741   -0.66738   -0.66728   -0.66718   -0.66703   -0.66656
  -0.66627   -0.66622   -0.66604   -0.66601   -0.66592   -0.66584   -0.66572   -0.66566
  -0.66556   -0.66535   -0.66524   -0.66503   -0.42728   -0.41551   -0.39959   -0.37985
  -0.36081   -0.35743   -0.15176   -0.14884   -0.12595   -0.12503   -0.09307   -0.08394
  -0.06657   -0.04103   -0.03377   -0.02539   -0.00777   -0.00666   -0.00279    0.01271
   0.01287    0.02456    0.02829    0.03310    0.03784    0.04651    0.06287    0.06642
   0.09518    0.11007    0.18733    0.21008    0.23644    0.23837    0.24347    0.25004
   0.25405    0.26371    0.26731    0.27126    0.27256    0.27507
 kpt#   3, nband=102, wtk=  0.02778, kpt=  0.2083  0.0417  0.1250 (reduced coord)
  -1.68238   -1.68128   -1.68047   -1.67902   -1.67894   -1.67776   -1.67746   -1.67706
  -1.67642   -1.67619   -1.67594   -1.67506   -1.67420   -1.67367   -1.67304   -1.67278
  -1.67136   -1.66996   -1.66982   -1.66820   -1.65434   -1.65306   -1.65252   -1.65200
  -1.65079   -1.65030   -1.64996   -1.64906   -1.64842   -1.64758   -0.67592   -0.67460
  -0.67402   -0.67388   -0.67378   -0.67342   -0.67336   -0.67328   -0.67291   -0.67270
  -0.66825   -0.66807   -0.66715   -0.66703   -0.66701   -0.66690   -0.66669   -0.66645
  -0.66613   -0.66598   -0.66591   -0.66585   -0.66571   -0.66563   -0.66560   -0.66548
  -0.66542   -0.66529   -0.66518   -0.66513   -0.42168   -0.41058   -0.39577   -0.37795
  -0.35955   -0.35755   -0.16573   -0.16200   -0.14208   -0.14082   -0.11250   -0.09324
  -0.08018   -0.03809   -0.02728   -0.01889   -0.00111    0.00481    0.01430    0.01830
   0.01905    0.02705    0.03680    0.03823    0.04262    0.05957    0.08193    0.08830
   0.09850    0.11925    0.17633    0.20585    0.20876    0.21763    0.21886    0.23413
   0.24054    0.24673    0.24883    0.25572    0.25761    0.26999
 kpt#   4, nband=102, wtk=  0.02778, kpt=  0.2917  0.0417  0.1250 (reduced coord)
  -1.68203   -1.68094   -1.67964   -1.67892   -1.67812   -1.67667   -1.67633   -1.67565
  -1.67547   -1.67492   -1.67302   -1.67273   -1.67241   -1.67148   -1.67106   -1.67068
  -1.67059   -1.66984   -1.66734   -1.66677   -1.65303   -1.65148   -1.65077   -1.65028
  -1.64983   -1.64881   -1.64867   -1.64813   -1.64781   -1.64621   -0.67550   -0.67448
  -0.67386   -0.67349   -0.67336   -0.67333   -0.67314   -0.67297   -0.67283   -0.67255
  -0.66793   -0.66762   -0.66690   -0.66684   -0.66676   -0.66672   -0.66634   -0.66618
  -0.66603   -0.66599   -0.66590   -0.66574   -0.66555   -0.66538   -0.66534   -0.66530
  -0.66511   -0.66502   -0.66493   -0.66476   -0.41376   -0.40387   -0.39110   -0.37692
  -0.35856   -0.35798   -0.18027   -0.17606   -0.15740   -0.15683   -0.13297   -0.11564
  -0.07444   -0.03047   -0.01571   -0.00771    0.00113    0.00948    0.01618    0.02634
   0.03720    0.03765    0.04408    0.04558    0.04785    0.07612    0.09977    0.10325
   0.11290    0.12813    0.16758    0.17696    0.18138    0.19142    0.20279    0.21132
   0.21832    0.22323    0.22658    0.22733    0.23777    0.24284
 kpt#   5, nband=102, wtk=  0.02778, kpt=  0.3750  0.0417  0.1250 (reduced coord)
  -1.68141   -1.68099   -1.67978   -1.67943   -1.67864   -1.67767   -1.67701   -1.67655
  -1.67614   -1.67550   -1.67532   -1.67483   -1.67433   -1.67359   -1.67274   -1.67229
  -1.67203   -1.67162   -1.66861   -1.66816   -1.65348   -1.65287   -1.65200   -1.65113
  -1.65051   -1.65030   -1.64986   -1.64923   -1.64879   -1.64829   -0.67530   -0.67452
  -0.67407   -0.67375   -0.67366   -0.67349   -0.67343   -0.67313   -0.67308   -0.67268
  -0.66768   -0.66758   -0.66712   -0.66701   -0.66691   -0.66678   -0.66664   -0.66646
  -0.66628   -0.66606   -0.66593   -0.66579   -0.66577   -0.66563   -0.66559   -0.66548
  -0.66547   -0.66536   -0.66517   -0.66509   -0.40423   -0.39639   -0.38720   -0.37897
  -0.35833   -0.35831   -0.19144   -0.18747   -0.17016   -0.16614   -0.14986   -0.13589
  -0.06304   -0.01889   -0.01486   -0.00059    0.00666    0.02187    0.02285    0.03069
   0.03546    0.04398    0.05078    0.05240    0.06728    0.09517    0.11159    0.11706
   0.12493    0.13466    0.15275    0.16327    0.16383    0.17365    0.17996    0.18924
   0.19690    0.20043    0.20135    0.21020    0.21545    0.23209
 kpt#   6, nband=102, wtk=  0.02778, kpt=  0.4583  0.0417  0.1250 (reduced coord)
  -1.68148   -1.68128   -1.67972   -1.67918   -1.67861   -1.67841   -1.67704   -1.67680
  -1.67657   -1.67625   -1.67575   -1.67549   -1.67414   -1.67354   -1.67316   -1.67284
  -1.67185   -1.67166   -1.66878   -1.66826   -1.65409   -1.65363   -1.65187   -1.65157
  -1.65085   -1.65028   -1.64987   -1.64925   -1.64889   -1.64834   -0.67511   -0.67473
  -0.67417   -0.67390   -0.67364   -0.67359   -0.67332   -0.67327   -0.67288   -0.67275
  -0.66755   -0.66744   -0.66725   -0.66715   -0.66696   -0.66687   -0.66669   -0.66668
  -0.66613   -0.66608   -0.66590   -0.66584   -0.66577   -0.66568   -0.66559   -0.66552
  -0.66540   -0.66535   -0.66531   -0.66518   -0.39416   -0.38982   -0.38633   -0.38512
  -0.35845   -0.35843   -0.19660   -0.19485   -0.17483   -0.17177   -0.15690   -0.15069
  -0.04839   -0.03188   -0.00454    0.01073    0.01593    0.02195    0.03007    0.03046
   0.03852    0.04108    0.05302    0.05520    0.09130    0.11176    0.11541    0.11743
   0.13262    0.13795    0.13848    0.15119    0.15809    0.16637    0.17255    0.17962
   0.18154    0.18644    0.19732    0.19981    0.20196    0.21236
 kpt#   7, nband=102, wtk=  0.01389, kpt=  0.1250  0.1250  0.1250 (reduced coord)
  -1.68139   -1.68109   -1.67983   -1.67956   -1.67931   -1.67843   -1.67779   -1.67753
  -1.67704   -1.67648   -1.67608   -1.67493   -1.67465   -1.67431   -1.67407   -1.67383
  -1.67276   -1.67224   -1.66973   -1.66853   -1.65433   -1.65416   -1.65377   -1.65288
  -1.65226   -1.65050   -1.64978   -1.64914   -1.64843   -1.64818   -0.67601   -0.67471
  -0.67416   -0.67395   -0.67392   -0.67389   -0.67329   -0.67322   -0.67285   -0.67265
  -0.66835   -0.66813   -0.66725   -0.66719   -0.66711   -0.66710   -0.66690   -0.66667
  -0.66603   -0.66593   -0.66592   -0.66586   -0.66586   -0.66576   -0.66567   -0.66565
  -0.66544   -0.66535   -0.66529   -0.66513   -0.42441   -0.41295   -0.39752   -0.37862
  -0.35991   -0.35719   -0.15704   -0.15350   -0.13169   -0.13100   -0.10083   -0.08485
  -0.07452   -0.05280   -0.03840   -0.03204   -0.01996    0.00154    0.00838    0.02078
   0.02088    0.02238    0.02796    0.03049    0.04110    0.05764    0.08226    0.08586
   0.10060    0.11764    0.18162    0.20827    0.21115    0.21696    0.21964    0.23837
   0.25068    0.25718    0.26106    0.26999    0.27036    0.27425
 kpt#   8, nband=102, wtk=  0.02778, kpt=  0.2083  0.1250  0.1250 (reduced coord)
  -1.68151   -1.68043   -1.67917   -1.67853   -1.67795   -1.67752   -1.67675   -1.67620
  -1.67567   -1.67495   -1.67465   -1.67420   -1.67352   -1.67342   -1.67285   -1.67212
  -1.67148   -1.66985   -1.66868   -1.66707   -1.65344   -1.65222   -1.65196   -1.65121
  -1.65083   -1.64997   -1.64898   -1.64838   -1.64807   -1.64659   -0.67577   -0.67453
  -0.67390   -0.67371   -0.67362   -0.67330   -0.67318   -0.67308   -0.67284   -0.67271
  -0.66815   -0.66792   -0.66701   -0.66695   -0.66683   -0.66674   -0.66649   -0.66637
  -0.66599   -0.66589   -0.66581   -0.66576   -0.66563   -0.66556   -0.66544   -0.66537
  -0.66532   -0.66522   -0.66514   -0.66503   -0.41887   -0.40808   -0.39377   -0.37679
  -0.35852   -0.35694   -0.16688   -0.16272   -0.14269   -0.14202   -0.11510   -0.09624
  -0.07737   -0.05624   -0.04160   -0.02911   -0.02152   -0.00212    0.01143    0.01913
   0.01969    0.02567    0.04293    0.04431    0.04849    0.07607    0.09955    0.10105
   0.10944    0.12996    0.17075    0.18004    0.18968    0.19447    0.20478    0.21625
   0.22657    0.23893    0.25113    0.26645    0.26794    0.27123
 kpt#   9, nband=102, wtk=  0.02778, kpt=  0.2917  0.1250  0.1250 (reduced coord)
  -1.68144   -1.68015   -1.67964   -1.67918   -1.67821   -1.67754   -1.67682   -1.67650
  -1.67612   -1.67556   -1.67452   -1.67393   -1.67336   -1.67229   -1.67189   -1.67174
  -1.67110   -1.67073   -1.66874   -1.66845   -1.65263   -1.65252   -1.65116   -1.65059
  -1.65030   -1.65009   -1.64933   -1.64906   -1.64890   -1.64775   -0.67552   -0.67443
  -0.67402   -0.67368   -0.67343   -0.67325   -0.67316   -0.67311   -0.67310   -0.67295
  -0.66795   -0.66770   -0.66700   -0.66693   -0.66675   -0.66665   -0.66637   -0.66630
  -0.66612   -0.66593   -0.66590   -0.66585   -0.66573   -0.66570   -0.66557   -0.66547
  -0.66545   -0.66538   -0.66507   -0.66492   -0.41109   -0.40150   -0.38921   -0.37582
  -0.35729   -0.35686   -0.17853   -0.17406   -0.15606   -0.15384   -0.13208   -0.11539
  -0.07145   -0.05014   -0.03531   -0.02433   -0.01300   -0.00071    0.00174    0.02297
   0.02604    0.02880    0.03822    0.04828    0.07232    0.09529    0.09956    0.10610
   0.11480    0.13867    0.15985    0.16177    0.18090    0.18380    0.18463    0.19444
   0.20648    0.22231    0.23694    0.24997    0.25499    0.26952
 kpt#  10, nband=102, wtk=  0.02778, kpt=  0.3750  0.1250  0.1250 (reduced coord)
  -1.68080   -1.68022   -1.67988   -1.67935   -1.67900   -1.67840   -1.67737   -1.67677
  -1.67653   -1.67590   -1.67558   -1.67514   -1.67402   -1.67323   -1.67318   -1.67230
  -1.67193   -1.67133   -1.66934   -1.66795   -1.65304   -1.65284   -1.65161   -1.65072
  -1.65050   -1.65037   -1.65032   -1.64949   -1.64913   -1.64864   -0.67532   -0.67466
  -0.67412   -0.67398   -0.67343   -0.67341   -0.67328   -0.67324   -0.67306   -0.67290
  -0.66773   -0.66761   -0.66735   -0.66703   -0.66685   -0.66683   -0.66644   -0.66634
  -0.66627   -0.66607   -0.66594   -0.66584   -0.66580   -0.66565   -0.66563   -0.66554
  -0.66551   -0.66532   -0.66521   -0.66511   -0.40178   -0.39423   -0.38545   -0.37774
  -0.35675   -0.35672   -0.18817   -0.18421   -0.16689   -0.16236   -0.14682   -0.13357
  -0.06093   -0.03730   -0.02246   -0.01627   -0.01314   -0.00106    0.00986    0.01761
   0.02548    0.02966    0.03798    0.04573    0.08963    0.09038    0.10119    0.10701
   0.11102    0.13376    0.15218    0.16092    0.17401    0.17503    0.18853    0.19014
   0.19427    0.20620    0.23371    0.23859    0.24590    0.24883
 kpt#  11, nband=102, wtk=  0.02778, kpt=  0.4583  0.1250  0.1250 (reduced coord)
  -1.68100   -1.68019   -1.67975   -1.67935   -1.67905   -1.67883   -1.67739   -1.67714
  -1.67675   -1.67622   -1.67527   -1.67522   -1.67488   -1.67443   -1.67412   -1.67380
  -1.67237   -1.67150   -1.66958   -1.66874   -1.65475   -1.65399   -1.65309   -1.65208
  -1.65116   -1.65039   -1.64990   -1.64945   -1.64878   -1.64833   -0.67507   -0.67487
  -0.67428   -0.67422   -0.67365   -0.67355   -0.67334   -0.67323   -0.67289   -0.67281
  -0.66770   -0.66763   -0.66736   -0.66728   -0.66698   -0.66682   -0.66666   -0.66664
  -0.66615   -0.66609   -0.66602   -0.66600   -0.66593   -0.66567   -0.66557   -0.66552
  -0.66543   -0.66541   -0.66533   -0.66520   -0.39208   -0.38792   -0.38461   -0.38348
  -0.35664   -0.35661   -0.19275   -0.19107   -0.17092   -0.16802   -0.15285   -0.14715
  -0.04717   -0.03158   -0.02004   -0.00603   -0.00056    0.00004    0.00848    0.01333
   0.01792    0.02221    0.04162    0.04468    0.09073    0.09401    0.09812    0.09969
   0.11334    0.12060    0.15744    0.16349    0.17067    0.17594    0.18596    0.18935
   0.19666    0.19743    0.23127    0.23227    0.23639    0.24719
 kpt#  12, nband=102, wtk=  0.01389, kpt=  0.2083  0.2083  0.1250 (reduced coord)
  -1.68086   -1.68067   -1.68013   -1.67874   -1.67787   -1.67769   -1.67668   -1.67608
  -1.67512   -1.67452   -1.67373   -1.67373   -1.67367   -1.67294   -1.67288   -1.67210
  -1.67188   -1.67022   -1.66868   -1.66681   -1.65407   -1.65202   -1.65126   -1.65124
  -1.65072   -1.65015   -1.64943   -1.64796   -1.64753   -1.64674   -0.67561   -0.67451
  -0.67399   -0.67355   -0.67354   -0.67325   -0.67317   -0.67311   -0.67305   -0.67277
  -0.66801   -0.66787   -0.66713   -0.66705   -0.66656   -0.66648   -0.66646   -0.66637
  -0.66596   -0.66587   -0.66584   -0.66576   -0.66567   -0.66557   -0.66556   -0.66548
  -0.66536   -0.66528   -0.66512   -0.66504   -0.41349   -0.40337   -0.39016   -0.37509
  -0.35682   -0.35597   -0.17020   -0.16548   -0.14717   -0.14376   -0.12127   -0.10393
  -0.07203   -0.07176   -0.05726   -0.03820   -0.02153   -0.01575    0.00484    0.00612
   0.01347    0.02632    0.03970    0.04866    0.07656    0.09101    0.09835    0.10409
   0.11578    0.13932    0.16373    0.16749    0.18626    0.18877    0.18896    0.19877
   0.20769    0.22649    0.24602    0.27243    0.27313    0.28549
 kpt#  13, nband=102, wtk=  0.02778, kpt=  0.2917  0.2083  0.1250 (reduced coord)
  -1.68108   -1.68084   -1.68020   -1.67960   -1.67873   -1.67772   -1.67686   -1.67591
  -1.67555   -1.67511   -1.67427   -1.67395   -1.67379   -1.67295   -1.67211   -1.67195
  -1.67100   -1.67031   -1.66960   -1.66835   -1.65373   -1.65251   -1.65130   -1.65086
  -1.65037   -1.64966   -1.64934   -1.64860   -1.64842   -1.64794   -0.67541   -0.67467
  -0.67440   -0.67410   -0.67337   -0.67314   -0.67307   -0.67303   -0.67293   -0.67280
  -0.66793   -0.66784   -0.66745   -0.66712   -0.66671   -0.66667   -0.66636   -0.66627
  -0.66613   -0.66608   -0.66589   -0.66580   -0.66576   -0.66571   -0.66555   -0.66552
  -0.66528   -0.66516   -0.66495   -0.66484   -0.40601   -0.39708   -0.38586   -0.37418
  -0.35510   -0.35491   -0.17598   -0.17119   -0.15407   -0.14892   -0.13100   -0.11616
  -0.07499   -0.06684   -0.05815   -0.04254   -0.01975   -0.01345   -0.00506    0.00155
   0.00874    0.02303    0.03292    0.03994    0.07091    0.08816    0.09513    0.10015
   0.10831    0.13153    0.16562    0.17455    0.18000    0.18470    0.19505    0.20693
   0.21764    0.22588    0.24501    0.26921    0.27239    0.28735
 kpt#  14, nband=102, wtk=  0.02778, kpt=  0.3750  0.2083  0.1250 (reduced coord)
  -1.68145   -1.68047   -1.67970   -1.67958   -1.67881   -1.67811   -1.67778   -1.67682
  -1.67658   -1.67615   -1.67581   -1.67550   -1.67454   -1.67410   -1.67285   -1.67232
  -1.67219   -1.67045   -1.66974   -1.66869   -1.65455   -1.65364   -1.65233   -1.65152
  -1.65096   -1.65025   -1.64998   -1.64950   -1.64847   -1.64819   -0.67543   -0.67508
  -0.67446   -0.67416   -0.67338   -0.67336   -0.67317   -0.67309   -0.67298   -0.67285
  -0.66811   -0.66799   -0.66747   -0.66732   -0.66684   -0.66674   -0.66647   -0.66632
  -0.66622   -0.66614   -0.66604   -0.66587   -0.66571   -0.66569   -0.66565   -0.66560
  -0.66552   -0.66524   -0.66505   -0.66491   -0.39721   -0.39026   -0.38236   -0.37573
  -0.35394   -0.35392   -0.18207   -0.17825   -0.16069   -0.15534   -0.14085   -0.12966
  -0.06597   -0.06069   -0.04677   -0.03711   -0.01809   -0.01545   -0.00436   -0.00312
   0.00076    0.01235    0.02632    0.03023    0.05839    0.07077    0.08584    0.08902
   0.09773    0.11950    0.17038    0.18395    0.18803    0.20148    0.20984    0.21184
   0.22599    0.23539    0.25588    0.26766    0.26939    0.27221
 kpt#  15, nband=102, wtk=  0.02778, kpt=  0.4583  0.2083  0.1250 (reduced coord)
  -1.68122   -1.68095   -1.68063   -1.67974   -1.67857   -1.67792   -1.67727   -1.67652
  -1.67606   -1.67551   -1.67533   -1.67493   -1.67474   -1.67416   -1.67396   -1.67362
  -1.67175   -1.67144   -1.66995   -1.66913   -1.65356   -1.65329   -1.65276   -1.65164
  -1.65075   -1.65033   -1.64987   -1.64974   -1.64940   -1.64878   -0.67526   -0.67495
  -0.67428   -0.67416   -0.67346   -0.67341   -0.67329   -0.67327   -0.67304   -0.67294
  -0.66800   -0.66789   -0.66727   -0.66719   -0.66676   -0.66667   -0.66656   -0.66640
  -0.66622   -0.66615   -0.66605   -0.66594   -0.66588   -0.66575   -0.66570   -0.66567
  -0.66551   -0.66538   -0.66521   -0.66511   -0.38826   -0.38448   -0.38155   -0.38062
  -0.35338   -0.35336   -0.18524   -0.18374   -0.16327   -0.16072   -0.14489   -0.14040
  -0.04908   -0.04873   -0.03416   -0.03181   -0.02732   -0.02399   -0.01141   -0.00688
  -0.00013    0.00247    0.02503    0.02993    0.05780    0.06108    0.06961    0.07192
   0.09784    0.10764    0.17907    0.19206    0.20188    0.21161    0.21442    0.22325
   0.23063    0.23083    0.25784    0.25935    0.27363    0.27840
 kpt#  16, nband=102, wtk=  0.01389, kpt=  0.2917  0.2917  0.1250 (reduced coord)
  -1.68197   -1.68164   -1.68041   -1.67988   -1.67905   -1.67839   -1.67706   -1.67658
  -1.67573   -1.67532   -1.67515   -1.67457   -1.67441   -1.67314   -1.67283   -1.67245
  -1.67203   -1.67114   -1.66957   -1.66876   -1.65483   -1.65304   -1.65175   -1.65117
  -1.65036   -1.65027   -1.64990   -1.64944   -1.64885   -1.64816   -0.67532   -0.67507
  -0.67449   -0.67428   -0.67341   -0.67337   -0.67314   -0.67312   -0.67297   -0.67273
  -0.66819   -0.66802   -0.66746   -0.66722   -0.66691   -0.66656   -0.66633   -0.66626
  -0.66622   -0.66620   -0.66600   -0.66591   -0.66588   -0.66579   -0.66578   -0.66565
  -0.66555   -0.66544   -0.66482   -0.66463   -0.39907   -0.39128   -0.38192   -0.37306
  -0.35263   -0.35261   -0.17427   -0.16967   -0.15257   -0.14543   -0.13044   -0.11960
  -0.09063   -0.07561   -0.05611   -0.05583   -0.03301   -0.01382   -0.01144   -0.00742
  -0.00158    0.00274    0.01977    0.01979    0.05317    0.06469    0.08370    0.08657
   0.09305    0.11955    0.17615    0.19190    0.19766    0.20874    0.21742    0.22453
   0.23944    0.25213    0.25941    0.26298    0.27703    0.28860
 kpt#  17, nband=102, wtk=  0.02778, kpt=  0.3750  0.2917  0.1250 (reduced coord)
  -1.68117   -1.68078   -1.68030   -1.67919   -1.67867   -1.67819   -1.67721   -1.67673
  -1.67554   -1.67484   -1.67447   -1.67385   -1.67373   -1.67300   -1.67265   -1.67219
  -1.67155   -1.67091   -1.67020   -1.66863   -1.65339   -1.65300   -1.65125   -1.65091
  -1.65034   -1.64995   -1.64963   -1.64950   -1.64897   -1.64880   -0.67527   -0.67508
  -0.67436   -0.67432   -0.67336   -0.67330   -0.67305   -0.67303   -0.67289   -0.67277
  -0.66818   -0.66808   -0.66737   -0.66712   -0.66675   -0.66656   -0.66638   -0.66629
  -0.66617   -0.66609   -0.66604   -0.66593   -0.66573   -0.66571   -0.66565   -0.66561
  -0.66554   -0.66546   -0.66475   -0.66469   -0.39115   -0.38518   -0.37876   -0.37382
  -0.35059   -0.35058   -0.17428   -0.17096   -0.15237   -0.14691   -0.13170   -0.12561
  -0.09015   -0.07750   -0.05824   -0.04607   -0.03555   -0.02887   -0.02452   -0.01601
  -0.00783   -0.00426    0.00334    0.00501    0.04060    0.04394    0.06378    0.06477
   0.08813    0.11134    0.18331    0.21350    0.21860    0.22674    0.23213    0.24429
   0.25590    0.27124    0.27275    0.27775    0.27954    0.28391
 kpt#  18, nband=102, wtk=  0.02778, kpt=  0.4583  0.2917  0.1250 (reduced coord)
  -1.68053   -1.68046   -1.68001   -1.67942   -1.67808   -1.67754   -1.67698   -1.67685
  -1.67612   -1.67557   -1.67521   -1.67471   -1.67381   -1.67357   -1.67313   -1.67293
  -1.67203   -1.67115   -1.66950   -1.66785   -1.65312   -1.65270   -1.65223   -1.65130
  -1.65070   -1.64993   -1.64966   -1.64939   -1.64904   -1.64834   -0.67538   -0.67530
  -0.67432   -0.67424   -0.67334   -0.67330   -0.67308   -0.67298   -0.67294   -0.67285
  -0.66836   -0.66817   -0.66729   -0.66726   -0.66670   -0.66663   -0.66632   -0.66626
  -0.66621   -0.66602   -0.66596   -0.66585   -0.66582   -0.66576   -0.66570   -0.66555
  -0.66548   -0.66545   -0.66490   -0.66475   -0.38346   -0.38026   -0.37791   -0.37732
  -0.34943   -0.34942   -0.17464   -0.17344   -0.15234   -0.15042   -0.13336   -0.13126
  -0.07536   -0.06760   -0.05294   -0.05269   -0.04525   -0.03565   -0.03189   -0.02356
  -0.02181   -0.01159    0.00514    0.01130    0.02715    0.03470    0.04452    0.04951
   0.09433    0.10311    0.19227    0.20324    0.24324    0.24581    0.24877    0.25511
   0.26173    0.26841    0.27231    0.27662    0.28615    0.28964
 kpt#  19, nband=102, wtk=  0.01389, kpt=  0.3750  0.3750  0.1250 (reduced coord)
  -1.68176   -1.68169   -1.68036   -1.68024   -1.68004   -1.67931   -1.67742   -1.67685
  -1.67594   -1.67584   -1.67554   -1.67499   -1.67476   -1.67466   -1.67424   -1.67400
  -1.67273   -1.67051   -1.66908   -1.66886   -1.65393   -1.65286   -1.65267   -1.65159
  -1.65118   -1.65067   -1.65065   -1.64990   -1.64930   -1.64883   -0.67555   -0.67533
  -0.67464   -0.67437   -0.67345   -0.67331   -0.67318   -0.67306   -0.67297   -0.67296
  -0.66849   -0.66834   -0.66747   -0.66734   -0.66696   -0.66680   -0.66652   -0.66642
  -0.66634   -0.66628   -0.66597   -0.66595   -0.66590   -0.66585   -0.66572   -0.66560
  -0.66553   -0.66540   -0.66497   -0.66475   -0.38458   -0.38010   -0.37581   -0.37313
  -0.34759   -0.34759   -0.16693   -0.16474   -0.14409   -0.14057   -0.12285   -0.11996
  -0.10468   -0.08949   -0.06972   -0.04874   -0.04782   -0.04624   -0.03850   -0.02866
  -0.02408   -0.01769   -0.01348   -0.00633    0.01988    0.02802    0.03946    0.05146
   0.09030    0.10675    0.19384    0.21408    0.25039    0.25210    0.25291    0.25666
   0.27406    0.27522    0.27824    0.28288    0.30041    0.30207
 kpt#  20, nband=102, wtk=  0.02778, kpt=  0.4583  0.3750  0.1250 (reduced coord)
  -1.68138   -1.68111   -1.68084   -1.68044   -1.67939   -1.67907   -1.67862   -1.67817
  -1.67691   -1.67634   -1.67616   -1.67573   -1.67544   -1.67525   -1.67419   -1.67395
  -1.67313   -1.67121   -1.66974   -1.66948   -1.65425   -1.65325   -1.65292   -1.65238
  -1.65183   -1.65148   -1.65079   -1.65035   -1.65008   -1.64894   -0.67562   -0.67544
  -0.67451   -0.67444   -0.67350   -0.67347   -0.67332   -0.67322   -0.67311   -0.67295
  -0.66858   -0.66853   -0.66745   -0.66741   -0.66681   -0.66675   -0.66649   -0.66639
  -0.66633   -0.66621   -0.66615   -0.66607   -0.66600   -0.66597   -0.66592   -0.66587
  -0.66569   -0.66555   -0.66501   -0.66485   -0.37870   -0.37629   -0.37473   -0.37464
  -0.34583   -0.34582   -0.16248   -0.16175   -0.13935   -0.13833   -0.12149   -0.11945
  -0.09474   -0.08690   -0.07253   -0.07150   -0.06703   -0.05315   -0.04419   -0.03313
  -0.03053   -0.02595   -0.01136   -0.00997    0.00063    0.00855    0.03717    0.04340
   0.09606    0.10195    0.20311    0.21027    0.24871    0.25381    0.26435    0.26622
   0.27849    0.28427    0.29110    0.29672    0.30305    0.31398
 kpt#  21, nband=102, wtk=  0.01389, kpt=  0.4583  0.4583  0.1250 (reduced coord)
  -1.68130   -1.68082   -1.67991   -1.67924   -1.67893   -1.67797   -1.67758   -1.67736
  -1.67661   -1.67602   -1.67520   -1.67509   -1.67476   -1.67464   -1.67438   -1.67412
  -1.67316   -1.67227   -1.66931   -1.66812   -1.65346   -1.65309   -1.65279   -1.65220
  -1.65126   -1.65040   -1.64998   -1.64994   -1.64911   -1.64877   -0.67558   -0.67548
  -0.67440   -0.67427   -0.67341   -0.67341   -0.67329   -0.67312   -0.67302   -0.67285
  -0.66866   -0.66846   -0.66747   -0.66734   -0.66689   -0.66664   -0.66634   -0.66630
  -0.66622   -0.66613   -0.66611   -0.66605   -0.66596   -0.66576   -0.66570   -0.66566
  -0.66564   -0.66557   -0.66487   -0.66476   -0.37516   -0.37392   -0.37342   -0.37305
  -0.34366   -0.34365   -0.15276   -0.15257   -0.12795   -0.12769   -0.11446   -0.11212
  -0.09866   -0.09686   -0.08865   -0.08702   -0.07697   -0.07012   -0.05332   -0.04834
  -0.03089   -0.02961   -0.01995   -0.01794   -0.01543   -0.01175    0.03845    0.04085
   0.09887    0.10095    0.21101    0.21354    0.24345    0.24544    0.27019    0.27192
   0.27970    0.28730    0.30120    0.30181    0.31855    0.32148
 kpt#  22, nband=102, wtk=  0.01389, kpt=  0.0417  0.0417  0.3750 (reduced coord)
  -1.68432   -1.68322   -1.68219   -1.68125   -1.68047   -1.67980   -1.67862   -1.67771
  -1.67758   -1.67731   -1.67688   -1.67634   -1.67629   -1.67549   -1.67391   -1.67381
  -1.67315   -1.67291   -1.66837   -1.66831   -1.65537   -1.65434   -1.65404   -1.65379
  -1.65346   -1.65086   -1.65079   -1.65008   -1.64821   -1.64811   -0.67660   -0.67482
  -0.67468   -0.67431   -0.67379   -0.67377   -0.67346   -0.67336   -0.67273   -0.67266
  -0.66883   -0.66868   -0.66757   -0.66735   -0.66734   -0.66719   -0.66697   -0.66678
  -0.66617   -0.66615   -0.66604   -0.66598   -0.66593   -0.66586   -0.66582   -0.66569
  -0.66530   -0.66525   -0.66510   -0.66506   -0.43017   -0.41810   -0.40169   -0.38113
  -0.36164   -0.35751   -0.14308   -0.14127   -0.11747   -0.11237   -0.08026   -0.07985
  -0.04989   -0.03968   -0.03558   -0.02558   -0.02005   -0.01808   -0.00768   -0.00006
   0.01295    0.01886    0.03128    0.03159    0.03715    0.03867    0.04717    0.04752
   0.09475    0.10446    0.19303    0.21099    0.22605    0.24128    0.25793    0.26011
   0.26152    0.27312    0.27836    0.27929    0.28745    0.29155
 kpt#  23, nband=102, wtk=  0.02778, kpt=  0.1250  0.0417  0.3750 (reduced coord)
  -1.68305   -1.68181   -1.68123   -1.68007   -1.67905   -1.67876   -1.67857   -1.67789
  -1.67754   -1.67728   -1.67642   -1.67583   -1.67538   -1.67481   -1.67436   -1.67390
  -1.67311   -1.67217   -1.66900   -1.66812   -1.65436   -1.65395   -1.65378   -1.65347
  -1.65300   -1.65100   -1.65007   -1.64974   -1.64909   -1.64813   -0.67627   -0.67488
  -0.67431   -0.67406   -0.67397   -0.67391   -0.67331   -0.67327   -0.67277   -0.67261
  -0.66851   -0.66843   -0.66741   -0.66730   -0.66717   -0.66712   -0.66700   -0.66684
  -0.66622   -0.66608   -0.66602   -0.66592   -0.66585   -0.66576   -0.66569   -0.66567
  -0.66540   -0.66532   -0.66511   -0.66506   -0.42728   -0.41551   -0.39959   -0.37985
  -0.36081   -0.35743   -0.15176   -0.14883   -0.12595   -0.12504   -0.09307   -0.08395
  -0.06657   -0.04103   -0.03378   -0.02539   -0.00777   -0.00666   -0.00279    0.01269
   0.01287    0.02456    0.02828    0.03310    0.03784    0.04652    0.06287    0.06643
   0.09516    0.10998    0.18676    0.21244    0.23646    0.23840    0.24347    0.24974
   0.25409    0.26165    0.26531    0.26736    0.27166    0.27355
 kpt#  24, nband=102, wtk=  0.02778, kpt=  0.2083  0.0417  0.3750 (reduced coord)
  -1.68158   -1.68055   -1.67998   -1.67938   -1.67860   -1.67800   -1.67748   -1.67679
  -1.67599   -1.67575   -1.67544   -1.67503   -1.67404   -1.67323   -1.67274   -1.67240
  -1.67194   -1.67023   -1.66950   -1.66804   -1.65357   -1.65307   -1.65217   -1.65207
  -1.65068   -1.65010   -1.64962   -1.64912   -1.64826   -1.64793   -0.67586   -0.67454
  -0.67410   -0.67389   -0.67372   -0.67346   -0.67326   -0.67322   -0.67287   -0.67262
  -0.66821   -0.66800   -0.66724   -0.66708   -0.66693   -0.66680   -0.66673   -0.66645
  -0.66601   -0.66597   -0.66580   -0.66577   -0.66568   -0.66563   -0.66555   -0.66546
  -0.66540   -0.66533   -0.66521   -0.66504   -0.42168   -0.41058   -0.39577   -0.37795
  -0.35955   -0.35754   -0.16573   -0.16200   -0.14208   -0.14082   -0.11250   -0.09324
  -0.08018   -0.03809   -0.02728   -0.01888   -0.00111    0.00482    0.01430    0.01831
   0.01906    0.02704    0.03679    0.03823    0.04262    0.05959    0.08193    0.08832
   0.09851    0.11918    0.17599    0.20609    0.20903    0.21872    0.21916    0.23409
   0.24054    0.24673    0.24878    0.25573    0.25761    0.26836
 kpt#  25, nband=102, wtk=  0.02778, kpt=  0.2917  0.0417  0.3750 (reduced coord)
  -1.68083   -1.68024   -1.67926   -1.67886   -1.67810   -1.67733   -1.67660   -1.67575
  -1.67526   -1.67473   -1.67380   -1.67347   -1.67213   -1.67182   -1.67171   -1.67097
  -1.67057   -1.67009   -1.66832   -1.66772   -1.65353   -1.65215   -1.65087   -1.65015
  -1.64988   -1.64941   -1.64889   -1.64806   -1.64744   -1.64699   -0.67541   -0.67455
  -0.67392   -0.67344   -0.67332   -0.67326   -0.67313   -0.67299   -0.67297   -0.67276
  -0.66774   -0.66770   -0.66695   -0.66692   -0.66681   -0.66677   -0.66626   -0.66615
  -0.66613   -0.66595   -0.66580   -0.66570   -0.66564   -0.66552   -0.66544   -0.66530
  -0.66523   -0.66513   -0.66498   -0.66493   -0.41376   -0.40387   -0.39110   -0.37692
  -0.35856   -0.35798   -0.18027   -0.17606   -0.15740   -0.15683   -0.13297   -0.11564
  -0.07444   -0.03047   -0.01571   -0.00771    0.00112    0.00948    0.01618    0.02633
   0.03721    0.03765    0.04409    0.04558    0.04785    0.07614    0.09976    0.10329
   0.11290    0.12811    0.16735    0.17697    0.18137    0.19133    0.20280    0.21147
   0.21852    0.22321    0.22666    0.22834    0.23776    0.24285
 kpt#  26, nband=102, wtk=  0.02778, kpt=  0.3750  0.0417  0.3750 (reduced coord)
  -1.68063   -1.68005   -1.67928   -1.67853   -1.67813   -1.67727   -1.67705   -1.67624
  -1.67594   -1.67539   -1.67457   -1.67454   -1.67423   -1.67371   -1.67291   -1.67231
  -1.67182   -1.67135   -1.66929   -1.66800   -1.65276   -1.65248   -1.65192   -1.65065
  -1.65035   -1.64997   -1.64972   -1.64955   -1.64898   -1.64808   -0.67513   -0.67464
  -0.67394   -0.67374   -0.67350   -0.67347   -0.67325   -0.67318   -0.67298   -0.67288
  -0.66759   -0.66739   -0.66705   -0.66700   -0.66691   -0.66681   -0.66657   -0.66644
  -0.66614   -0.66604   -0.66579   -0.66573   -0.66568   -0.66564   -0.66556   -0.66548
  -0.66544   -0.66542   -0.66519   -0.66516   -0.40423   -0.39639   -0.38720   -0.37896
  -0.35833   -0.35830   -0.19144   -0.18747   -0.17016   -0.16614   -0.14986   -0.13589
  -0.06304   -0.01889   -0.01486   -0.00059    0.00667    0.02187    0.02283    0.03070
   0.03544    0.04397    0.05078    0.05239    0.06731    0.09518    0.11158    0.11707
   0.12494    0.13465    0.15276    0.16325    0.16382    0.17365    0.17976    0.18927
   0.19689    0.20042    0.20135    0.21023    0.21549    0.23217
 kpt#  27, nband=102, wtk=  0.02778, kpt=  0.4583  0.0417  0.3750 (reduced coord)
  -1.68251   -1.68182   -1.67992   -1.67945   -1.67912   -1.67898   -1.67720   -1.67712
  -1.67680   -1.67627   -1.67598   -1.67577   -1.67494   -1.67461   -1.67389   -1.67352
  -1.67257   -1.67207   -1.66931   -1.66857   -1.65436   -1.65402   -1.65208   -1.65173
  -1.65167   -1.65067   -1.65021   -1.64987   -1.64943   -1.64908   -0.67511   -0.67482
  -0.67430   -0.67400   -0.67374   -0.67363   -0.67337   -0.67332   -0.67295   -0.67286
  -0.66757   -0.66751   -0.66739   -0.66723   -0.66705   -0.66690   -0.66684   -0.66665
  -0.66616   -0.66603   -0.66598   -0.66595   -0.66586   -0.66580   -0.66558   -0.66555
  -0.66553   -0.66547   -0.66539   -0.66531   -0.39416   -0.38982   -0.38633   -0.38512
  -0.35845   -0.35843   -0.19660   -0.19485   -0.17483   -0.17176   -0.15690   -0.15069
  -0.04839   -0.03188   -0.00455    0.01073    0.01592    0.02194    0.03007    0.03045
   0.03852    0.04108    0.05302    0.05520    0.09129    0.11174    0.11539    0.11741
   0.13265    0.13795    0.13847    0.15120    0.15809    0.16637    0.17256    0.17962
   0.18148    0.18643    0.19720    0.19980    0.20196    0.21231
 kpt#  28, nband=102, wtk=  0.01389, kpt=  0.1250  0.1250  0.3750 (reduced coord)
  -1.68321   -1.68216   -1.67992   -1.67987   -1.67940   -1.67889   -1.67818   -1.67746
  -1.67728   -1.67623   -1.67584   -1.67521   -1.67502   -1.67455   -1.67377   -1.67375
  -1.67334   -1.67125   -1.67017   -1.66915   -1.65395   -1.65349   -1.65345   -1.65311
  -1.65084   -1.65056   -1.65004   -1.64982   -1.64959   -1.64928   -0.67601   -0.67479
  -0.67412   -0.67404   -0.67397   -0.67369   -0.67340   -0.67330   -0.67288   -0.67280
  -0.66833   -0.66814   -0.66725   -0.66716   -0.66715   -0.66698   -0.66693   -0.66679
  -0.66629   -0.66611   -0.66597   -0.66591   -0.66582   -0.66572   -0.66567   -0.66560
  -0.66557   -0.66551   -0.66534   -0.66498   -0.42441   -0.41295   -0.39752   -0.37862
  -0.35991   -0.35718   -0.15703   -0.15351   -0.13169   -0.13099   -0.10083   -0.08484
  -0.07452   -0.05281   -0.03840   -0.03205   -0.01996    0.00153    0.00838    0.02078
   0.02087    0.02238    0.02797    0.03048    0.04109    0.05765    0.08225    0.08588
   0.10061    0.11756    0.18125    0.20833    0.21242    0.21785    0.21951    0.23830
   0.25054    0.25720    0.26096    0.26646    0.27031    0.27046
 kpt#  29, nband=102, wtk=  0.02778, kpt=  0.2083  0.1250  0.3750 (reduced coord)
  -1.68242   -1.68148   -1.68109   -1.67952   -1.67801   -1.67780   -1.67725   -1.67675
  -1.67655   -1.67583   -1.67520   -1.67471   -1.67369   -1.67326   -1.67306   -1.67254
  -1.67214   -1.67046   -1.66924   -1.66759   -1.65333   -1.65290   -1.65226   -1.65173
  -1.65087   -1.65083   -1.64980   -1.64966   -1.64829   -1.64702   -0.67587   -0.67461
  -0.67401   -0.67377   -0.67369   -0.67342   -0.67325   -0.67322   -0.67294   -0.67285
  -0.66824   -0.66801   -0.66709   -0.66705   -0.66691   -0.66684   -0.66654   -0.66641
  -0.66609   -0.66603   -0.66599   -0.66590   -0.66567   -0.66563   -0.66555   -0.66545
  -0.66533   -0.66530   -0.66523   -0.66518   -0.41887   -0.40808   -0.39377   -0.37679
  -0.35852   -0.35694   -0.16688   -0.16272   -0.14269   -0.14201   -0.11510   -0.09624
  -0.07737   -0.05624   -0.04160   -0.02911   -0.02153   -0.00212    0.01142    0.01914
   0.01969    0.02567    0.04291    0.04431    0.04849    0.07607    0.09954    0.10106
   0.10944    0.12988    0.17057    0.18002    0.18967    0.19429    0.20470    0.21762
   0.22705    0.23890    0.25113    0.26645    0.26788    0.27122
 kpt#  30, nband=102, wtk=  0.02778, kpt=  0.2917  0.1250  0.3750 (reduced coord)
  -1.68150   -1.68090   -1.67994   -1.67832   -1.67742   -1.67672   -1.67600   -1.67578
  -1.67533   -1.67453   -1.67331   -1.67277   -1.67252   -1.67185   -1.67104   -1.67057
  -1.67030   -1.67003   -1.66772   -1.66736   -1.65261   -1.65250   -1.65008   -1.64980
  -1.64918   -1.64873   -1.64868   -1.64789   -1.64776   -1.64729   -0.67547   -0.67441
  -0.67395   -0.67358   -0.67327   -0.67314   -0.67310   -0.67308   -0.67296   -0.67261
  -0.66788   -0.66767   -0.66693   -0.66686   -0.66665   -0.66659   -0.66622   -0.66616
  -0.66607   -0.66592   -0.66578   -0.66574   -0.66559   -0.66551   -0.66535   -0.66531
  -0.66521   -0.66511   -0.66494   -0.66484   -0.41109   -0.40150   -0.38921   -0.37582
  -0.35729   -0.35686   -0.17853   -0.17406   -0.15606   -0.15384   -0.13208   -0.11539
  -0.07145   -0.05014   -0.03531   -0.02432   -0.01300   -0.00071    0.00174    0.02297
   0.02605    0.02880    0.03823    0.04828    0.07233    0.09529    0.09958    0.10609
   0.11483    0.13866    0.15981    0.16178    0.18090    0.18381    0.18437    0.19451
   0.20650    0.22310    0.23755    0.25000    0.25501    0.26935
 kpt#  31, nband=102, wtk=  0.02778, kpt=  0.3750  0.1250  0.3750 (reduced coord)
  -1.68166   -1.67969   -1.67918   -1.67847   -1.67819   -1.67788   -1.67715   -1.67686
  -1.67633   -1.67583   -1.67575   -1.67475   -1.67413   -1.67296   -1.67266   -1.67233
  -1.67215   -1.67132   -1.66839   -1.66760   -1.65362   -1.65289   -1.65181   -1.65085
  -1.65016   -1.64977   -1.64955   -1.64934   -1.64871   -1.64839   -0.67521   -0.67471
  -0.67417   -0.67401   -0.67347   -0.67333   -0.67322   -0.67317   -0.67301   -0.67270
  -0.66771   -0.66756   -0.66733   -0.66704   -0.66692   -0.66686   -0.66639   -0.66635
  -0.66616   -0.66601   -0.66593   -0.66590   -0.66586   -0.66564   -0.66557   -0.66548
  -0.66534   -0.66528   -0.66507   -0.66504   -0.40179   -0.39423   -0.38545   -0.37774
  -0.35675   -0.35672   -0.18817   -0.18422   -0.16689   -0.16236   -0.14682   -0.13357
  -0.06093   -0.03730   -0.02247   -0.01627   -0.01314   -0.00106    0.00986    0.01760
   0.02548    0.02967    0.03799    0.04573    0.08963    0.09039    0.10119    0.10701
   0.11104    0.13377    0.15215    0.16093    0.17404    0.17501    0.18854    0.18996
   0.19427    0.20632    0.23371    0.23856    0.24680    0.24885
 kpt#  32, nband=102, wtk=  0.02778, kpt=  0.4583  0.1250  0.3750 (reduced coord)
  -1.68065   -1.68041   -1.67979   -1.67920   -1.67879   -1.67871   -1.67731   -1.67691
  -1.67651   -1.67582   -1.67575   -1.67544   -1.67514   -1.67503   -1.67474   -1.67408
  -1.67236   -1.67219   -1.66920   -1.66889   -1.65410   -1.65374   -1.65270   -1.65231
  -1.65076   -1.65044   -1.65010   -1.64973   -1.64924   -1.64866   -0.67504   -0.67499
  -0.67431   -0.67427   -0.67353   -0.67344   -0.67328   -0.67326   -0.67302   -0.67286
  -0.66776   -0.66765   -0.66740   -0.66733   -0.66702   -0.66687   -0.66662   -0.66658
  -0.66616   -0.66609   -0.66597   -0.66588   -0.66584   -0.66579   -0.66571   -0.66562
  -0.66542   -0.66536   -0.66525   -0.66515   -0.39208   -0.38792   -0.38461   -0.38348
  -0.35663   -0.35661   -0.19274   -0.19107   -0.17092   -0.16802   -0.15285   -0.14715
  -0.04717   -0.03159   -0.02004   -0.00603   -0.00056    0.00004    0.00848    0.01333
   0.01791    0.02221    0.04163    0.04468    0.09070    0.09400    0.09811    0.09969
   0.11335    0.12063    0.15742    0.16351    0.17065    0.17594    0.18593    0.18930
   0.19663    0.19750    0.23133    0.23227    0.23628    0.24716
 kpt#  33, nband=102, wtk=  0.01389, kpt=  0.2083  0.2083  0.3750 (reduced coord)
  -1.68127   -1.68123   -1.68023   -1.67968   -1.67872   -1.67754   -1.67734   -1.67642
  -1.67567   -1.67509   -1.67493   -1.67371   -1.67349   -1.67322   -1.67194   -1.67161
  -1.67145   -1.66921   -1.66876   -1.66619   -1.65415   -1.65244   -1.65087   -1.65078
  -1.65008   -1.64975   -1.64878   -1.64866   -1.64775   -1.64707   -0.67557   -0.67457
  -0.67402   -0.67361   -0.67353   -0.67343   -0.67320   -0.67303   -0.67289   -0.67286
  -0.66793   -0.66787   -0.66715   -0.66705   -0.66656   -0.66652   -0.66645   -0.66644
  -0.66610   -0.66609   -0.66589   -0.66584   -0.66566   -0.66560   -0.66555   -0.66540
  -0.66530   -0.66511   -0.66511   -0.66492   -0.41349   -0.40337   -0.39016   -0.37509
  -0.35682   -0.35597   -0.17020   -0.16549   -0.14717   -0.14376   -0.12127   -0.10393
  -0.07203   -0.07175   -0.05726   -0.03821   -0.02152   -0.01576    0.00484    0.00611
   0.01347    0.02633    0.03970    0.04866    0.07655    0.09101    0.09836    0.10408
   0.11581    0.13929    0.16371    0.16753    0.18618    0.18870    0.18882    0.19884
   0.20772    0.22802    0.24603    0.27246    0.27309    0.28095
 kpt#  34, nband=102, wtk=  0.02778, kpt=  0.2917  0.2083  0.3750 (reduced coord)
  -1.68134   -1.68085   -1.68034   -1.67946   -1.67899   -1.67851   -1.67715   -1.67650
  -1.67627   -1.67523   -1.67498   -1.67431   -1.67409   -1.67290   -1.67269   -1.67190
  -1.67144   -1.67123   -1.67038   -1.66887   -1.65463   -1.65342   -1.65149   -1.65077
  -1.65049   -1.64988   -1.64956   -1.64936   -1.64912   -1.64830   -0.67544   -0.67468
  -0.67445   -0.67419   -0.67341   -0.67320   -0.67318   -0.67313   -0.67305   -0.67287
  -0.66799   -0.66791   -0.66735   -0.66720   -0.66678   -0.66659   -0.66636   -0.66629
  -0.66627   -0.66610   -0.66600   -0.66590   -0.66582   -0.66574   -0.66563   -0.66555
  -0.66550   -0.66540   -0.66501   -0.66488   -0.40601   -0.39708   -0.38586   -0.37418
  -0.35510   -0.35491   -0.17598   -0.17119   -0.15407   -0.14893   -0.13101   -0.11616
  -0.07499   -0.06684   -0.05815   -0.04254   -0.01975   -0.01345   -0.00507    0.00155
   0.00873    0.02304    0.03294    0.03995    0.07090    0.08814    0.09512    0.10016
   0.10830    0.13151    0.16554    0.17454    0.17993    0.18480    0.19493    0.20682
   0.21766    0.22629    0.24589    0.26916    0.27237    0.28579
 kpt#  35, nband=102, wtk=  0.02778, kpt=  0.3750  0.2083  0.3750 (reduced coord)
  -1.68125   -1.68062   -1.67965   -1.67904   -1.67866   -1.67804   -1.67696   -1.67673
  -1.67637   -1.67615   -1.67535   -1.67492   -1.67419   -1.67387   -1.67313   -1.67283
  -1.67216   -1.67113   -1.67020   -1.66885   -1.65388   -1.65298   -1.65209   -1.65143
  -1.65118   -1.65033   -1.64999   -1.64974   -1.64929   -1.64823   -0.67532   -0.67505
  -0.67428   -0.67418   -0.67336   -0.67332   -0.67330   -0.67306   -0.67301   -0.67292
  -0.66801   -0.66790   -0.66745   -0.66725   -0.66695   -0.66657   -0.66641   -0.66635
  -0.66617   -0.66608   -0.66596   -0.66595   -0.66577   -0.66576   -0.66570   -0.66564
  -0.66547   -0.66536   -0.66506   -0.66498   -0.39721   -0.39025   -0.38236   -0.37573
  -0.35394   -0.35392   -0.18207   -0.17825   -0.16069   -0.15534   -0.14085   -0.12967
  -0.06597   -0.06069   -0.04676   -0.03711   -0.01810   -0.01545   -0.00435   -0.00312
   0.00076    0.01235    0.02632    0.03024    0.05839    0.07077    0.08585    0.08903
   0.09774    0.11951    0.17027    0.18396    0.18804    0.20160    0.20979    0.21190
   0.22587    0.23546    0.25650    0.26750    0.26953    0.27231
 kpt#  36, nband=102, wtk=  0.02778, kpt=  0.4583  0.2083  0.3750 (reduced coord)
  -1.68142   -1.68131   -1.67984   -1.67895   -1.67837   -1.67801   -1.67715   -1.67616
  -1.67589   -1.67563   -1.67558   -1.67524   -1.67511   -1.67492   -1.67470   -1.67445
  -1.67229   -1.67185   -1.67043   -1.66944   -1.65345   -1.65328   -1.65268   -1.65200
  -1.65109   -1.65077   -1.65051   -1.65030   -1.64968   -1.64911   -0.67523   -0.67500
  -0.67426   -0.67419   -0.67353   -0.67351   -0.67337   -0.67321   -0.67306   -0.67296
  -0.66798   -0.66787   -0.66734   -0.66725   -0.66679   -0.66670   -0.66655   -0.66648
  -0.66626   -0.66619   -0.66602   -0.66596   -0.66591   -0.66587   -0.66572   -0.66566
  -0.66558   -0.66544   -0.66521   -0.66518   -0.38827   -0.38449   -0.38155   -0.38062
  -0.35338   -0.35336   -0.18524   -0.18374   -0.16327   -0.16072   -0.14489   -0.14040
  -0.04907   -0.04874   -0.03416   -0.03181   -0.02732   -0.02400   -0.01141   -0.00687
  -0.00013    0.00247    0.02503    0.02993    0.05780    0.06108    0.06960    0.07193
   0.09786    0.10765    0.17898    0.19202    0.20187    0.21157    0.21448    0.22321
   0.23064    0.23092    0.25797    0.25953    0.27338    0.27854
 kpt#  37, nband=102, wtk=  0.01389, kpt=  0.2917  0.2917  0.3750 (reduced coord)
  -1.68166   -1.68086   -1.68059   -1.68018   -1.68011   -1.67892   -1.67807   -1.67705
  -1.67599   -1.67505   -1.67460   -1.67405   -1.67339   -1.67246   -1.67246   -1.67192
  -1.67097   -1.67030   -1.66927   -1.66860   -1.65513   -1.65415   -1.65110   -1.65100
  -1.65020   -1.64975   -1.64897   -1.64884   -1.64875   -1.64782   -0.67528   -0.67519
  -0.67453   -0.67434   -0.67340   -0.67320   -0.67308   -0.67294   -0.67287   -0.67277
  -0.66824   -0.66816   -0.66737   -0.66723   -0.66690   -0.66658   -0.66648   -0.66628
  -0.66625   -0.66619   -0.66603   -0.66581   -0.66575   -0.66567   -0.66563   -0.66542
  -0.66540   -0.66532   -0.66485   -0.66465   -0.39907   -0.39128   -0.38192   -0.37306
  -0.35263   -0.35261   -0.17427   -0.16968   -0.15257   -0.14543   -0.13043   -0.11961
  -0.09063   -0.07561   -0.05611   -0.05582   -0.03301   -0.01382   -0.01144   -0.00740
  -0.00158    0.00274    0.01977    0.01980    0.05317    0.06469    0.08369    0.08658
   0.09307    0.11954    0.17600    0.19188    0.19767    0.20904    0.21737    0.22455
   0.23920    0.25219    0.26031    0.26298    0.27702    0.28797
 kpt#  38, nband=102, wtk=  0.02778, kpt=  0.3750  0.2917  0.3750 (reduced coord)
  -1.68182   -1.68144   -1.68091   -1.67945   -1.67876   -1.67781   -1.67735   -1.67632
  -1.67572   -1.67550   -1.67496   -1.67476   -1.67395   -1.67316   -1.67302   -1.67282
  -1.67262   -1.67065   -1.66978   -1.66807   -1.65363   -1.65314   -1.65208   -1.65092
  -1.65056   -1.65037   -1.64984   -1.64925   -1.64886   -1.64863   -0.67527   -0.67503
  -0.67436   -0.67431   -0.67344   -0.67336   -0.67315   -0.67309   -0.67297   -0.67290
  -0.66822   -0.66803   -0.66728   -0.66709   -0.66689   -0.66652   -0.66641   -0.66630
  -0.66624   -0.66614   -0.66605   -0.66593   -0.66591   -0.66570   -0.66568   -0.66559
  -0.66558   -0.66545   -0.66495   -0.66481   -0.39115   -0.38518   -0.37876   -0.37382
  -0.35059   -0.35058   -0.17428   -0.17096   -0.15237   -0.14691   -0.13170   -0.12560
  -0.09015   -0.07751   -0.05824   -0.04607   -0.03555   -0.02887   -0.02452   -0.01601
  -0.00783   -0.00425    0.00334    0.00501    0.04060    0.04394    0.06378    0.06476
   0.08816    0.11134    0.18317    0.21359    0.21859    0.22675    0.23239    0.24428
   0.25599    0.27090    0.27311    0.27796    0.27959    0.28398
 kpt#  39, nband=102, wtk=  0.02778, kpt=  0.4583  0.2917  0.3750 (reduced coord)
  -1.68161   -1.68122   -1.68031   -1.67972   -1.67826   -1.67788   -1.67767   -1.67722
  -1.67619   -1.67571   -1.67538   -1.67522   -1.67464   -1.67426   -1.67403   -1.67369
  -1.67263   -1.67221   -1.67083   -1.66989   -1.65379   -1.65331   -1.65231   -1.65203
  -1.65094   -1.65077   -1.65057   -1.65015   -1.64985   -1.64951   -0.67537   -0.67536
  -0.67432   -0.67426   -0.67355   -0.67344   -0.67327   -0.67315   -0.67308   -0.67297
  -0.66838   -0.66826   -0.66735   -0.66731   -0.66674   -0.66659   -0.66640   -0.66636
  -0.66630   -0.66626   -0.66609   -0.66598   -0.66593   -0.66587   -0.66583   -0.66578
  -0.66568   -0.66558   -0.66497   -0.66489   -0.38346   -0.38027   -0.37792   -0.37732
  -0.34943   -0.34942   -0.17465   -0.17345   -0.15235   -0.15042   -0.13336   -0.13126
  -0.07535   -0.06760   -0.05293   -0.05269   -0.04525   -0.03565   -0.03189   -0.02356
  -0.02181   -0.01159    0.00514    0.01130    0.02714    0.03470    0.04451    0.04949
   0.09435    0.10311    0.19217    0.20318    0.24322    0.24600    0.24876    0.25502
   0.26180    0.26860    0.27242    0.27664    0.28604    0.28961
 kpt#  40, nband=102, wtk=  0.01389, kpt=  0.3750  0.3750  0.3750 (reduced coord)
  -1.68128   -1.68063   -1.68063   -1.67942   -1.67934   -1.67857   -1.67795   -1.67646
  -1.67621   -1.67613   -1.67563   -1.67510   -1.67484   -1.67477   -1.67373   -1.67355
  -1.67336   -1.67064   -1.67020   -1.66905   -1.65402   -1.65333   -1.65331   -1.65188
  -1.65095   -1.65042   -1.65021   -1.64974   -1.64930   -1.64879   -0.67561   -0.67523
  -0.67431   -0.67419   -0.67344   -0.67342   -0.67326   -0.67323   -0.67305   -0.67300
  -0.66858   -0.66836   -0.66735   -0.66711   -0.66669   -0.66645   -0.66636   -0.66633
  -0.66627   -0.66622   -0.66611   -0.66604   -0.66599   -0.66592   -0.66589   -0.66571
  -0.66567   -0.66553   -0.66504   -0.66485   -0.38458   -0.38010   -0.37581   -0.37313
  -0.34760   -0.34759   -0.16693   -0.16474   -0.14409   -0.14057   -0.12285   -0.11995
  -0.10468   -0.08949   -0.06973   -0.04873   -0.04782   -0.04624   -0.03850   -0.02866
  -0.02408   -0.01768   -0.01348   -0.00632    0.01988    0.02803    0.03946    0.05147
   0.09034    0.10676    0.19371    0.21411    0.25040    0.25239    0.25288    0.25677
   0.27406    0.27526    0.27826    0.28283    0.30055    0.30127
 kpt#  41, nband=102, wtk=  0.02778, kpt=  0.4583  0.3750  0.3750 (reduced coord)
  -1.68140   -1.68070   -1.67999   -1.67977   -1.67907   -1.67870   -1.67810   -1.67779
  -1.67679   -1.67601   -1.67555   -1.67530   -1.67501   -1.67475   -1.67435   -1.67311
  -1.67233   -1.67154   -1.66901   -1.66802   -1.65456   -1.65327   -1.65259   -1.65202
  -1.65120   -1.65033   -1.64949   -1.64929   -1.64906   -1.64869   -0.67555   -0.67544
  -0.67443   -0.67427   -0.67347   -0.67339   -0.67321   -0.67313   -0.67302   -0.67292
  -0.66857   -0.66851   -0.66742   -0.66727   -0.66674   -0.66662   -0.66640   -0.66633
  -0.66623   -0.66610   -0.66602   -0.66598   -0.66593   -0.66584   -0.66577   -0.66573
  -0.66558   -0.66552   -0.66500   -0.66476   -0.37869   -0.37629   -0.37473   -0.37464
  -0.34583   -0.34582   -0.16247   -0.16175   -0.13935   -0.13832   -0.12148   -0.11945
  -0.09473   -0.08690   -0.07253   -0.07150   -0.06703   -0.05315   -0.04419   -0.03313
  -0.03052   -0.02595   -0.01136   -0.00997    0.00062    0.00856    0.03717    0.04341
   0.09606    0.10196    0.20303    0.21025    0.24882    0.25388    0.26457    0.26614
   0.27868    0.28442    0.29113    0.29681    0.30306    0.31383
 kpt#  42, nband=102, wtk=  0.01389, kpt=  0.4583  0.4583  0.3750 (reduced coord)
  -1.68131   -1.68064   -1.68037   -1.67912   -1.67907   -1.67867   -1.67818   -1.67734
  -1.67571   -1.67560   -1.67545   -1.67510   -1.67486   -1.67442   -1.67425   -1.67391
  -1.67307   -1.67209   -1.66990   -1.66777   -1.65353   -1.65319   -1.65307   -1.65200
  -1.65109   -1.65023   -1.64997   -1.64971   -1.64964   -1.64924   -0.67563   -0.67547
  -0.67446   -0.67425   -0.67346   -0.67342   -0.67323   -0.67306   -0.67295   -0.67285
  -0.66879   -0.66847   -0.66749   -0.66728   -0.66676   -0.66664   -0.66648   -0.66638
  -0.66618   -0.66617   -0.66608   -0.66607   -0.66591   -0.66591   -0.66567   -0.66566
  -0.66563   -0.66558   -0.66489   -0.66471   -0.37517   -0.37392   -0.37341   -0.37305
  -0.34366   -0.34365   -0.15276   -0.15257   -0.12795   -0.12769   -0.11446   -0.11212
  -0.09866   -0.09686   -0.08865   -0.08703   -0.07697   -0.07013   -0.05332   -0.04834
  -0.03089   -0.02961   -0.01995   -0.01794   -0.01543   -0.01175    0.03846    0.04085
   0.09889    0.10096    0.21096    0.21350    0.24322    0.24549    0.27020    0.27184
   0.28001    0.28749    0.30146    0.30216    0.31825    0.32108
