
 **** DERIVATIVE DATABASE ****    
+DDB, Version number    100401

  Note : temporary (transfer) database

    usepaw         0
     natom        12
      nkpt        42
    nsppol         1
      nsym        16
    ntypat         2
    occopt         1
     nband       102
     acell  0.77624316804222D+01  0.77624316804222D+01  0.77624316804222D+01
       amu  0.11871000000000D+03  0.78960000000000D+02
   dilatmx  0.10000000000000D+01
      ecut  0.22500000000000D+02
    ecutsm  0.00000000000000D+00
     intxc         0
      iscf        17
       ixc   -101130
       kpt  0.41666666666667D-01  0.41666666666667D-01  0.12500000000000D+00
            0.12500000000000D+00  0.41666666666667D-01  0.12500000000000D+00
            0.20833333333333D+00  0.41666666666667D-01  0.12500000000000D+00
            0.29166666666667D+00  0.41666666666667D-01  0.12500000000000D+00
            0.37500000000000D+00  0.41666666666667D-01  0.12500000000000D+00
            0.45833333333333D+00  0.41666666666667D-01  0.12500000000000D+00
            0.12500000000000D+00  0.12500000000000D+00  0.12500000000000D+00
            0.20833333333333D+00  0.12500000000000D+00  0.12500000000000D+00
            0.29166666666667D+00  0.12500000000000D+00  0.12500000000000D+00
            0.37500000000000D+00  0.12500000000000D+00  0.12500000000000D+00
            0.45833333333333D+00  0.12500000000000D+00  0.12500000000000D+00
            0.20833333333333D+00  0.20833333333333D+00  0.12500000000000D+00
            0.29166666666667D+00  0.20833333333333D+00  0.12500000000000D+00
            0.37500000000000D+00  0.20833333333333D+00  0.12500000000000D+00
            0.45833333333333D+00  0.20833333333333D+00  0.12500000000000D+00
            0.29166666666667D+00  0.29166666666667D+00  0.12500000000000D+00
            0.37500000000000D+00  0.29166666666667D+00  0.12500000000000D+00
            0.45833333333333D+00  0.29166666666667D+00  0.12500000000000D+00
            0.37500000000000D+00  0.37500000000000D+00  0.12500000000000D+00
            0.45833333333333D+00  0.37500000000000D+00  0.12500000000000D+00
            0.45833333333333D+00  0.45833333333333D+00  0.12500000000000D+00
            0.41666666666667D-01  0.41666666666667D-01  0.37500000000000D+00
            0.12500000000000D+00  0.41666666666667D-01  0.37500000000000D+00
            0.20833333333333D+00  0.41666666666667D-01  0.37500000000000D+00
            0.29166666666667D+00  0.41666666666667D-01  0.37500000000000D+00
            0.37500000000000D+00  0.41666666666667D-01  0.37500000000000D+00
            0.45833333333333D+00  0.41666666666667D-01  0.37500000000000D+00
            0.12500000000000D+00  0.12500000000000D+00  0.37500000000000D+00
            0.20833333333333D+00  0.12500000000000D+00  0.37500000000000D+00
            0.29166666666667D+00  0.12500000000000D+00  0.37500000000000D+00
            0.37500000000000D+00  0.12500000000000D+00  0.37500000000000D+00
            0.45833333333333D+00  0.12500000000000D+00  0.37500000000000D+00
            0.20833333333333D+00  0.20833333333333D+00  0.37500000000000D+00
            0.29166666666667D+00  0.20833333333333D+00  0.37500000000000D+00
            0.37500000000000D+00  0.20833333333333D+00  0.37500000000000D+00
            0.45833333333333D+00  0.20833333333333D+00  0.37500000000000D+00
            0.29166666666667D+00  0.29166666666667D+00  0.37500000000000D+00
            0.37500000000000D+00  0.29166666666667D+00  0.37500000000000D+00
            0.45833333333333D+00  0.29166666666667D+00  0.37500000000000D+00
            0.37500000000000D+00  0.37500000000000D+00  0.37500000000000D+00
            0.45833333333333D+00  0.37500000000000D+00  0.37500000000000D+00
            0.45833333333333D+00  0.45833333333333D+00  0.37500000000000D+00
    kptnrm  0.10000000000000D+01
     ngfft        36   36  192
    nspden         1
   nspinor         1
       occ  0.20000000000000D+01  0.20000000000000D+01  0.20000000000000D+01
            0.20000000000000D+01  0.20000000000000D+01  0.20000000000000D+01
            0.20000000000000D+01  0.20000000000000D+01  0.20000000000000D+01
            0.20000000000000D+01  0.20000000000000D+01  0.20000000000000D+01
            0.20000000000000D+01  0.20000000000000D+01  0.20000000000000D+01
            0.20000000000000D+01  0.20000000000000D+01  0.20000000000000D+01
            0.20000000000000D+01  0.20000000000000D+01  0.20000000000000D+01
            0.20000000000000D+01  0.20000000000000D+01  0.20000000000000D+01
            0.20000000000000D+01  0.20000000000000D+01  0.20000000000000D+01
            0.20000000000000D+01  0.20000000000000D+01  0.20000000000000D+01
            0.20000000000000D+01  0.20000000000000D+01  0.20000000000000D+01
            0.20000000000000D+01  0.20000000000000D+01  0.20000000000000D+01
            0.20000000000000D+01  0.20000000000000D+01  0.20000000000000D+01
            0.20000000000000D+01  0.20000000000000D+01  0.20000000000000D+01
            0.20000000000000D+01  0.20000000000000D+01  0.20000000000000D+01
            0.20000000000000D+01  0.20000000000000D+01  0.20000000000000D+01
            0.20000000000000D+01  0.20000000000000D+01  0.20000000000000D+01
            0.20000000000000D+01  0.20000000000000D+01  0.20000000000000D+01
            0.20000000000000D+01  0.20000000000000D+01  0.20000000000000D+01
            0.20000000000000D+01  0.20000000000000D+01  0.20000000000000D+01
            0.20000000000000D+01  0.20000000000000D+01  0.20000000000000D+01
            0.20000000000000D+01  0.20000000000000D+01  0.20000000000000D+01
            0.20000000000000D+01  0.20000000000000D+01  0.20000000000000D+01
            0.20000000000000D+01  0.20000000000000D+01  0.20000000000000D+01
            0.20000000000000D+01  0.20000000000000D+01  0.20000000000000D+01
            0.20000000000000D+01  0.20000000000000D+01  0.20000000000000D+01
            0.20000000000000D+01  0.20000000000000D+01  0.20000000000000D+01
            0.20000000000000D+01  0.20000000000000D+01  0.20000000000000D+01
            0.20000000000000D+01  0.20000000000000D+01  0.20000000000000D+01
            0.20000000000000D+01  0.20000000000000D+01  0.20000000000000D+01
            0.00000000000000D+00  0.00000000000000D+00  0.00000000000000D+00
            0.00000000000000D+00  0.00000000000000D+00  0.00000000000000D+00
            0.00000000000000D+00  0.00000000000000D+00  0.00000000000000D+00
            0.00000000000000D+00  0.00000000000000D+00  0.00000000000000D+00
     rprim  0.10000000000000D+01  0.00000000000000D+00  0.00000000000000D+00
            0.00000000000000D+00  0.10000000000000D+01  0.00000000000000D+00
            0.00000000000000D+00  0.00000000000000D+00  0.55880443615433D+01
  dfpt_sciss  0.00000000000000D+00
    spinat  0.00000000000000D+00  0.00000000000000D+00  0.00000000000000D+00
            0.00000000000000D+00  0.00000000000000D+00  0.00000000000000D+00
            0.00000000000000D+00  0.00000000000000D+00  0.00000000000000D+00
            0.00000000000000D+00  0.00000000000000D+00  0.00000000000000D+00
            0.00000000000000D+00  0.00000000000000D+00  0.00000000000000D+00
            0.00000000000000D+00  0.00000000000000D+00  0.00000000000000D+00
            0.00000000000000D+00  0.00000000000000D+00  0.00000000000000D+00
            0.00000000000000D+00  0.00000000000000D+00  0.00000000000000D+00
            0.00000000000000D+00  0.00000000000000D+00  0.00000000000000D+00
            0.00000000000000D+00  0.00000000000000D+00  0.00000000000000D+00
            0.00000000000000D+00  0.00000000000000D+00  0.00000000000000D+00
            0.00000000000000D+00  0.00000000000000D+00  0.00000000000000D+00
    symafm         1    1    1    1    1    1    1    1    1    1    1    1
                   1    1    1    1
    symrel         1    0    0    0    1    0    0    0    1
                  -1    0    0    0   -1    0    0    0   -1
                  -1    0    0    0    1    0    0    0   -1
                   1    0    0    0   -1    0    0    0    1
                  -1    0    0    0   -1    0    0    0    1
                   1    0    0    0    1    0    0    0   -1
                   1    0    0    0   -1    0    0    0   -1
                  -1    0    0    0    1    0    0    0    1
                   0    1    0    1    0    0    0    0    1
                   0   -1    0   -1    0    0    0    0   -1
                   0   -1    0    1    0    0    0    0   -1
                   0    1    0   -1    0    0    0    0    1
                   0   -1    0   -1    0    0    0    0    1
                   0    1    0    1    0    0    0    0   -1
                   0    1    0   -1    0    0    0    0   -1
                   0   -1    0    1    0    0    0    0    1
     tnons  0.00000000000000D+00  0.00000000000000D+00  0.00000000000000D+00
            0.50000000000000D+00  0.50000000000000D+00 -0.11102230246252D-15
            0.50000000000000D+00  0.50000000000000D+00 -0.11102230246252D-15
            0.00000000000000D+00  0.00000000000000D+00  0.00000000000000D+00
           -0.11102230246252D-15  0.00000000000000D+00  0.00000000000000D+00
            0.50000000000000D+00  0.50000000000000D+00 -0.11102230246252D-15
            0.50000000000000D+00  0.50000000000000D+00 -0.11102230246252D-15
           -0.11102230246252D-15  0.00000000000000D+00  0.00000000000000D+00
            0.50000000000000D+00  0.50000000000000D+00  0.00000000000000D+00
            0.00000000000000D+00 -0.11102230246252D-15 -0.11102230246252D-15
            0.00000000000000D+00 -0.11102230246252D-15 -0.11102230246252D-15
            0.50000000000000D+00  0.50000000000000D+00  0.00000000000000D+00
            0.50000000000000D+00  0.50000000000000D+00  0.00000000000000D+00
            0.00000000000000D+00  0.00000000000000D+00 -0.11102230246252D-15
            0.00000000000000D+00  0.00000000000000D+00 -0.11102230246252D-15
            0.50000000000000D+00  0.50000000000000D+00  0.00000000000000D+00
    tolwfr  0.10000000000000D+01
   tphysel  0.00000000000000D+00
    tsmear  0.10000000000000D-01
     typat         1    1    1    1    1    1    2    2    2    2    2    2
       wtk  0.13888888888889D-01  0.27777777777778D-01  0.27777777777778D-01
            0.27777777777778D-01  0.27777777777778D-01  0.27777777777778D-01
            0.13888888888889D-01  0.27777777777778D-01  0.27777777777778D-01
            0.27777777777778D-01  0.27777777777778D-01  0.13888888888889D-01
            0.27777777777778D-01  0.27777777777778D-01  0.27777777777778D-01
            0.13888888888889D-01  0.27777777777778D-01  0.27777777777778D-01
            0.13888888888889D-01  0.27777777777778D-01  0.13888888888889D-01
            0.13888888888889D-01  0.27777777777778D-01  0.27777777777778D-01
            0.27777777777778D-01  0.27777777777778D-01  0.27777777777778D-01
            0.13888888888889D-01  0.27777777777778D-01  0.27777777777778D-01
            0.27777777777778D-01  0.27777777777778D-01  0.13888888888889D-01
            0.27777777777778D-01  0.27777777777778D-01  0.27777777777778D-01
            0.13888888888889D-01  0.27777777777778D-01  0.27777777777778D-01
            0.13888888888889D-01  0.27777777777778D-01  0.13888888888889D-01
      xred  0.50000000000000D+00  0.00000000000000D+00  0.20329600000000D+00
            0.00000000000000D+00  0.50000000000000D+00  0.32308500000000D+00
            0.50000000000000D+00  0.00000000000000D+00  0.44010600000000D+00
            0.00000000000000D+00  0.50000000000000D+00  0.55989400000000D+00
            0.50000000000000D+00  0.00000000000000D+00  0.67691500000000D+00
            0.00000000000000D+00  0.50000000000000D+00  0.79670400000000D+00
            0.00000000000000D+00  0.50000000000000D+00  0.20468000000000D+00
            0.50000000000000D+00  0.00000000000000D+00  0.32170100000000D+00
            0.00000000000000D+00  0.50000000000000D+00  0.44149000000000D+00
            0.50000000000000D+00  0.00000000000000D+00  0.55851000000000D+00
            0.00000000000000D+00  0.50000000000000D+00  0.67829900000000D+00
            0.50000000000000D+00  0.00000000000000D+00  0.79532000000000D+00
     znucl  0.50000000000000D+02  0.34000000000000D+02
      zion  0.14000000000000D+02  0.16000000000000D+02
 
 No information on the potentials yet 
 
 **** Database of total energy derivatives ****
 Number of data blocks=    2
  
 Total energy                 - # elements :       1
 -0.11936423932497D+04  0.00000000000000D+00
  
 1st derivatives              - # elements :      42
   1   1  0.15777218104420D-29  0.00000000000000D+00
   2   1  0.20707598762052D-29  0.00000000000000D+00
   3   1  0.55592552573510D+00  0.00000000000000D+00
   1   2  0.00000000000000D+00  0.00000000000000D+00
   2   2  0.00000000000000D+00  0.00000000000000D+00
   3   2  0.57603168467376D+00  0.00000000000000D+00
   1   3  0.00000000000000D+00  0.00000000000000D+00
   2   3  0.00000000000000D+00  0.00000000000000D+00
   3   3 -0.18782467002770D+00  0.00000000000000D+00
   1   4  0.00000000000000D+00  0.00000000000000D+00
   2   4  0.00000000000000D+00  0.00000000000000D+00
   3   4  0.18782467002770D+00  0.00000000000000D+00
   1   5  0.15777218104420D-29  0.00000000000000D+00
   2   5  0.17749370367473D-29  0.00000000000000D+00
   3   5 -0.57603168467376D+00  0.00000000000000D+00
   1   6  0.00000000000000D+00  0.00000000000000D+00
   2   6  0.00000000000000D+00  0.00000000000000D+00
   3   6 -0.55592552573510D+00  0.00000000000000D+00
   1   7  0.00000000000000D+00  0.00000000000000D+00
   2   7  0.00000000000000D+00  0.00000000000000D+00
   3   7  0.66550385586852D+00  0.00000000000000D+00
   1   8 -0.47331654313261D-29  0.00000000000000D+00
   2   8  0.94663308626521D-29  0.00000000000000D+00
   3   8  0.40506611425350D+00  0.00000000000000D+00
   1   9  0.63108872417681D-29  0.00000000000000D+00
   2   9  0.31554436208840D-29  0.00000000000000D+00
   3   9 -0.67591688409036D-01  0.00000000000000D+00
   1  10  0.00000000000000D+00  0.00000000000000D+00
   2  10  0.00000000000000D+00  0.00000000000000D+00
   3  10  0.67591688409036D-01  0.00000000000000D+00
   1  11  0.00000000000000D+00  0.00000000000000D+00
   2  11  0.00000000000000D+00  0.00000000000000D+00
   3  11 -0.40506611425350D+00  0.00000000000000D+00
   1  12  0.31554436208840D-29  0.00000000000000D+00
   2  12  0.31554436208840D-29  0.00000000000000D+00
   3  12 -0.66550385586852D+00  0.00000000000000D+00
   1  15  0.13139416326687D-01  0.00000000000000D+00
   2  15  0.13139416326687D-01  0.00000000000000D+00
   3  15  0.12878934743585D-01  0.00000000000000D+00
   1  16  0.00000000000000D+00  0.00000000000000D+00
   2  16  0.00000000000000D+00  0.00000000000000D+00
   3  16  0.00000000000000D+00  0.00000000000000D+00
