 Expectation of eigenvalue derivatives (hartree) for nkpt=  18  k points:
  (in case of degenerate eigenvalues, averaged derivative)
 kpt#   1, nband=300, wtk=  0.05556, kpt=  0.0833  0.0833  0.5000 (reduced coord)
  -0.00000    0.00000   -0.00000   -0.00000    0.00000    0.00000    0.00000    0.00000
  -0.00000   -0.00000    0.00000   -0.00000    0.00000    0.00000    0.00000   -0.00000
  -0.00000    0.00000    0.00000   -0.00000    0.00000    0.00000   -0.00000    0.00000
  -0.00000    0.00000    0.00000    0.00000   -0.00000   -0.00000   -0.00000   -0.00000
   0.00000   -0.00000   -0.00000   -0.00000    0.00000    0.00000   -0.00000   -0.00000
   0.00000   -0.00000   -0.00000   -0.00000   -0.00000   -0.00000    0.00000    0.00000
   0.00000    0.00000   -0.00000    0.00000    0.00000   -0.00000   -0.00000   -0.00000
  -0.00000   -0.00000   -0.00000    0.00000    0.00000   -0.00000    0.00000   -0.00000
  -0.00000    0.00000   -0.00000    0.00000    0.00000   -0.00000   -0.00000   -0.00000
  -0.00000   -0.00000    0.00000   -0.00000    0.00000    0.00000   -0.00000   -0.00000
  -0.00000    0.00000    0.00000    0.00000   -0.00000    0.00000   -0.00000    0.00000
  -0.00000    0.00000    0.00000    0.00000    0.00000   -0.00000    0.00000    0.00000
  -0.00000    0.00000   -0.00000   -0.00000    0.00000    0.00000    0.00000    0.00000
   0.00000   -0.00000   -0.00000   -0.00000   -0.00000    0.00000   -0.00000    0.00000
  -0.00000   -0.00000   -0.00000   -0.00000    0.00000   -0.00000    0.00000    0.00000
  -0.00000    0.00000    0.00000   -0.00000    0.00000   -0.00000   -0.00000    0.00000
  -0.00000   -0.00000    0.00000    0.00000   -0.00000   -0.00000   -0.00000   -0.00000
   0.00000   -0.00000    0.00000    0.00000    0.00000    0.00000    0.00000   -0.00000
   0.00000    0.00000    0.00000    0.00000    0.00000   -0.00000    0.00000    0.00000
   0.00000   -0.00000    0.00000    0.00000    0.00000    0.00000   -0.00000   -0.00000
  -0.00000   -0.00000   -0.00000   -0.00000    0.00000    0.00000    0.00000   -0.00000
  -0.00000   -0.00000   -0.00000    0.00000   -0.00000   -0.00000    0.00000    0.00000
  -0.00000    0.00000    0.00000    0.00000   -0.00000    0.00000   -0.00000    0.00000
   0.00000   -0.00000   -0.00000    0.00000   -0.00000   -0.00000    0.00000   -0.00000
   0.00000    0.00000    0.00000   -0.00000   -0.00000    0.00000   -0.00000   -0.00000
   0.00000   -0.00000    0.00000   -0.00000    0.00000   -0.00000    0.00000   -0.00000
   0.00000    0.00000   -0.00000   -0.00000    0.00000   -0.00000   -0.00000    0.00000
  -0.00000    0.00000    0.00000   -0.00000    0.00000    0.00000    0.00000   -0.00000
  -0.00000   -0.00000    0.00000   -0.00000   -0.00000   -0.00000    0.00000    0.00000
  -0.00000    0.00000    0.00000   -0.00000   -0.00000   -0.00000    0.00000    0.00000
  -0.00000   -0.00000   -0.00000    0.00000    0.00000    0.00000    0.00000   -0.00000
   0.00000    0.00000   -0.00000   -0.00000    0.00000    0.00000    0.00000    0.00000
  -0.00000    0.00000   -0.00000    0.00000    0.00000    0.00000   -0.00000   -0.00000
   0.00000    0.00000    0.00000   -0.00000   -0.00000    0.00000   -0.00000   -0.00000
   0.00000   -0.00000   -0.00000   -0.00000   -0.00000   -0.00000   -0.00000   -0.00000
  -0.00000    0.00000   -0.00000   -0.00000   -0.00000    0.00000    0.00000    0.00000
  -0.00000   -0.00000   -0.00000   -0.00000    0.00000   -0.00000   -0.00000    0.00000
   0.00000   -0.00000    0.00000   -0.00000
 kpt#   2, nband=300, wtk=  0.05556, kpt=  0.2500  0.0833  0.5000 (reduced coord)
  -0.00000   -0.00000    0.00000    0.00000    0.00000   -0.00000   -0.00000    0.00000
   0.00000    0.00000   -0.00000    0.00000    0.00000   -0.00000   -0.00000    0.00000
   0.00000   -0.00000   -0.00000   -0.00000   -0.00000    0.00000    0.00000    0.00000
   0.00000    0.00000   -0.00000    0.00000   -0.00000   -0.00000    0.00000   -0.00000
   0.00000   -0.00000   -0.00000   -0.00000    0.00000   -0.00000   -0.00000    0.00000
  -0.00000   -0.00000    0.00000   -0.00000   -0.00000   -0.00000   -0.00000    0.00000
   0.00000   -0.00000   -0.00000   -0.00000   -0.00000   -0.00000   -0.00000    0.00000
  -0.00000    0.00000    0.00000   -0.00000   -0.00000    0.00000   -0.00000   -0.00000
  -0.00000    0.00000    0.00000   -0.00000    0.00000    0.00000   -0.00000    0.00000
  -0.00000    0.00000    0.00000   -0.00000   -0.00000    0.00000   -0.00000   -0.00000
   0.00000    0.00000    0.00000    0.00000    0.00000   -0.00000    0.00000   -0.00000
   0.00000    0.00000    0.00000    0.00000    0.00000   -0.00000    0.00000   -0.00000
  -0.00000   -0.00000   -0.00000    0.00000    0.00000    0.00000   -0.00000    0.00000
   0.00000   -0.00000   -0.00000   -0.00000   -0.00000   -0.00000    0.00000   -0.00000
   0.00000   -0.00000   -0.00000    0.00000    0.00000   -0.00000    0.00000   -0.00000
   0.00000   -0.00000   -0.00000   -0.00000    0.00000    0.00000   -0.00000    0.00000
  -0.00000   -0.00000   -0.00000   -0.00000    0.00000   -0.00000    0.00000    0.00000
  -0.00000    0.00000    0.00000   -0.00000   -0.00000    0.00000   -0.00000   -0.00000
  -0.00000   -0.00000    0.00000   -0.00000    0.00000   -0.00000   -0.00000   -0.00000
   0.00000   -0.00000    0.00000   -0.00000    0.00000   -0.00000    0.00000   -0.00000
  -0.00000    0.00000    0.00000   -0.00000    0.00000    0.00000    0.00000   -0.00000
  -0.00000   -0.00000    0.00000   -0.00000    0.00000   -0.00000   -0.00000    0.00000
   0.00000   -0.00000   -0.00000    0.00000   -0.00000   -0.00000   -0.00000    0.00000
   0.00000    0.00000   -0.00000    0.00000    0.00000   -0.00000    0.00000   -0.00000
  -0.00000   -0.00000    0.00000    0.00000    0.00000   -0.00000   -0.00000   -0.00000
  -0.00000    0.00000   -0.00000    0.00000   -0.00000    0.00000    0.00000   -0.00000
  -0.00000   -0.00000    0.00000   -0.00000    0.00000    0.00000   -0.00000   -0.00000
  -0.00000    0.00000   -0.00000   -0.00000   -0.00000    0.00000   -0.00000   -0.00000
  -0.00000    0.00000   -0.00000    0.00000   -0.00000   -0.00000   -0.00000   -0.00000
  -0.00000    0.00000   -0.00000    0.00000    0.00000   -0.00000   -0.00000    0.00000
   0.00000   -0.00000    0.00000    0.00000   -0.00000    0.00000    0.00000   -0.00000
  -0.00000   -0.00000    0.00000   -0.00000   -0.00000    0.00000    0.00000   -0.00000
   0.00000   -0.00000   -0.00000    0.00000    0.00000   -0.00000    0.00000   -0.00000
   0.00000    0.00000    0.00000   -0.00000   -0.00000    0.00000   -0.00000    0.00000
   0.00000   -0.00000    0.00000   -0.00000    0.00000   -0.00000   -0.00000   -0.00000
  -0.00000   -0.00000   -0.00000   -0.00000   -0.00000   -0.00000   -0.00000   -0.00000
   0.00000   -0.00000   -0.00000   -0.00000    0.00000   -0.00000   -0.00000   -0.00000
   0.00000   -0.00000    0.00000   -0.00008
 kpt#   3, nband=300, wtk=  0.05556, kpt=  0.4167  0.0833  0.5000 (reduced coord)
  -0.00000   -0.00000    0.00000   -0.00000    0.00000   -0.00000   -0.00000    0.00000
  -0.00000   -0.00000    0.00000   -0.00000    0.00000   -0.00000    0.00000   -0.00000
   0.00000    0.00000   -0.00000    0.00000   -0.00000    0.00000   -0.00000   -0.00000
   0.00000   -0.00000   -0.00000   -0.00000    0.00000   -0.00000   -0.00000    0.00000
   0.00000    0.00000    0.00000   -0.00000   -0.00000   -0.00000    0.00000    0.00000
   0.00000   -0.00000   -0.00000    0.00000    0.00000   -0.00000   -0.00000    0.00000
  -0.00000   -0.00000    0.00000   -0.00000    0.00000    0.00000    0.00000   -0.00000
  -0.00000    0.00000    0.00000    0.00000   -0.00000    0.00000    0.00000    0.00000
   0.00000    0.00000   -0.00000   -0.00000    0.00000   -0.00000   -0.00000    0.00000
  -0.00000    0.00000    0.00000   -0.00000    0.00000   -0.00000   -0.00000   -0.00000
   0.00000   -0.00000   -0.00000   -0.00000    0.00000    0.00000   -0.00000    0.00000
   0.00000   -0.00000   -0.00000   -0.00000   -0.00000   -0.00000   -0.00000    0.00000
   0.00000    0.00000    0.00000    0.00000    0.00000   -0.00000   -0.00000   -0.00000
   0.00000    0.00000   -0.00000    0.00000    0.00000   -0.00000   -0.00000    0.00000
  -0.00000    0.00000    0.00000    0.00000   -0.00000    0.00000    0.00000   -0.00000
  -0.00000   -0.00000    0.00000   -0.00000    0.00000    0.00000    0.00000   -0.00000
   0.00000    0.00000   -0.00000   -0.00000    0.00000   -0.00000   -0.00000   -0.00000
   0.00000    0.00000   -0.00000   -0.00000   -0.00000   -0.00000    0.00000   -0.00000
   0.00000    0.00000   -0.00000   -0.00000   -0.00000    0.00000   -0.00000   -0.00000
   0.00000    0.00000    0.00000   -0.00000   -0.00000    0.00000    0.00000   -0.00000
   0.00000   -0.00000    0.00000   -0.00000    0.00000    0.00000   -0.00000    0.00000
   0.00000    0.00000   -0.00000   -0.00000    0.00000    0.00000    0.00000    0.00000
   0.00000   -0.00000    0.00000   -0.00000    0.00000   -0.00000   -0.00000    0.00000
  -0.00000    0.00000    0.00000    0.00000    0.00000   -0.00000   -0.00000    0.00000
  -0.00000    0.00000   -0.00000    0.00000   -0.00000   -0.00000   -0.00000    0.00000
   0.00000   -0.00000    0.00000   -0.00000    0.00000   -0.00000   -0.00000    0.00000
   0.00000    0.00000   -0.00000    0.00000   -0.00000    0.00000   -0.00000   -0.00000
  -0.00000    0.00000    0.00000   -0.00000   -0.00000    0.00000    0.00000   -0.00000
   0.00000   -0.00000   -0.00000   -0.00000    0.00000    0.00000    0.00000   -0.00000
  -0.00000    0.00000    0.00000   -0.00000   -0.00000   -0.00000   -0.00000    0.00000
   0.00000    0.00000   -0.00000    0.00000    0.00000    0.00000   -0.00000   -0.00000
   0.00000   -0.00000   -0.00000   -0.00000   -0.00000    0.00000    0.00000   -0.00000
  -0.00000   -0.00000    0.00000   -0.00000   -0.00000    0.00000    0.00000    0.00000
  -0.00000   -0.00000    0.00000   -0.00000    0.00000    0.00000   -0.00000    0.00000
  -0.00000    0.00000   -0.00000   -0.00000   -0.00000   -0.00000   -0.00000    0.00000
  -0.00000    0.00000   -0.00000    0.00000    0.00000   -0.00000   -0.00000    0.00000
   0.00000    0.00000   -0.00000    0.00000    0.00000   -0.00000    0.00000   -0.00000
   0.00000   -0.00000    0.00000    0.00001
 kpt#   4, nband=300, wtk=  0.05556, kpt= -0.4167  0.0833  0.5000 (reduced coord)
  -0.00000   -0.00000    0.00000   -0.00000    0.00000   -0.00000   -0.00000    0.00000
  -0.00000   -0.00000    0.00000   -0.00000   -0.00000   -0.00000    0.00000   -0.00000
   0.00000    0.00000   -0.00000    0.00000   -0.00000    0.00000   -0.00000   -0.00000
   0.00000   -0.00000   -0.00000   -0.00000    0.00000   -0.00000   -0.00000    0.00000
   0.00000    0.00000    0.00000   -0.00000   -0.00000   -0.00000    0.00000    0.00000
   0.00000   -0.00000   -0.00000    0.00000    0.00000   -0.00000   -0.00000    0.00000
  -0.00000   -0.00000    0.00000   -0.00000    0.00000    0.00000    0.00000   -0.00000
  -0.00000    0.00000   -0.00000    0.00000   -0.00000    0.00000    0.00000    0.00000
   0.00000    0.00000   -0.00000   -0.00000    0.00000   -0.00000   -0.00000    0.00000
  -0.00000    0.00000    0.00000   -0.00000    0.00000   -0.00000   -0.00000   -0.00000
   0.00000   -0.00000   -0.00000   -0.00000    0.00000    0.00000   -0.00000    0.00000
   0.00000   -0.00000   -0.00000   -0.00000   -0.00000   -0.00000   -0.00000    0.00000
   0.00000    0.00000    0.00000    0.00000    0.00000   -0.00000   -0.00000   -0.00000
   0.00000    0.00000   -0.00000    0.00000    0.00000   -0.00000   -0.00000    0.00000
  -0.00000    0.00000    0.00000    0.00000   -0.00000    0.00000    0.00000   -0.00000
  -0.00000   -0.00000    0.00000   -0.00000    0.00000    0.00000    0.00000   -0.00000
   0.00000    0.00000   -0.00000   -0.00000    0.00000   -0.00000   -0.00000    0.00000
   0.00000    0.00000   -0.00000   -0.00000   -0.00000   -0.00000    0.00000   -0.00000
   0.00000    0.00000   -0.00000   -0.00000   -0.00000    0.00000   -0.00000   -0.00000
   0.00000    0.00000    0.00000   -0.00000   -0.00000    0.00000    0.00000   -0.00000
   0.00000   -0.00000    0.00000   -0.00000    0.00000    0.00000   -0.00000    0.00000
   0.00000    0.00000   -0.00000   -0.00000    0.00000    0.00000    0.00000    0.00000
   0.00000   -0.00000    0.00000   -0.00000    0.00000   -0.00000   -0.00000    0.00000
  -0.00000    0.00000    0.00000    0.00000    0.00000   -0.00000   -0.00000    0.00000
  -0.00000    0.00000   -0.00000    0.00000   -0.00000   -0.00000   -0.00000    0.00000
   0.00000   -0.00000    0.00000   -0.00000    0.00000   -0.00000   -0.00000    0.00000
   0.00000    0.00000   -0.00000    0.00000   -0.00000    0.00000   -0.00000   -0.00000
  -0.00000    0.00000    0.00000   -0.00000   -0.00000    0.00000    0.00000   -0.00000
   0.00000   -0.00000   -0.00000   -0.00000    0.00000    0.00000    0.00000   -0.00000
  -0.00000    0.00000    0.00000   -0.00000   -0.00000   -0.00000   -0.00000    0.00000
   0.00000    0.00000   -0.00000    0.00000    0.00000    0.00000   -0.00000   -0.00000
   0.00000   -0.00000   -0.00000   -0.00000   -0.00000    0.00000    0.00000   -0.00000
  -0.00000   -0.00000    0.00000   -0.00000   -0.00000    0.00000    0.00000    0.00000
  -0.00000   -0.00000    0.00000   -0.00000    0.00000    0.00000   -0.00000    0.00000
  -0.00000    0.00000   -0.00000   -0.00000   -0.00000   -0.00000   -0.00000    0.00000
  -0.00000    0.00000   -0.00000    0.00000    0.00000   -0.00000   -0.00000    0.00000
   0.00000    0.00000   -0.00000    0.00000    0.00000   -0.00000    0.00000   -0.00000
   0.00000   -0.00000    0.00000    0.00001
 kpt#   5, nband=300, wtk=  0.05556, kpt= -0.2500  0.0833  0.5000 (reduced coord)
  -0.00000   -0.00000    0.00000    0.00000    0.00000   -0.00000   -0.00000    0.00000
   0.00000    0.00000   -0.00000    0.00000    0.00000   -0.00000   -0.00000    0.00000
   0.00000   -0.00000   -0.00000   -0.00000   -0.00000    0.00000   -0.00000    0.00000
   0.00000    0.00000   -0.00000    0.00000   -0.00000   -0.00000    0.00000   -0.00000
   0.00000   -0.00000   -0.00000   -0.00000    0.00000    0.00000    0.00000    0.00000
  -0.00000   -0.00000    0.00000   -0.00000   -0.00000   -0.00000   -0.00000    0.00000
   0.00000   -0.00000   -0.00000   -0.00000   -0.00000   -0.00000   -0.00000    0.00000
  -0.00000    0.00000    0.00000   -0.00000   -0.00000    0.00000   -0.00000   -0.00000
  -0.00000    0.00000    0.00000   -0.00000    0.00000    0.00000   -0.00000    0.00000
  -0.00000    0.00000    0.00000   -0.00000   -0.00000    0.00000   -0.00000   -0.00000
   0.00000    0.00000    0.00000    0.00000    0.00000   -0.00000    0.00000   -0.00000
   0.00000    0.00000    0.00000    0.00000   -0.00000   -0.00000    0.00000   -0.00000
  -0.00000   -0.00000   -0.00000    0.00000    0.00000    0.00000   -0.00000   -0.00000
   0.00000   -0.00000   -0.00000   -0.00000   -0.00000   -0.00000    0.00000   -0.00000
   0.00000   -0.00000   -0.00000    0.00000    0.00000   -0.00000    0.00000   -0.00000
   0.00000   -0.00000   -0.00000   -0.00000    0.00000    0.00000   -0.00000    0.00000
  -0.00000   -0.00000   -0.00000   -0.00000    0.00000   -0.00000    0.00000    0.00000
  -0.00000    0.00000    0.00000   -0.00000   -0.00000    0.00000   -0.00000   -0.00000
  -0.00000   -0.00000    0.00000   -0.00000    0.00000   -0.00000   -0.00000   -0.00000
   0.00000   -0.00000    0.00000   -0.00000   -0.00000   -0.00000    0.00000   -0.00000
  -0.00000    0.00000    0.00000   -0.00000    0.00000    0.00000    0.00000   -0.00000
  -0.00000   -0.00000    0.00000   -0.00000    0.00000   -0.00000   -0.00000    0.00000
   0.00000   -0.00000   -0.00000    0.00000   -0.00000   -0.00000   -0.00000    0.00000
   0.00000    0.00000   -0.00000    0.00000    0.00000   -0.00000    0.00000   -0.00000
  -0.00000   -0.00000    0.00000    0.00000    0.00000   -0.00000   -0.00000   -0.00000
  -0.00000    0.00000   -0.00000    0.00000   -0.00000    0.00000    0.00000   -0.00000
  -0.00000   -0.00000    0.00000   -0.00000    0.00000    0.00000   -0.00000   -0.00000
   0.00000    0.00000   -0.00000   -0.00000   -0.00000    0.00000   -0.00000   -0.00000
  -0.00000    0.00000   -0.00000    0.00000   -0.00000   -0.00000   -0.00000   -0.00000
  -0.00000    0.00000   -0.00000    0.00000    0.00000   -0.00000   -0.00000    0.00000
   0.00000   -0.00000    0.00000    0.00000   -0.00000    0.00000    0.00000   -0.00000
  -0.00000   -0.00000    0.00000   -0.00000   -0.00000    0.00000    0.00000   -0.00000
   0.00000   -0.00000   -0.00000    0.00000    0.00000   -0.00000    0.00000    0.00000
   0.00000    0.00000    0.00000   -0.00000   -0.00000    0.00000   -0.00000    0.00000
   0.00000   -0.00000    0.00000   -0.00000    0.00000   -0.00000   -0.00000   -0.00000
  -0.00000   -0.00000   -0.00000   -0.00000   -0.00000   -0.00000   -0.00000   -0.00000
   0.00000   -0.00000   -0.00000   -0.00000    0.00000   -0.00000   -0.00000   -0.00000
   0.00000   -0.00000    0.00000   -0.00008
 kpt#   6, nband=300, wtk=  0.05556, kpt= -0.0833  0.0833  0.5000 (reduced coord)
  -0.00000    0.00000   -0.00000   -0.00000    0.00000    0.00000    0.00000    0.00000
  -0.00000   -0.00000   -0.00000   -0.00000    0.00000    0.00000    0.00000   -0.00000
  -0.00000    0.00000    0.00000   -0.00000    0.00000    0.00000   -0.00000    0.00000
  -0.00000    0.00000    0.00000    0.00000   -0.00000   -0.00000   -0.00000   -0.00000
   0.00000   -0.00000   -0.00000   -0.00000    0.00000   -0.00000   -0.00000   -0.00000
  -0.00000   -0.00000   -0.00000   -0.00000   -0.00000   -0.00000    0.00000    0.00000
   0.00000    0.00000   -0.00000    0.00000    0.00000   -0.00000   -0.00000   -0.00000
  -0.00000   -0.00000   -0.00000    0.00000    0.00000    0.00000    0.00000   -0.00000
  -0.00000    0.00000   -0.00000    0.00000    0.00000   -0.00000   -0.00000   -0.00000
  -0.00000   -0.00000    0.00000   -0.00000    0.00000    0.00000   -0.00000   -0.00000
  -0.00000    0.00000    0.00000    0.00000   -0.00000    0.00000   -0.00000    0.00000
  -0.00000    0.00000    0.00000    0.00000    0.00000   -0.00000    0.00000    0.00000
  -0.00000    0.00000   -0.00000   -0.00000    0.00000    0.00000    0.00000    0.00000
   0.00000   -0.00000   -0.00000   -0.00000   -0.00000    0.00000   -0.00000    0.00000
  -0.00000   -0.00000   -0.00000   -0.00000    0.00000   -0.00000    0.00000    0.00000
  -0.00000    0.00000    0.00000   -0.00000    0.00000   -0.00000   -0.00000    0.00000
  -0.00000   -0.00000    0.00000    0.00000   -0.00000   -0.00000   -0.00000   -0.00000
   0.00000   -0.00000    0.00000    0.00000    0.00000    0.00000    0.00000   -0.00000
   0.00000    0.00000    0.00000    0.00000    0.00000   -0.00000    0.00000    0.00000
   0.00000   -0.00000    0.00000    0.00000    0.00000    0.00000   -0.00000   -0.00000
  -0.00000   -0.00000   -0.00000   -0.00000    0.00000    0.00000    0.00000   -0.00000
  -0.00000   -0.00000   -0.00000    0.00000   -0.00000   -0.00000    0.00000    0.00000
  -0.00000    0.00000    0.00000    0.00000   -0.00000    0.00000   -0.00000    0.00000
   0.00000   -0.00000   -0.00000    0.00000   -0.00000   -0.00000    0.00000   -0.00000
   0.00000    0.00000    0.00000   -0.00000   -0.00000    0.00000   -0.00000   -0.00000
   0.00000   -0.00000    0.00000   -0.00000    0.00000   -0.00000    0.00000   -0.00000
   0.00000    0.00000   -0.00000   -0.00000    0.00000   -0.00000   -0.00000    0.00000
  -0.00000    0.00000    0.00000   -0.00000    0.00000    0.00000    0.00000   -0.00000
  -0.00000   -0.00000    0.00000   -0.00000   -0.00000   -0.00000    0.00000    0.00000
  -0.00000   -0.00000    0.00000   -0.00000   -0.00000   -0.00000    0.00000    0.00000
  -0.00000   -0.00000   -0.00000    0.00000    0.00000    0.00000   -0.00000   -0.00000
   0.00000    0.00000   -0.00000   -0.00000    0.00000    0.00000    0.00000    0.00000
  -0.00000    0.00000   -0.00000    0.00000    0.00000    0.00000   -0.00000   -0.00000
   0.00000    0.00000    0.00000   -0.00000   -0.00000    0.00000   -0.00000   -0.00000
   0.00000   -0.00000   -0.00000   -0.00000   -0.00000   -0.00000   -0.00000   -0.00000
  -0.00000    0.00000   -0.00000   -0.00000   -0.00000    0.00000    0.00000    0.00000
  -0.00000   -0.00000   -0.00000   -0.00000    0.00000   -0.00000   -0.00000    0.00000
   0.00000   -0.00000    0.00000   -0.00000
 kpt#   7, nband=300, wtk=  0.05556, kpt=  0.0833  0.2500  0.5000 (reduced coord)
  -0.00000   -0.00000    0.00000    0.00000    0.00000    0.00000   -0.00000    0.00000
   0.00000    0.00000   -0.00000    0.00000    0.00000   -0.00000   -0.00000    0.00000
   0.00000   -0.00000   -0.00000   -0.00000   -0.00000    0.00000   -0.00000    0.00000
  -0.00000    0.00000   -0.00000    0.00000   -0.00000   -0.00000    0.00000   -0.00000
   0.00000   -0.00000   -0.00000   -0.00000    0.00000   -0.00000    0.00000    0.00000
  -0.00000   -0.00000    0.00000   -0.00000   -0.00000   -0.00000   -0.00000    0.00000
   0.00000   -0.00000   -0.00000   -0.00000   -0.00000   -0.00000   -0.00000    0.00000
  -0.00000    0.00000    0.00000   -0.00000   -0.00000    0.00000   -0.00000   -0.00000
  -0.00000    0.00000    0.00000   -0.00000    0.00000    0.00000   -0.00000    0.00000
  -0.00000   -0.00000    0.00000   -0.00000   -0.00000    0.00000   -0.00000   -0.00000
   0.00000    0.00000    0.00000    0.00000    0.00000   -0.00000    0.00000   -0.00000
   0.00000    0.00000    0.00000    0.00000    0.00000   -0.00000    0.00000   -0.00000
  -0.00000   -0.00000   -0.00000    0.00000    0.00000    0.00000   -0.00000   -0.00000
   0.00000   -0.00000   -0.00000   -0.00000   -0.00000   -0.00000    0.00000   -0.00000
   0.00000   -0.00000   -0.00000    0.00000    0.00000   -0.00000    0.00000   -0.00000
   0.00000   -0.00000   -0.00000   -0.00000    0.00000    0.00000   -0.00000    0.00000
  -0.00000   -0.00000   -0.00000   -0.00000    0.00000   -0.00000    0.00000    0.00000
   0.00000    0.00000    0.00000   -0.00000   -0.00000    0.00000   -0.00000    0.00000
  -0.00000   -0.00000    0.00000   -0.00000    0.00000   -0.00000   -0.00000   -0.00000
   0.00000   -0.00000    0.00000   -0.00000    0.00000   -0.00000    0.00000   -0.00000
  -0.00000    0.00000    0.00000   -0.00000    0.00000    0.00000    0.00000   -0.00000
  -0.00000   -0.00000    0.00000   -0.00000    0.00000   -0.00000   -0.00000    0.00000
   0.00000   -0.00000   -0.00000   -0.00000   -0.00000   -0.00000    0.00000   -0.00000
   0.00000    0.00000   -0.00000    0.00000    0.00000   -0.00000   -0.00000   -0.00000
  -0.00000    0.00000    0.00000    0.00000    0.00000   -0.00000   -0.00000   -0.00000
  -0.00000    0.00000   -0.00000    0.00000   -0.00000    0.00000    0.00000   -0.00000
  -0.00000   -0.00000    0.00000   -0.00000    0.00000    0.00000   -0.00000   -0.00000
   0.00000    0.00000   -0.00000    0.00000   -0.00000    0.00000   -0.00000   -0.00000
  -0.00000    0.00000   -0.00000    0.00000   -0.00000   -0.00000   -0.00000   -0.00000
  -0.00000    0.00000   -0.00000    0.00000    0.00000   -0.00000   -0.00000    0.00000
   0.00000   -0.00000    0.00000    0.00000   -0.00000    0.00000    0.00000   -0.00000
  -0.00000    0.00000    0.00000   -0.00000   -0.00000    0.00000    0.00000   -0.00000
   0.00000   -0.00000   -0.00000    0.00000    0.00000    0.00000    0.00000    0.00000
   0.00000    0.00000    0.00000   -0.00000   -0.00000    0.00000   -0.00000    0.00000
   0.00000   -0.00000    0.00000   -0.00000    0.00000   -0.00000   -0.00000   -0.00000
  -0.00000   -0.00000   -0.00000   -0.00000   -0.00000   -0.00000   -0.00000   -0.00000
   0.00000   -0.00000   -0.00000   -0.00000    0.00000   -0.00000   -0.00000   -0.00000
   0.00000   -0.00000    0.00000   -0.00008
 kpt#   8, nband=300, wtk=  0.05556, kpt=  0.2500  0.2500  0.5000 (reduced coord)
   0.00000    0.00000   -0.00000    0.00000    0.00000   -0.00000   -0.00000    0.00000
   0.00000    0.00000    0.00000    0.00000   -0.00000   -0.00000    0.00000   -0.00000
   0.00000   -0.00000    0.00000    0.00000    0.00000    0.00000    0.00000    0.00000
   0.00000    0.00000   -0.00000    0.00000   -0.00000    0.00000    0.00000    0.00000
  -0.00000   -0.00000   -0.00000   -0.00000   -0.00000    0.00000   -0.00000   -0.00000
  -0.00000   -0.00000    0.00000   -0.00000    0.00000   -0.00000    0.00000   -0.00000
   0.00000    0.00000   -0.00000    0.00000    0.00000    0.00000    0.00000   -0.00000
  -0.00000    0.00000   -0.00000    0.00000   -0.00000   -0.00000    0.00000    0.00000
   0.00000   -0.00000    0.00000   -0.00000    0.00000   -0.00000    0.00000    0.00000
   0.00000   -0.00000    0.00000    0.00000    0.00000   -0.00000    0.00000    0.00000
   0.00000   -0.00000   -0.00000    0.00000    0.00000    0.00000    0.00000    0.00000
  -0.00000   -0.00000    0.00000   -0.00000   -0.00000   -0.00000   -0.00000    0.00000
  -0.00000   -0.00000    0.00000    0.00000    0.00000   -0.00000    0.00000    0.00000
  -0.00000   -0.00000   -0.00000    0.00000   -0.00000   -0.00000    0.00000    0.00000
   0.00000   -0.00000   -0.00000    0.00000    0.00000    0.00000    0.00000   -0.00000
   0.00000    0.00000    0.00000   -0.00000    0.00000    0.00000   -0.00000   -0.00000
  -0.00000   -0.00000   -0.00000   -0.00000   -0.00000   -0.00000   -0.00000    0.00000
  -0.00000   -0.00000   -0.00000    0.00000   -0.00000   -0.00000   -0.00000    0.00000
  -0.00000    0.00000    0.00000   -0.00000   -0.00000    0.00000   -0.00000   -0.00000
  -0.00000    0.00000    0.00000    0.00000    0.00000   -0.00000   -0.00000    0.00000
  -0.00000    0.00000   -0.00000   -0.00000   -0.00000   -0.00000    0.00000    0.00000
  -0.00000   -0.00000   -0.00000   -0.00000   -0.00000   -0.00000    0.00000   -0.00000
   0.00000   -0.00000   -0.00000    0.00000    0.00000   -0.00000   -0.00000   -0.00000
  -0.00000   -0.00000    0.00000    0.00000   -0.00000    0.00000   -0.00000   -0.00000
   0.00000   -0.00000    0.00000    0.00000   -0.00000    0.00000    0.00000    0.00000
   0.00000    0.00000    0.00000   -0.00000   -0.00000    0.00000    0.00000    0.00000
  -0.00000   -0.00000    0.00000   -0.00000    0.00000    0.00000    0.00000   -0.00000
   0.00000   -0.00000    0.00000   -0.00000   -0.00000    0.00000   -0.00000   -0.00000
  -0.00000    0.00000   -0.00000   -0.00000   -0.00000   -0.00000   -0.00000    0.00000
   0.00000   -0.00000    0.00000    0.00000    0.00000   -0.00000    0.00000    0.00000
  -0.00000    0.00000    0.00000   -0.00000   -0.00000    0.00000    0.00000    0.00000
  -0.00000    0.00000   -0.00000    0.00000    0.00000    0.00000   -0.00000   -0.00000
   0.00000    0.00000   -0.00000   -0.00000   -0.00000    0.00000    0.00000   -0.00000
   0.00000   -0.00000    0.00000    0.00000   -0.00000   -0.00000    0.00000   -0.00000
  -0.00000   -0.00000   -0.00000   -0.00000   -0.00000    0.00000   -0.00000   -0.00000
  -0.00000    0.00000   -0.00000    0.00000   -0.00000   -0.00000    0.00000    0.00000
   0.00000   -0.00000    0.00000    0.00000   -0.00000   -0.00000    0.00000    0.00000
   0.00000   -0.00000   -0.00000   -0.00002
 kpt#   9, nband=300, wtk=  0.05556, kpt=  0.4167  0.2500  0.5000 (reduced coord)
   0.00000    0.00000   -0.00000   -0.00000    0.00000   -0.00000   -0.00000   -0.00000
  -0.00000    0.00000   -0.00000   -0.00000    0.00000    0.00000    0.00000   -0.00000
   0.00000    0.00000   -0.00000   -0.00000   -0.00000   -0.00000    0.00000   -0.00000
  -0.00000   -0.00000   -0.00000   -0.00000    0.00000    0.00000   -0.00000    0.00000
   0.00000   -0.00000   -0.00000    0.00000    0.00000    0.00000    0.00000    0.00000
  -0.00000   -0.00000    0.00000    0.00000   -0.00000   -0.00000   -0.00000    0.00000
   0.00000    0.00000   -0.00000   -0.00000    0.00000   -0.00000    0.00000   -0.00000
   0.00000   -0.00000   -0.00000   -0.00000   -0.00000    0.00000    0.00000   -0.00000
  -0.00000   -0.00000   -0.00000    0.00000    0.00000   -0.00000   -0.00000   -0.00000
   0.00000    0.00000    0.00000    0.00000    0.00000   -0.00000   -0.00000   -0.00000
  -0.00000   -0.00000   -0.00000    0.00000   -0.00000    0.00000    0.00000   -0.00000
   0.00000   -0.00000    0.00000   -0.00000    0.00000    0.00000    0.00000   -0.00000
   0.00000    0.00000   -0.00000    0.00000    0.00000    0.00000    0.00000   -0.00000
   0.00000    0.00000    0.00000   -0.00000   -0.00000    0.00000    0.00000    0.00000
  -0.00000    0.00000    0.00000   -0.00000   -0.00000   -0.00000    0.00000    0.00000
   0.00000    0.00000    0.00000    0.00000   -0.00000    0.00000   -0.00000    0.00000
  -0.00000   -0.00000    0.00000   -0.00000   -0.00000    0.00000   -0.00000   -0.00000
   0.00000   -0.00000   -0.00000   -0.00000   -0.00000   -0.00000    0.00000   -0.00000
   0.00000   -0.00000    0.00000   -0.00000   -0.00000    0.00000    0.00000   -0.00000
  -0.00000    0.00000    0.00000   -0.00000    0.00000    0.00000    0.00000   -0.00000
  -0.00000   -0.00000    0.00000    0.00000   -0.00000    0.00000   -0.00000    0.00000
  -0.00000   -0.00000   -0.00000    0.00000    0.00000    0.00000   -0.00000    0.00000
  -0.00000   -0.00000   -0.00000   -0.00000    0.00000   -0.00000    0.00000   -0.00000
   0.00000    0.00000    0.00000   -0.00000   -0.00000   -0.00000    0.00000   -0.00000
  -0.00000    0.00000   -0.00000    0.00000   -0.00000   -0.00000    0.00000   -0.00000
   0.00000    0.00000   -0.00000   -0.00000    0.00000   -0.00000    0.00000   -0.00000
   0.00000   -0.00000    0.00000    0.00000    0.00000   -0.00000   -0.00000   -0.00000
   0.00000   -0.00000   -0.00000   -0.00000   -0.00000   -0.00000    0.00000   -0.00000
   0.00000    0.00000    0.00000   -0.00000    0.00000   -0.00000    0.00000   -0.00000
   0.00000    0.00000    0.00000    0.00000    0.00000   -0.00000    0.00000   -0.00000
   0.00000   -0.00000    0.00000    0.00000   -0.00000   -0.00000   -0.00000   -0.00000
  -0.00000    0.00000    0.00000    0.00000    0.00000    0.00000   -0.00000   -0.00000
   0.00000    0.00000    0.00000    0.00000    0.00000   -0.00000    0.00000    0.00000
  -0.00000    0.00000   -0.00000    0.00000   -0.00000   -0.00000   -0.00000    0.00000
   0.00000   -0.00000   -0.00000    0.00000    0.00000    0.00000   -0.00000   -0.00000
  -0.00000    0.00000   -0.00000   -0.00000    0.00000    0.00000    0.00000   -0.00000
  -0.00000   -0.00000   -0.00000   -0.00000    0.00000    0.00000   -0.00000   -0.00000
  -0.00000   -0.00000   -0.00000   -0.00000
 kpt#  10, nband=300, wtk=  0.05556, kpt= -0.4167  0.2500  0.5000 (reduced coord)
   0.00000    0.00000   -0.00000   -0.00000    0.00000   -0.00000   -0.00000   -0.00000
  -0.00000    0.00000   -0.00000   -0.00000    0.00000    0.00000   -0.00000   -0.00000
   0.00000    0.00000   -0.00000   -0.00000   -0.00000   -0.00000    0.00000   -0.00000
  -0.00000   -0.00000   -0.00000   -0.00000    0.00000    0.00000   -0.00000    0.00000
  -0.00000   -0.00000   -0.00000    0.00000    0.00000    0.00000    0.00000    0.00000
  -0.00000   -0.00000    0.00000    0.00000   -0.00000   -0.00000   -0.00000    0.00000
   0.00000    0.00000   -0.00000   -0.00000    0.00000   -0.00000    0.00000   -0.00000
   0.00000   -0.00000   -0.00000   -0.00000   -0.00000    0.00000    0.00000   -0.00000
   0.00000   -0.00000   -0.00000    0.00000    0.00000   -0.00000   -0.00000   -0.00000
   0.00000    0.00000    0.00000    0.00000    0.00000   -0.00000   -0.00000   -0.00000
  -0.00000   -0.00000   -0.00000    0.00000   -0.00000    0.00000    0.00000   -0.00000
   0.00000   -0.00000    0.00000   -0.00000    0.00000    0.00000    0.00000   -0.00000
   0.00000    0.00000   -0.00000    0.00000    0.00000    0.00000    0.00000   -0.00000
   0.00000    0.00000    0.00000   -0.00000   -0.00000    0.00000    0.00000    0.00000
  -0.00000    0.00000    0.00000   -0.00000   -0.00000   -0.00000    0.00000    0.00000
   0.00000    0.00000    0.00000    0.00000   -0.00000    0.00000   -0.00000    0.00000
  -0.00000   -0.00000    0.00000   -0.00000   -0.00000    0.00000   -0.00000   -0.00000
   0.00000   -0.00000   -0.00000   -0.00000   -0.00000   -0.00000    0.00000   -0.00000
   0.00000   -0.00000    0.00000   -0.00000   -0.00000    0.00000    0.00000   -0.00000
  -0.00000    0.00000    0.00000   -0.00000    0.00000    0.00000    0.00000   -0.00000
  -0.00000   -0.00000    0.00000    0.00000   -0.00000    0.00000   -0.00000    0.00000
  -0.00000   -0.00000   -0.00000    0.00000    0.00000    0.00000   -0.00000    0.00000
  -0.00000   -0.00000   -0.00000   -0.00000    0.00000   -0.00000    0.00000   -0.00000
   0.00000    0.00000    0.00000   -0.00000   -0.00000   -0.00000    0.00000   -0.00000
  -0.00000    0.00000   -0.00000    0.00000   -0.00000   -0.00000    0.00000   -0.00000
   0.00000    0.00000   -0.00000   -0.00000    0.00000   -0.00000    0.00000   -0.00000
   0.00000   -0.00000    0.00000    0.00000    0.00000   -0.00000   -0.00000   -0.00000
   0.00000   -0.00000   -0.00000   -0.00000   -0.00000   -0.00000    0.00000   -0.00000
   0.00000    0.00000    0.00000   -0.00000    0.00000   -0.00000    0.00000   -0.00000
   0.00000    0.00000    0.00000    0.00000    0.00000   -0.00000    0.00000   -0.00000
   0.00000   -0.00000    0.00000    0.00000   -0.00000   -0.00000   -0.00000   -0.00000
  -0.00000    0.00000    0.00000    0.00000    0.00000    0.00000   -0.00000   -0.00000
   0.00000    0.00000    0.00000    0.00000    0.00000   -0.00000    0.00000    0.00000
  -0.00000    0.00000   -0.00000    0.00000   -0.00000   -0.00000   -0.00000    0.00000
   0.00000   -0.00000   -0.00000    0.00000    0.00000    0.00000   -0.00000   -0.00000
  -0.00000    0.00000   -0.00000   -0.00000    0.00000    0.00000    0.00000   -0.00000
  -0.00000   -0.00000   -0.00000   -0.00000    0.00000    0.00000   -0.00000   -0.00000
  -0.00000   -0.00000   -0.00000   -0.00000
 kpt#  11, nband=300, wtk=  0.05556, kpt= -0.2500  0.2500  0.5000 (reduced coord)
   0.00000    0.00000   -0.00000    0.00000    0.00000   -0.00000   -0.00000    0.00000
   0.00000    0.00000    0.00000    0.00000   -0.00000    0.00000    0.00000   -0.00000
   0.00000   -0.00000    0.00000   -0.00000    0.00000    0.00000    0.00000    0.00000
   0.00000    0.00000   -0.00000    0.00000   -0.00000    0.00000    0.00000    0.00000
  -0.00000   -0.00000   -0.00000   -0.00000   -0.00000    0.00000    0.00000   -0.00000
  -0.00000   -0.00000    0.00000   -0.00000    0.00000   -0.00000    0.00000   -0.00000
   0.00000    0.00000   -0.00000    0.00000    0.00000    0.00000    0.00000   -0.00000
  -0.00000    0.00000   -0.00000    0.00000   -0.00000   -0.00000    0.00000    0.00000
   0.00000   -0.00000    0.00000   -0.00000    0.00000   -0.00000    0.00000    0.00000
   0.00000   -0.00000    0.00000    0.00000    0.00000   -0.00000    0.00000    0.00000
   0.00000   -0.00000   -0.00000    0.00000    0.00000    0.00000    0.00000    0.00000
  -0.00000   -0.00000    0.00000   -0.00000   -0.00000   -0.00000   -0.00000    0.00000
  -0.00000   -0.00000    0.00000    0.00000    0.00000   -0.00000    0.00000    0.00000
  -0.00000   -0.00000   -0.00000    0.00000   -0.00000   -0.00000    0.00000    0.00000
   0.00000   -0.00000   -0.00000    0.00000    0.00000    0.00000    0.00000   -0.00000
   0.00000    0.00000    0.00000   -0.00000    0.00000    0.00000   -0.00000   -0.00000
  -0.00000   -0.00000   -0.00000   -0.00000   -0.00000   -0.00000   -0.00000    0.00000
  -0.00000   -0.00000   -0.00000    0.00000   -0.00000   -0.00000   -0.00000    0.00000
  -0.00000    0.00000    0.00000   -0.00000   -0.00000    0.00000   -0.00000   -0.00000
  -0.00000    0.00000    0.00000    0.00000    0.00000   -0.00000   -0.00000    0.00000
  -0.00000    0.00000   -0.00000   -0.00000   -0.00000   -0.00000    0.00000    0.00000
  -0.00000   -0.00000   -0.00000   -0.00000   -0.00000   -0.00000    0.00000   -0.00000
   0.00000   -0.00000   -0.00000    0.00000    0.00000    0.00000   -0.00000   -0.00000
  -0.00000   -0.00000    0.00000    0.00000   -0.00000    0.00000   -0.00000   -0.00000
   0.00000   -0.00000    0.00000    0.00000   -0.00000    0.00000    0.00000    0.00000
   0.00000    0.00000   -0.00000   -0.00000   -0.00000    0.00000    0.00000    0.00000
  -0.00000   -0.00000    0.00000   -0.00000    0.00000    0.00000    0.00000   -0.00000
   0.00000   -0.00000    0.00000   -0.00000   -0.00000    0.00000   -0.00000   -0.00000
  -0.00000    0.00000   -0.00000   -0.00000   -0.00000   -0.00000   -0.00000    0.00000
   0.00000   -0.00000    0.00000    0.00000    0.00000   -0.00000    0.00000    0.00000
  -0.00000    0.00000    0.00000    0.00000   -0.00000    0.00000    0.00000    0.00000
  -0.00000    0.00000   -0.00000    0.00000    0.00000    0.00000   -0.00000   -0.00000
   0.00000    0.00000   -0.00000   -0.00000   -0.00000    0.00000    0.00000   -0.00000
   0.00000   -0.00000    0.00000    0.00000   -0.00000    0.00000    0.00000   -0.00000
  -0.00000   -0.00000   -0.00000   -0.00000   -0.00000    0.00000   -0.00000   -0.00000
  -0.00000    0.00000   -0.00000    0.00000   -0.00000   -0.00000    0.00000    0.00000
   0.00000   -0.00000    0.00000    0.00000   -0.00000   -0.00000    0.00000    0.00000
   0.00000   -0.00000   -0.00000   -0.00002
 kpt#  12, nband=300, wtk=  0.05556, kpt= -0.0833  0.2500  0.5000 (reduced coord)
  -0.00000   -0.00000    0.00000    0.00000    0.00000    0.00000   -0.00000    0.00000
   0.00000    0.00000   -0.00000    0.00000    0.00000   -0.00000   -0.00000    0.00000
   0.00000   -0.00000   -0.00000   -0.00000   -0.00000    0.00000   -0.00000    0.00000
   0.00000    0.00000   -0.00000    0.00000   -0.00000   -0.00000    0.00000   -0.00000
   0.00000   -0.00000   -0.00000   -0.00000    0.00000    0.00000    0.00000    0.00000
  -0.00000   -0.00000    0.00000   -0.00000   -0.00000   -0.00000   -0.00000    0.00000
   0.00000   -0.00000   -0.00000   -0.00000   -0.00000   -0.00000   -0.00000    0.00000
  -0.00000    0.00000    0.00000   -0.00000   -0.00000    0.00000   -0.00000   -0.00000
  -0.00000    0.00000    0.00000   -0.00000    0.00000    0.00000   -0.00000    0.00000
  -0.00000   -0.00000    0.00000   -0.00000   -0.00000    0.00000   -0.00000   -0.00000
   0.00000    0.00000    0.00000    0.00000    0.00000   -0.00000    0.00000   -0.00000
   0.00000    0.00000    0.00000    0.00000    0.00000   -0.00000    0.00000   -0.00000
  -0.00000   -0.00000   -0.00000    0.00000    0.00000    0.00000   -0.00000   -0.00000
   0.00000   -0.00000   -0.00000   -0.00000   -0.00000   -0.00000    0.00000   -0.00000
   0.00000   -0.00000   -0.00000    0.00000    0.00000   -0.00000    0.00000   -0.00000
   0.00000   -0.00000   -0.00000   -0.00000    0.00000    0.00000   -0.00000    0.00000
  -0.00000   -0.00000   -0.00000   -0.00000    0.00000   -0.00000    0.00000    0.00000
   0.00000    0.00000    0.00000   -0.00000   -0.00000    0.00000   -0.00000    0.00000
  -0.00000   -0.00000    0.00000   -0.00000    0.00000   -0.00000   -0.00000   -0.00000
   0.00000   -0.00000    0.00000   -0.00000    0.00000   -0.00000    0.00000   -0.00000
  -0.00000    0.00000    0.00000   -0.00000    0.00000    0.00000    0.00000   -0.00000
  -0.00000   -0.00000    0.00000   -0.00000    0.00000   -0.00000   -0.00000    0.00000
   0.00000   -0.00000   -0.00000   -0.00000   -0.00000   -0.00000    0.00000   -0.00000
   0.00000    0.00000   -0.00000    0.00000    0.00000   -0.00000   -0.00000   -0.00000
  -0.00000    0.00000    0.00000    0.00000    0.00000   -0.00000   -0.00000   -0.00000
  -0.00000    0.00000   -0.00000    0.00000   -0.00000    0.00000    0.00000   -0.00000
  -0.00000   -0.00000    0.00000   -0.00000    0.00000    0.00000   -0.00000   -0.00000
   0.00000    0.00000   -0.00000    0.00000   -0.00000    0.00000   -0.00000   -0.00000
  -0.00000    0.00000   -0.00000    0.00000   -0.00000   -0.00000   -0.00000   -0.00000
   0.00000    0.00000   -0.00000    0.00000    0.00000   -0.00000   -0.00000    0.00000
   0.00000   -0.00000    0.00000    0.00000   -0.00000    0.00000    0.00000   -0.00000
  -0.00000    0.00000    0.00000   -0.00000   -0.00000    0.00000    0.00000   -0.00000
   0.00000   -0.00000   -0.00000    0.00000    0.00000    0.00000    0.00000    0.00000
   0.00000    0.00000    0.00000   -0.00000   -0.00000    0.00000   -0.00000    0.00000
   0.00000   -0.00000    0.00000   -0.00000    0.00000   -0.00000   -0.00000   -0.00000
  -0.00000   -0.00000   -0.00000   -0.00000   -0.00000   -0.00000   -0.00000   -0.00000
   0.00000   -0.00000   -0.00000   -0.00000    0.00000   -0.00000   -0.00000   -0.00000
   0.00000   -0.00000    0.00000   -0.00008
 kpt#  13, nband=300, wtk=  0.05556, kpt=  0.0833  0.4167  0.5000 (reduced coord)
  -0.00000   -0.00000    0.00000   -0.00000    0.00000   -0.00000   -0.00000    0.00000
  -0.00000    0.00000    0.00000   -0.00000    0.00000   -0.00000    0.00000   -0.00000
   0.00000    0.00000    0.00000    0.00000   -0.00000    0.00000   -0.00000   -0.00000
   0.00000   -0.00000   -0.00000   -0.00000    0.00000   -0.00000   -0.00000    0.00000
   0.00000    0.00000    0.00000   -0.00000   -0.00000   -0.00000    0.00000    0.00000
   0.00000   -0.00000   -0.00000   -0.00000    0.00000   -0.00000   -0.00000    0.00000
  -0.00000   -0.00000    0.00000   -0.00000    0.00000    0.00000    0.00000   -0.00000
  -0.00000    0.00000    0.00000    0.00000   -0.00000    0.00000    0.00000    0.00000
   0.00000    0.00000   -0.00000   -0.00000    0.00000   -0.00000    0.00000    0.00000
  -0.00000    0.00000    0.00000   -0.00000    0.00000   -0.00000   -0.00000   -0.00000
   0.00000   -0.00000   -0.00000   -0.00000    0.00000    0.00000   -0.00000    0.00000
   0.00000   -0.00000   -0.00000   -0.00000   -0.00000   -0.00000   -0.00000    0.00000
   0.00000    0.00000    0.00000    0.00000    0.00000   -0.00000   -0.00000   -0.00000
   0.00000    0.00000   -0.00000    0.00000    0.00000   -0.00000   -0.00000    0.00000
  -0.00000    0.00000    0.00000    0.00000   -0.00000    0.00000    0.00000   -0.00000
  -0.00000   -0.00000    0.00000   -0.00000    0.00000    0.00000    0.00000   -0.00000
   0.00000    0.00000   -0.00000   -0.00000    0.00000   -0.00000   -0.00000    0.00000
   0.00000    0.00000   -0.00000   -0.00000   -0.00000   -0.00000    0.00000   -0.00000
   0.00000    0.00000   -0.00000   -0.00000   -0.00000    0.00000   -0.00000   -0.00000
   0.00000    0.00000    0.00000   -0.00000   -0.00000    0.00000    0.00000   -0.00000
   0.00000   -0.00000    0.00000   -0.00000    0.00000    0.00000   -0.00000    0.00000
   0.00000    0.00000   -0.00000   -0.00000    0.00000    0.00000    0.00000    0.00000
   0.00000   -0.00000    0.00000   -0.00000    0.00000   -0.00000   -0.00000    0.00000
  -0.00000    0.00000    0.00000    0.00000    0.00000    0.00000   -0.00000    0.00000
  -0.00000    0.00000   -0.00000    0.00000   -0.00000   -0.00000   -0.00000    0.00000
   0.00000   -0.00000    0.00000   -0.00000    0.00000   -0.00000   -0.00000    0.00000
   0.00000    0.00000   -0.00000    0.00000   -0.00000    0.00000   -0.00000   -0.00000
  -0.00000    0.00000    0.00000   -0.00000   -0.00000    0.00000    0.00000   -0.00000
   0.00000   -0.00000   -0.00000   -0.00000    0.00000   -0.00000    0.00000   -0.00000
  -0.00000    0.00000    0.00000   -0.00000   -0.00000   -0.00000   -0.00000    0.00000
   0.00000    0.00000   -0.00000    0.00000    0.00000    0.00000   -0.00000   -0.00000
   0.00000   -0.00000   -0.00000   -0.00000    0.00000    0.00000    0.00000   -0.00000
  -0.00000   -0.00000    0.00000   -0.00000   -0.00000    0.00000    0.00000    0.00000
  -0.00000   -0.00000    0.00000   -0.00000    0.00000    0.00000   -0.00000    0.00000
  -0.00000    0.00000   -0.00000   -0.00000   -0.00000   -0.00000   -0.00000    0.00000
  -0.00000    0.00000   -0.00000    0.00000    0.00000   -0.00000   -0.00000    0.00000
   0.00000    0.00000   -0.00000    0.00000    0.00000   -0.00000    0.00000   -0.00000
   0.00000   -0.00000    0.00000    0.00001
 kpt#  14, nband=300, wtk=  0.05556, kpt=  0.2500  0.4167  0.5000 (reduced coord)
   0.00000    0.00000   -0.00000    0.00000    0.00000   -0.00000   -0.00000   -0.00000
  -0.00000    0.00000   -0.00000   -0.00000   -0.00000    0.00000    0.00000   -0.00000
   0.00000    0.00000   -0.00000   -0.00000   -0.00000   -0.00000    0.00000   -0.00000
  -0.00000   -0.00000   -0.00000   -0.00000    0.00000    0.00000   -0.00000    0.00000
  -0.00000   -0.00000   -0.00000    0.00000    0.00000    0.00000    0.00000    0.00000
  -0.00000   -0.00000    0.00000    0.00000   -0.00000   -0.00000   -0.00000    0.00000
   0.00000    0.00000   -0.00000   -0.00000    0.00000   -0.00000    0.00000   -0.00000
   0.00000   -0.00000   -0.00000   -0.00000   -0.00000    0.00000    0.00000   -0.00000
   0.00000   -0.00000   -0.00000    0.00000    0.00000   -0.00000   -0.00000   -0.00000
   0.00000    0.00000    0.00000    0.00000    0.00000   -0.00000   -0.00000   -0.00000
  -0.00000   -0.00000   -0.00000    0.00000   -0.00000    0.00000    0.00000   -0.00000
   0.00000   -0.00000    0.00000   -0.00000    0.00000   -0.00000    0.00000   -0.00000
   0.00000    0.00000   -0.00000    0.00000    0.00000    0.00000    0.00000   -0.00000
   0.00000    0.00000    0.00000   -0.00000   -0.00000    0.00000    0.00000    0.00000
  -0.00000    0.00000    0.00000   -0.00000   -0.00000   -0.00000    0.00000    0.00000
   0.00000    0.00000    0.00000    0.00000   -0.00000    0.00000   -0.00000    0.00000
  -0.00000   -0.00000    0.00000   -0.00000   -0.00000    0.00000   -0.00000   -0.00000
   0.00000   -0.00000   -0.00000   -0.00000   -0.00000   -0.00000    0.00000   -0.00000
   0.00000   -0.00000    0.00000   -0.00000   -0.00000    0.00000    0.00000   -0.00000
  -0.00000    0.00000    0.00000   -0.00000    0.00000    0.00000    0.00000   -0.00000
  -0.00000   -0.00000    0.00000    0.00000   -0.00000    0.00000   -0.00000    0.00000
  -0.00000   -0.00000   -0.00000    0.00000   -0.00000    0.00000    0.00000    0.00000
  -0.00000   -0.00000   -0.00000   -0.00000    0.00000    0.00000    0.00000   -0.00000
   0.00000    0.00000    0.00000   -0.00000    0.00000   -0.00000    0.00000   -0.00000
  -0.00000    0.00000   -0.00000    0.00000   -0.00000   -0.00000    0.00000   -0.00000
   0.00000    0.00000   -0.00000   -0.00000   -0.00000    0.00000    0.00000   -0.00000
   0.00000   -0.00000    0.00000    0.00000    0.00000   -0.00000   -0.00000   -0.00000
   0.00000   -0.00000   -0.00000   -0.00000   -0.00000   -0.00000    0.00000   -0.00000
   0.00000    0.00000    0.00000   -0.00000    0.00000   -0.00000    0.00000   -0.00000
   0.00000    0.00000    0.00000    0.00000    0.00000   -0.00000    0.00000   -0.00000
   0.00000   -0.00000    0.00000    0.00000   -0.00000   -0.00000   -0.00000   -0.00000
  -0.00000    0.00000    0.00000    0.00000    0.00000    0.00000   -0.00000   -0.00000
   0.00000    0.00000    0.00000    0.00000    0.00000   -0.00000    0.00000    0.00000
  -0.00000    0.00000   -0.00000    0.00000   -0.00000   -0.00000   -0.00000    0.00000
   0.00000   -0.00000   -0.00000    0.00000    0.00000    0.00000   -0.00000   -0.00000
  -0.00000    0.00000   -0.00000   -0.00000    0.00000    0.00000    0.00000   -0.00000
  -0.00000   -0.00000   -0.00000   -0.00000    0.00000    0.00000   -0.00000   -0.00000
  -0.00000   -0.00000   -0.00000   -0.00000
 kpt#  15, nband=300, wtk=  0.05556, kpt=  0.4167  0.4167  0.5000 (reduced coord)
  -0.00000   -0.00000   -0.00000    0.00000    0.00000   -0.00000    0.00000    0.00000
   0.00000    0.00000    0.00000   -0.00000    0.00000    0.00000   -0.00000    0.00000
   0.00000   -0.00000   -0.00000   -0.00000   -0.00000    0.00000    0.00000    0.00000
   0.00000   -0.00000    0.00000    0.00000    0.00000    0.00000    0.00000   -0.00000
  -0.00000    0.00000   -0.00000   -0.00000    0.00000    0.00000   -0.00000   -0.00000
   0.00000   -0.00000    0.00000    0.00000    0.00000   -0.00000   -0.00000    0.00000
   0.00000    0.00000    0.00000   -0.00000   -0.00000    0.00000    0.00000   -0.00000
  -0.00000    0.00000   -0.00000    0.00000    0.00000    0.00000   -0.00000    0.00000
   0.00000    0.00000    0.00000   -0.00000   -0.00000   -0.00000    0.00000   -0.00000
   0.00000    0.00000   -0.00000    0.00000   -0.00000    0.00000    0.00000   -0.00000
   0.00000   -0.00000   -0.00000    0.00000    0.00000   -0.00000    0.00000    0.00000
   0.00000   -0.00000   -0.00000   -0.00000   -0.00000   -0.00000    0.00000   -0.00000
   0.00000    0.00000   -0.00000   -0.00000    0.00000   -0.00000   -0.00000    0.00000
   0.00000   -0.00000   -0.00000   -0.00000   -0.00000    0.00000   -0.00000   -0.00000
   0.00000    0.00000   -0.00000   -0.00000    0.00000   -0.00000    0.00000    0.00000
  -0.00000   -0.00000    0.00000   -0.00000   -0.00000    0.00000   -0.00000    0.00000
  -0.00000    0.00000   -0.00000    0.00000   -0.00000    0.00000    0.00000   -0.00000
   0.00000    0.00000    0.00000    0.00000   -0.00000   -0.00000   -0.00000    0.00000
  -0.00000    0.00000   -0.00000    0.00000   -0.00000   -0.00000    0.00000    0.00000
  -0.00000    0.00000    0.00000    0.00000   -0.00000   -0.00000   -0.00000   -0.00000
  -0.00000   -0.00000   -0.00000   -0.00000    0.00000    0.00000   -0.00000    0.00000
   0.00000    0.00000   -0.00000    0.00000   -0.00000    0.00000    0.00000    0.00000
  -0.00000    0.00000    0.00000   -0.00000   -0.00000   -0.00000    0.00000   -0.00000
   0.00000    0.00000   -0.00000   -0.00000   -0.00000    0.00000   -0.00000   -0.00000
   0.00000    0.00000   -0.00000    0.00000   -0.00000   -0.00000    0.00000    0.00000
  -0.00000    0.00000   -0.00000   -0.00000    0.00000   -0.00000    0.00000    0.00000
  -0.00000   -0.00000   -0.00000    0.00000    0.00000    0.00000    0.00000   -0.00000
  -0.00000    0.00000   -0.00000   -0.00000   -0.00000    0.00000   -0.00000   -0.00000
   0.00000   -0.00000    0.00000    0.00000   -0.00000   -0.00000    0.00000    0.00000
  -0.00000    0.00000   -0.00000   -0.00000   -0.00000   -0.00000   -0.00000   -0.00000
   0.00000    0.00000    0.00000    0.00000   -0.00000    0.00000   -0.00000   -0.00000
   0.00000    0.00000   -0.00000    0.00000    0.00000   -0.00000    0.00000   -0.00000
  -0.00000    0.00000    0.00000   -0.00000    0.00000    0.00000   -0.00000   -0.00000
  -0.00000   -0.00000    0.00000    0.00000    0.00000    0.00000    0.00000   -0.00000
  -0.00000    0.00000    0.00000    0.00000    0.00000    0.00000   -0.00000    0.00000
   0.00000   -0.00000    0.00000   -0.00000   -0.00000    0.00000    0.00000    0.00000
  -0.00000   -0.00000   -0.00000    0.00000   -0.00000   -0.00000   -0.00000   -0.00000
  -0.00000    0.00000    0.00000   -0.00000
 kpt#  16, nband=300, wtk=  0.05556, kpt= -0.4167  0.4167  0.5000 (reduced coord)
  -0.00000   -0.00000   -0.00000    0.00000    0.00000   -0.00000    0.00000    0.00000
   0.00000    0.00000    0.00000   -0.00000    0.00000    0.00000   -0.00000    0.00000
   0.00000   -0.00000   -0.00000   -0.00000   -0.00000    0.00000    0.00000    0.00000
   0.00000   -0.00000    0.00000    0.00000    0.00000    0.00000    0.00000   -0.00000
  -0.00000    0.00000   -0.00000   -0.00000    0.00000    0.00000   -0.00000   -0.00000
   0.00000   -0.00000    0.00000    0.00000    0.00000   -0.00000   -0.00000    0.00000
   0.00000    0.00000    0.00000   -0.00000   -0.00000    0.00000    0.00000   -0.00000
  -0.00000    0.00000   -0.00000    0.00000    0.00000    0.00000   -0.00000    0.00000
   0.00000   -0.00000    0.00000   -0.00000   -0.00000   -0.00000    0.00000   -0.00000
   0.00000    0.00000   -0.00000    0.00000   -0.00000    0.00000    0.00000   -0.00000
   0.00000   -0.00000   -0.00000    0.00000    0.00000   -0.00000    0.00000    0.00000
   0.00000   -0.00000   -0.00000   -0.00000   -0.00000   -0.00000    0.00000   -0.00000
   0.00000    0.00000   -0.00000   -0.00000    0.00000   -0.00000   -0.00000    0.00000
   0.00000   -0.00000   -0.00000   -0.00000   -0.00000    0.00000   -0.00000   -0.00000
   0.00000    0.00000   -0.00000   -0.00000    0.00000   -0.00000    0.00000    0.00000
  -0.00000   -0.00000    0.00000   -0.00000   -0.00000    0.00000   -0.00000    0.00000
  -0.00000    0.00000   -0.00000    0.00000   -0.00000    0.00000    0.00000   -0.00000
   0.00000    0.00000    0.00000    0.00000   -0.00000   -0.00000   -0.00000    0.00000
  -0.00000    0.00000   -0.00000    0.00000   -0.00000   -0.00000    0.00000    0.00000
  -0.00000    0.00000    0.00000    0.00000   -0.00000   -0.00000   -0.00000   -0.00000
  -0.00000   -0.00000   -0.00000   -0.00000    0.00000    0.00000    0.00000    0.00000
   0.00000    0.00000   -0.00000    0.00000   -0.00000    0.00000    0.00000    0.00000
  -0.00000    0.00000    0.00000   -0.00000   -0.00000   -0.00000    0.00000   -0.00000
   0.00000    0.00000   -0.00000   -0.00000   -0.00000    0.00000   -0.00000   -0.00000
   0.00000    0.00000   -0.00000    0.00000   -0.00000   -0.00000    0.00000    0.00000
  -0.00000    0.00000   -0.00000   -0.00000    0.00000   -0.00000    0.00000    0.00000
  -0.00000   -0.00000   -0.00000    0.00000    0.00000    0.00000    0.00000   -0.00000
  -0.00000    0.00000   -0.00000   -0.00000   -0.00000    0.00000   -0.00000   -0.00000
   0.00000   -0.00000    0.00000    0.00000   -0.00000   -0.00000    0.00000    0.00000
  -0.00000    0.00000   -0.00000   -0.00000   -0.00000   -0.00000   -0.00000   -0.00000
   0.00000    0.00000    0.00000    0.00000   -0.00000    0.00000   -0.00000   -0.00000
   0.00000    0.00000   -0.00000    0.00000    0.00000   -0.00000    0.00000   -0.00000
  -0.00000    0.00000    0.00000   -0.00000    0.00000    0.00000   -0.00000   -0.00000
  -0.00000   -0.00000    0.00000    0.00000    0.00000    0.00000    0.00000   -0.00000
  -0.00000    0.00000    0.00000    0.00000    0.00000    0.00000   -0.00000    0.00000
   0.00000   -0.00000    0.00000   -0.00000   -0.00000    0.00000   -0.00000    0.00000
  -0.00000   -0.00000   -0.00000   -0.00000   -0.00000   -0.00000   -0.00000   -0.00000
  -0.00000    0.00000    0.00000   -0.00000
 kpt#  17, nband=300, wtk=  0.05556, kpt= -0.2500  0.4167  0.5000 (reduced coord)
   0.00000    0.00000   -0.00000   -0.00000    0.00000   -0.00000   -0.00000   -0.00000
  -0.00000    0.00000   -0.00000   -0.00000   -0.00000   -0.00000    0.00000   -0.00000
   0.00000    0.00000   -0.00000   -0.00000   -0.00000   -0.00000    0.00000   -0.00000
  -0.00000   -0.00000   -0.00000   -0.00000    0.00000    0.00000   -0.00000    0.00000
  -0.00000   -0.00000   -0.00000    0.00000    0.00000    0.00000    0.00000    0.00000
  -0.00000   -0.00000    0.00000    0.00000   -0.00000   -0.00000   -0.00000    0.00000
   0.00000    0.00000   -0.00000   -0.00000    0.00000   -0.00000    0.00000   -0.00000
   0.00000   -0.00000   -0.00000   -0.00000   -0.00000    0.00000    0.00000   -0.00000
   0.00000   -0.00000   -0.00000    0.00000    0.00000   -0.00000   -0.00000   -0.00000
   0.00000    0.00000    0.00000    0.00000    0.00000   -0.00000   -0.00000   -0.00000
  -0.00000   -0.00000   -0.00000    0.00000   -0.00000    0.00000    0.00000   -0.00000
   0.00000   -0.00000    0.00000   -0.00000    0.00000   -0.00000    0.00000   -0.00000
   0.00000    0.00000   -0.00000    0.00000    0.00000    0.00000    0.00000   -0.00000
   0.00000    0.00000    0.00000   -0.00000   -0.00000    0.00000    0.00000    0.00000
  -0.00000    0.00000    0.00000   -0.00000   -0.00000   -0.00000    0.00000    0.00000
   0.00000    0.00000    0.00000    0.00000   -0.00000    0.00000   -0.00000    0.00000
  -0.00000   -0.00000    0.00000   -0.00000   -0.00000    0.00000   -0.00000   -0.00000
   0.00000   -0.00000   -0.00000   -0.00000   -0.00000   -0.00000    0.00000   -0.00000
   0.00000   -0.00000    0.00000   -0.00000   -0.00000    0.00000    0.00000   -0.00000
  -0.00000    0.00000    0.00000   -0.00000    0.00000    0.00000    0.00000   -0.00000
  -0.00000   -0.00000    0.00000    0.00000   -0.00000    0.00000   -0.00000    0.00000
  -0.00000   -0.00000   -0.00000    0.00000   -0.00000    0.00000    0.00000    0.00000
  -0.00000   -0.00000   -0.00000   -0.00000    0.00000    0.00000    0.00000   -0.00000
   0.00000    0.00000    0.00000   -0.00000    0.00000   -0.00000    0.00000   -0.00000
  -0.00000    0.00000   -0.00000    0.00000   -0.00000   -0.00000    0.00000   -0.00000
   0.00000    0.00000   -0.00000   -0.00000    0.00000    0.00000    0.00000   -0.00000
   0.00000   -0.00000    0.00000    0.00000    0.00000   -0.00000   -0.00000   -0.00000
   0.00000   -0.00000   -0.00000   -0.00000   -0.00000   -0.00000    0.00000   -0.00000
   0.00000    0.00000    0.00000   -0.00000    0.00000   -0.00000    0.00000   -0.00000
   0.00000    0.00000    0.00000    0.00000    0.00000   -0.00000    0.00000   -0.00000
   0.00000   -0.00000    0.00000    0.00000   -0.00000   -0.00000   -0.00000   -0.00000
  -0.00000    0.00000    0.00000    0.00000    0.00000    0.00000   -0.00000   -0.00000
   0.00000    0.00000    0.00000    0.00000    0.00000   -0.00000    0.00000    0.00000
  -0.00000    0.00000   -0.00000    0.00000   -0.00000   -0.00000   -0.00000    0.00000
   0.00000   -0.00000   -0.00000    0.00000    0.00000    0.00000   -0.00000   -0.00000
  -0.00000    0.00000   -0.00000   -0.00000    0.00000    0.00000    0.00000   -0.00000
  -0.00000   -0.00000   -0.00000   -0.00000    0.00000    0.00000   -0.00000   -0.00000
  -0.00000   -0.00000   -0.00000   -0.00000
 kpt#  18, nband=300, wtk=  0.05556, kpt= -0.0833  0.4167  0.5000 (reduced coord)
  -0.00000   -0.00000    0.00000   -0.00000    0.00000   -0.00000   -0.00000   -0.00000
  -0.00000   -0.00000    0.00000    0.00000    0.00000   -0.00000    0.00000   -0.00000
   0.00000    0.00000   -0.00000    0.00000   -0.00000    0.00000   -0.00000   -0.00000
   0.00000   -0.00000   -0.00000   -0.00000   -0.00000   -0.00000   -0.00000    0.00000
   0.00000    0.00000    0.00000   -0.00000   -0.00000   -0.00000   -0.00000    0.00000
   0.00000   -0.00000   -0.00000   -0.00000    0.00000   -0.00000   -0.00000    0.00000
  -0.00000   -0.00000    0.00000   -0.00000    0.00000    0.00000    0.00000   -0.00000
  -0.00000    0.00000   -0.00000    0.00000   -0.00000    0.00000    0.00000    0.00000
   0.00000    0.00000   -0.00000   -0.00000    0.00000   -0.00000   -0.00000    0.00000
  -0.00000    0.00000    0.00000   -0.00000    0.00000   -0.00000   -0.00000   -0.00000
   0.00000   -0.00000   -0.00000   -0.00000    0.00000    0.00000   -0.00000    0.00000
   0.00000   -0.00000   -0.00000   -0.00000   -0.00000   -0.00000   -0.00000    0.00000
   0.00000    0.00000    0.00000    0.00000    0.00000   -0.00000   -0.00000   -0.00000
   0.00000    0.00000   -0.00000    0.00000    0.00000   -0.00000   -0.00000    0.00000
  -0.00000    0.00000    0.00000    0.00000   -0.00000    0.00000    0.00000   -0.00000
  -0.00000   -0.00000    0.00000   -0.00000    0.00000    0.00000    0.00000   -0.00000
   0.00000    0.00000   -0.00000   -0.00000    0.00000   -0.00000   -0.00000    0.00000
   0.00000    0.00000   -0.00000   -0.00000   -0.00000   -0.00000    0.00000   -0.00000
   0.00000    0.00000   -0.00000   -0.00000   -0.00000    0.00000   -0.00000   -0.00000
   0.00000    0.00000    0.00000   -0.00000   -0.00000    0.00000    0.00000   -0.00000
   0.00000   -0.00000    0.00000   -0.00000    0.00000    0.00000   -0.00000    0.00000
   0.00000    0.00000   -0.00000   -0.00000    0.00000    0.00000    0.00000    0.00000
   0.00000   -0.00000    0.00000   -0.00000    0.00000   -0.00000   -0.00000    0.00000
  -0.00000    0.00000    0.00000    0.00000    0.00000    0.00000   -0.00000    0.00000
  -0.00000   -0.00000   -0.00000    0.00000   -0.00000   -0.00000   -0.00000    0.00000
   0.00000   -0.00000    0.00000   -0.00000    0.00000   -0.00000   -0.00000    0.00000
   0.00000    0.00000   -0.00000    0.00000   -0.00000    0.00000   -0.00000   -0.00000
  -0.00000    0.00000    0.00000   -0.00000   -0.00000    0.00000    0.00000   -0.00000
   0.00000   -0.00000   -0.00000   -0.00000    0.00000    0.00000    0.00000   -0.00000
  -0.00000    0.00000    0.00000   -0.00000   -0.00000   -0.00000   -0.00000    0.00000
   0.00000    0.00000   -0.00000    0.00000    0.00000    0.00000   -0.00000   -0.00000
   0.00000   -0.00000   -0.00000   -0.00000    0.00000    0.00000    0.00000   -0.00000
  -0.00000   -0.00000    0.00000   -0.00000   -0.00000    0.00000    0.00000    0.00000
  -0.00000   -0.00000    0.00000   -0.00000    0.00000    0.00000   -0.00000    0.00000
  -0.00000    0.00000   -0.00000   -0.00000   -0.00000   -0.00000   -0.00000    0.00000
  -0.00000    0.00000   -0.00000    0.00000    0.00000   -0.00000   -0.00000    0.00000
   0.00000    0.00000   -0.00000    0.00000    0.00000   -0.00000    0.00000   -0.00000
   0.00000   -0.00000    0.00000    0.00001
