 Eigenvalues (hartree) for nkpt=   6  k points:
 kpt#   1, nband=300, wtk=  0.11111, kpt=  0.0833  0.0833  0.5000 (reduced coord)
  -1.65336   -1.65195   -1.65030   -1.64996   -1.64922   -1.64880   -1.64779   -1.64754
  -1.64725   -1.64724   -1.64644   -1.64628   -1.64594   -1.64590   -1.64552   -1.64541
  -1.64533   -1.64462   -1.64443   -1.64441   -1.64420   -1.64360   -1.64347   -1.64318
  -1.64283   -1.64272   -1.64236   -1.64187   -1.64162   -1.64099   -1.64005   -1.63802
  -1.63791   -1.63753   -1.63589   -1.62250   -1.62197   -1.62188   -1.62062   -1.61968
  -1.61916   -1.61862   -1.61801   -1.61695   -1.61694   -0.64426   -0.64383   -0.64356
  -0.64290   -0.64258   -0.64246   -0.64222   -0.64205   -0.64191   -0.64169   -0.64166
  -0.64131   -0.64128   -0.64105   -0.64103   -0.64072   -0.64057   -0.64055   -0.64043
  -0.64030   -0.64022   -0.63924   -0.63923   -0.63900   -0.63899   -0.63580   -0.63543
  -0.63499   -0.63470   -0.63466   -0.63433   -0.63402   -0.63360   -0.63357   -0.63324
  -0.63319   -0.63307   -0.63301   -0.63298   -0.63275   -0.63257   -0.63251   -0.63244
  -0.63217   -0.63214   -0.39905   -0.39334   -0.38521   -0.37504   -0.36273   -0.35001
  -0.33869   -0.32705   -0.32613   -0.12156   -0.12095   -0.10957   -0.10764   -0.09100
  -0.08865   -0.06830   -0.06356   -0.04409   -0.03489   -0.02455   -0.01657   -0.00959
   0.00033    0.00255    0.01235    0.02103    0.02389    0.02584    0.03394    0.03977
   0.03991    0.04946    0.04989    0.05255    0.06184    0.06278    0.06503    0.06626
   0.07042    0.09397    0.09610    0.10360    0.11572    0.13424    0.14876    0.22114
   0.24023    0.25114    0.26433    0.27123    0.27278    0.27468    0.27939    0.28077
   0.28191    0.29152    0.29364    0.29522    0.29991    0.30316    0.30427    0.30957
   0.31042    0.31689    0.32015    0.32237    0.32556    0.33704    0.34442    0.34684
   0.35003    0.35877    0.35920    0.36071    0.36657    0.36749    0.37368    0.37505
   0.38360    0.38904    0.39151    0.39509    0.39756    0.40498    0.40805    0.42176
   0.42473    0.42791    0.44956    0.46506    0.47152    0.48148    0.48596    0.49155
   0.49792    0.50131    0.50572    0.51504    0.51974    0.52736    0.53058    0.53315
   0.54863    0.54915    0.55000    0.55185    0.55833    0.55988    0.56187    0.56899
   0.57538    0.57562    0.57932    0.58358    0.58678    0.59452    0.59901    0.59949
   0.60199    0.60792    0.61671    0.61853    0.62334    0.62603    0.62987    0.63645
   0.64477    0.64513    0.65731    0.66255    0.66433    0.66797    0.67261    0.67707
   0.68304    0.69249    0.69545    0.69573    0.70018    0.70968    0.71854    0.71859
   0.72125    0.73111    0.73360    0.73456    0.74145    0.75437    0.75716    0.76144
   0.76663    0.76909    0.77199    0.77217    0.78508    0.79071    0.79218    0.80581
   0.80667    0.80751    0.81254    0.81710    0.82847    0.84215    0.85182    0.85785
   0.85923    0.86504    0.86561    0.86694    0.86952    0.87834    0.88165    0.88378
   0.89100    0.89967    0.90747    0.91430    0.91886    0.92294    0.92448    0.93296
   0.93343    0.93654    0.93764    0.93820    0.94296    0.94450    0.94689    0.95268
   0.95650    0.96534    0.96733    0.96819    0.97073    0.97434    0.97962    0.98138
   0.98278    0.98350    0.98780    0.99079    0.99439    0.99988    1.00569    1.00917
   1.01100    1.01331    1.02097    1.02225
 kpt#   2, nband=300, wtk=  0.22222, kpt=  0.2500  0.0833  0.5000 (reduced coord)
  -1.65311   -1.65090   -1.65071   -1.65000   -1.64921   -1.64883   -1.64756   -1.64738
  -1.64721   -1.64622   -1.64604   -1.64573   -1.64529   -1.64495   -1.64474   -1.64444
  -1.64377   -1.64361   -1.64289   -1.64275   -1.64234   -1.64204   -1.64142   -1.64062
  -1.64021   -1.63952   -1.63939   -1.63920   -1.63902   -1.63814   -1.63754   -1.63716
  -1.63661   -1.63475   -1.63467   -1.62078   -1.62033   -1.61929   -1.61882   -1.61845
  -1.61811   -1.61748   -1.61686   -1.61582   -1.61539   -0.64380   -0.64337   -0.64306
  -0.64245   -0.64210   -0.64199   -0.64188   -0.64176   -0.64169   -0.64153   -0.64143
  -0.64129   -0.64123   -0.64102   -0.64085   -0.64080   -0.64058   -0.64029   -0.64004
  -0.63984   -0.63952   -0.63934   -0.63923   -0.63905   -0.63895   -0.63538   -0.63502
  -0.63454   -0.63424   -0.63422   -0.63387   -0.63370   -0.63343   -0.63343   -0.63327
  -0.63311   -0.63302   -0.63278   -0.63266   -0.63261   -0.63244   -0.63231   -0.63222
  -0.63215   -0.63195   -0.38776   -0.38265   -0.37555   -0.36694   -0.35672   -0.34683
  -0.33912   -0.32595   -0.32547   -0.14483   -0.14376   -0.13344   -0.13095   -0.11731
  -0.11611   -0.10021   -0.08315   -0.07183   -0.05724   -0.02827   -0.00861   -0.00791
   0.00399    0.01007    0.01861    0.02787    0.02900    0.04195    0.04343    0.04970
   0.06001    0.06334    0.06633    0.06785    0.07150    0.07430    0.07524    0.08335
   0.10461    0.12823    0.13203    0.13463    0.14224    0.14779    0.16128    0.20387
   0.20591    0.21297    0.21327    0.21959    0.22534    0.23217    0.24378    0.24912
   0.25644    0.26467    0.26900    0.27449    0.27528    0.27816    0.28223    0.29135
   0.29745    0.30212    0.30640    0.31086    0.31553    0.31679    0.32132    0.33458
   0.34197    0.36251    0.36515    0.37471    0.37721    0.37941    0.37992    0.38648
   0.38973    0.39359    0.39785    0.40056    0.41297    0.42104    0.43268    0.44559
   0.44916    0.45589    0.46455    0.46560    0.47732    0.49238    0.49598    0.49758
   0.51499    0.51558    0.51924    0.53491    0.54740    0.54979    0.55408    0.55986
   0.56393    0.56705    0.56949    0.58163    0.58232    0.58502    0.58656    0.59510
   0.59690    0.59959    0.60244    0.60697    0.61072    0.61697    0.62040    0.62779
   0.63330    0.63775    0.64548    0.64609    0.64976    0.65243    0.65589    0.66080
   0.66329    0.66708    0.67147    0.67547    0.67779    0.68745    0.68820    0.69944
   0.70160    0.71048    0.71749    0.72177    0.72316    0.72810    0.73086    0.73534
   0.74257    0.74514    0.75238    0.75457    0.76231    0.76388    0.76600    0.77336
   0.77697    0.78004    0.78092    0.78456    0.78943    0.79511    0.79897    0.80514
   0.80558    0.80701    0.80757    0.81564    0.81831    0.82460    0.82612    0.83418
   0.84413    0.84690    0.85260    0.85634    0.85857    0.85993    0.86470    0.86598
   0.87119    0.87430    0.88194    0.88198    0.88721    0.89711    0.91064    0.91496
   0.91841    0.92084    0.92408    0.93139    0.93383    0.93839    0.94104    0.94197
   0.95017    0.95067    0.95593    0.95721    0.95950    0.96164    0.96541    0.96956
   0.97182    0.97457    0.98158    0.98204    0.98703    0.99072    0.99088    0.99802
   1.00386    1.00555    1.01262    1.02509
 kpt#   3, nband=300, wtk=  0.22222, kpt=  0.4167  0.0833  0.5000 (reduced coord)
  -1.65036   -1.64965   -1.64922   -1.64884   -1.64876   -1.64860   -1.64755   -1.64701
  -1.64603   -1.64598   -1.64585   -1.64580   -1.64519   -1.64512   -1.64490   -1.64438
  -1.64429   -1.64369   -1.64354   -1.64308   -1.64295   -1.64275   -1.64251   -1.64207
  -1.64168   -1.64082   -1.64049   -1.63996   -1.63953   -1.63951   -1.63925   -1.63729
  -1.63718   -1.63521   -1.63466   -1.62115   -1.62072   -1.61905   -1.61867   -1.61850
  -1.61810   -1.61787   -1.61742   -1.61670   -1.61610   -0.64349   -0.64297   -0.64275
  -0.64259   -0.64226   -0.64208   -0.64205   -0.64194   -0.64158   -0.64154   -0.64143
  -0.64133   -0.64108   -0.64083   -0.64083   -0.64073   -0.64064   -0.64051   -0.64019
  -0.63996   -0.63973   -0.63965   -0.63917   -0.63916   -0.63878   -0.63493   -0.63471
  -0.63463   -0.63441   -0.63422   -0.63398   -0.63383   -0.63358   -0.63343   -0.63321
  -0.63311   -0.63297   -0.63282   -0.63277   -0.63255   -0.63253   -0.63248   -0.63240
  -0.63205   -0.63201   -0.36843   -0.36507   -0.36095   -0.35687   -0.35267   -0.34973
  -0.34871   -0.32558   -0.32522   -0.16588   -0.16465   -0.15427   -0.15258   -0.13816
  -0.13702   -0.12670   -0.11812   -0.11050   -0.03480   -0.00782   -0.00235    0.01650
   0.02213    0.02372    0.03048    0.03519    0.04307    0.04941    0.04977    0.05616
   0.05652    0.06026    0.06634    0.06938    0.07918    0.08039    0.11641    0.12609
   0.13413    0.14079    0.14134    0.14615    0.14939    0.15962    0.17143    0.17475
   0.17622    0.18718    0.19040    0.19832    0.19976    0.20664    0.21102    0.21455
   0.21538    0.22687    0.23667    0.23938    0.24222    0.25005    0.25236    0.25334
   0.26830    0.27785    0.28025    0.28360    0.28949    0.31678    0.32085    0.33181
   0.35078    0.35449    0.35869    0.38009    0.40084    0.41009    0.41742    0.42111
   0.43220    0.44481    0.44565    0.45040    0.45272    0.45661    0.45873    0.46904
   0.47337    0.47403    0.48503    0.49129    0.49727    0.50309    0.51221    0.52122
   0.52490    0.52750    0.52988    0.53997    0.54817    0.54923    0.55171    0.55434
   0.56115    0.56383    0.57622    0.58314    0.58344    0.58784    0.58899    0.59224
   0.59839    0.60068    0.60853    0.61977    0.63176    0.63389    0.63471    0.64286
   0.64910    0.64968    0.65507    0.65956    0.66258    0.66900    0.67441    0.67710
   0.68002    0.68755    0.68944    0.69463    0.69754    0.70138    0.70462    0.70646
   0.71190    0.71947    0.73051    0.73151    0.73349    0.73664    0.73867    0.75204
   0.75286    0.75577    0.75871    0.76587    0.77239    0.77909    0.78107    0.78753
   0.79242    0.79393    0.79566    0.79738    0.80423    0.80703    0.80808    0.81858
   0.82287    0.82669    0.83040    0.83357    0.83408    0.83940    0.84219    0.84997
   0.85128    0.85454    0.85792    0.85935    0.86642    0.87122    0.87332    0.87443
   0.87612    0.87756    0.88049    0.88829    0.88864    0.89507    0.89748    0.89989
   0.90531    0.90686    0.91505    0.91542    0.92408    0.92536    0.92907    0.93207
   0.93802    0.94139    0.94531    0.94702    0.95838    0.96041    0.96241    0.96912
   0.96976    0.97246    0.97845    0.97952    0.98417    0.98541    0.98805    0.99189
   0.99515    0.99618    1.00218    1.00732
 kpt#   4, nband=300, wtk=  0.11111, kpt=  0.2500  0.2500  0.5000 (reduced coord)
  -1.65152   -1.65134   -1.65049   -1.64974   -1.64746   -1.64729   -1.64707   -1.64700
  -1.64686   -1.64609   -1.64589   -1.64546   -1.64524   -1.64490   -1.64435   -1.64418
  -1.64412   -1.64386   -1.64372   -1.64340   -1.64324   -1.64319   -1.64273   -1.64176
  -1.64099   -1.64092   -1.63995   -1.63987   -1.63961   -1.63921   -1.63871   -1.63798
  -1.63772   -1.63732   -1.63325   -1.62199   -1.62143   -1.61864   -1.61844   -1.61809
  -1.61782   -1.61739   -1.61729   -1.61689   -1.61682   -0.64354   -0.64315   -0.64307
  -0.64284   -0.64270   -0.64240   -0.64188   -0.64180   -0.64169   -0.64148   -0.64137
  -0.64129   -0.64107   -0.64105   -0.64093   -0.64075   -0.64067   -0.64043   -0.64026
  -0.63976   -0.63954   -0.63943   -0.63938   -0.63902   -0.63886   -0.63538   -0.63510
  -0.63478   -0.63452   -0.63389   -0.63377   -0.63362   -0.63355   -0.63342   -0.63332
  -0.63315   -0.63304   -0.63303   -0.63283   -0.63275   -0.63269   -0.63236   -0.63226
  -0.63215   -0.63171   -0.37715   -0.37263   -0.36652   -0.35938   -0.35110   -0.34362
  -0.33859   -0.32271   -0.32225   -0.14532   -0.14408   -0.13336   -0.13152   -0.11693
  -0.11469   -0.10337   -0.09004   -0.08061   -0.05342   -0.04613   -0.04470   -0.03566
  -0.02284   -0.01262   -0.00831    0.00724    0.01817    0.02205    0.02327    0.03373
   0.03769    0.03895    0.05393    0.05524    0.06746    0.07031    0.08985    0.11045
   0.12153    0.12324    0.12526    0.13426    0.13849    0.15134    0.16119    0.20119
   0.20372    0.20499    0.21270    0.21625    0.21823    0.23378    0.23403    0.23704
   0.24731    0.25259    0.27322    0.27923    0.29646    0.30015    0.30791    0.31508
   0.31996    0.32473    0.32518    0.32882    0.33572    0.33728    0.34058    0.34305
   0.35228    0.35758    0.35858    0.35929    0.37570    0.37976    0.39837    0.41383
   0.43509    0.43549    0.44122    0.44505    0.44526    0.44913    0.45084    0.45338
   0.46469    0.46806    0.48374    0.48534    0.49234    0.49441    0.50162    0.50642
   0.50931    0.51329    0.51842    0.52104    0.52162    0.52428    0.52964    0.53408
   0.53993    0.55146    0.55757    0.56058    0.56971    0.57080    0.58348    0.58653
   0.59160    0.59590    0.61057    0.61217    0.62329    0.62724    0.63275    0.64144
   0.64414    0.64991    0.65141    0.65283    0.65636    0.66737    0.66998    0.68395
   0.68957    0.69252    0.69469    0.69630    0.69975    0.71647    0.72658    0.72986
   0.73184    0.74064    0.74523    0.74693    0.74935    0.75320    0.75900    0.77110
   0.77167    0.77660    0.77801    0.78151    0.78169    0.78334    0.78374    0.78598
   0.79150    0.79172    0.79449    0.79544    0.79581    0.79711    0.79764    0.80123
   0.81143    0.81883    0.82024    0.82106    0.82473    0.83120    0.83191    0.83345
   0.83457    0.83712    0.83729    0.85076    0.85597    0.86200    0.86375    0.86473
   0.86621    0.86846    0.86978    0.87318    0.87866    0.87914    0.88340    0.88704
   0.88924    0.89429    0.89511    0.89787    0.90073    0.90235    0.90910    0.91781
   0.92143    0.92468    0.92608    0.93349    0.93932    0.94998    0.96147    0.96850
   0.96967    0.97429    0.97430    0.98033    0.98384    0.98623    0.98698    0.98730
   0.98779    0.99389    0.99618    1.00099
 kpt#   5, nband=300, wtk=  0.22222, kpt=  0.4167  0.2500  0.5000 (reduced coord)
  -1.65106   -1.65001   -1.64992   -1.64847   -1.64824   -1.64783   -1.64674   -1.64657
  -1.64635   -1.64614   -1.64516   -1.64504   -1.64495   -1.64473   -1.64428   -1.64411
  -1.64394   -1.64381   -1.64359   -1.64350   -1.64278   -1.64246   -1.64209   -1.64190
  -1.64155   -1.64116   -1.64053   -1.64034   -1.63960   -1.63937   -1.63890   -1.63745
  -1.63704   -1.63698   -1.63596   -1.62074   -1.62022   -1.61978   -1.61926   -1.61908
  -1.61847   -1.61776   -1.61711   -1.61668   -1.61557   -0.64354   -0.64331   -0.64312
  -0.64283   -0.64260   -0.64255   -0.64188   -0.64181   -0.64162   -0.64131   -0.64128
  -0.64116   -0.64105   -0.64095   -0.64081   -0.64070   -0.64062   -0.64056   -0.64030
  -0.63974   -0.63954   -0.63948   -0.63935   -0.63911   -0.63893   -0.63550   -0.63519
  -0.63467   -0.63441   -0.63390   -0.63380   -0.63356   -0.63344   -0.63339   -0.63328
  -0.63316   -0.63303   -0.63293   -0.63285   -0.63279   -0.63272   -0.63242   -0.63224
  -0.63210   -0.63177   -0.35996   -0.35706   -0.35363   -0.35046   -0.34721   -0.34496
  -0.34434   -0.31958   -0.31924   -0.15236   -0.15072   -0.14120   -0.13820   -0.12518
  -0.12213   -0.11106   -0.10613   -0.09990   -0.04314   -0.04101   -0.03057   -0.02412
  -0.01675   -0.00743   -0.00681   -0.00085    0.00497    0.00804    0.01162    0.01384
   0.02146    0.02317    0.03094    0.03291    0.04757    0.04979    0.06351    0.07903
   0.08572    0.09518    0.09710    0.10193    0.11560    0.13518    0.14694    0.21427
   0.22437    0.24145    0.24298    0.24662    0.25560    0.25632    0.26067    0.27250
   0.27684    0.28085    0.28958    0.29286    0.30080    0.30405    0.30857    0.31444
   0.31797    0.32061    0.32299    0.32587    0.32957    0.33273    0.34377    0.34912
   0.35523    0.35762    0.36138    0.36356    0.37983    0.39272    0.39997    0.40311
   0.40700    0.41951    0.42005    0.43544    0.44574    0.45442    0.46960    0.47273
   0.49376    0.49737    0.50240    0.50871    0.51324    0.51897    0.51984    0.52943
   0.53743    0.53877    0.55394    0.55439    0.56391    0.56567    0.56724    0.57276
   0.58101    0.58198    0.59297    0.59669    0.59766    0.60597    0.60741    0.61191
   0.61456    0.61611    0.61882    0.62244    0.62841    0.62862    0.63314    0.63839
   0.64500    0.64691    0.65248    0.65602    0.66343    0.66384    0.67030    0.67409
   0.67703    0.67869    0.67979    0.68187    0.69119    0.69802    0.69918    0.70868
   0.71004    0.71949    0.72370    0.72410    0.72966    0.73288    0.73512    0.74649
   0.74829    0.75558    0.76082    0.76292    0.76645    0.77259    0.77568    0.78178
   0.78831    0.79015    0.79206    0.79652    0.79958    0.80762    0.81168    0.81487
   0.81760    0.81923    0.82206    0.82729    0.83031    0.83373    0.83942    0.84133
   0.84398    0.85076    0.85662    0.85835    0.86639    0.87152    0.87430    0.87478
   0.87554    0.87594    0.88152    0.88413    0.88695    0.89096    0.89282    0.89953
   0.90040    0.90372    0.90622    0.90658    0.90980    0.91152    0.91228    0.91991
   0.92117    0.92494    0.93387    0.93853    0.94083    0.94443    0.94684    0.94812
   0.95114    0.95608    0.95810    0.96074    0.96424    0.96712    0.96788    0.97591
   0.97813    0.98144    0.98363    0.98428
 kpt#   6, nband=300, wtk=  0.11111, kpt=  0.4167  0.4167  0.5000 (reduced coord)
  -1.65227   -1.65183   -1.65123   -1.65080   -1.64906   -1.64874   -1.64826   -1.64746
  -1.64717   -1.64653   -1.64652   -1.64643   -1.64605   -1.64569   -1.64563   -1.64535
  -1.64470   -1.64462   -1.64447   -1.64332   -1.64298   -1.64275   -1.64256   -1.64218
  -1.64212   -1.64201   -1.64106   -1.64069   -1.64008   -1.63981   -1.63953   -1.63706
  -1.63618   -1.63585   -1.63414   -1.62137   -1.62078   -1.62056   -1.62012   -1.62004
  -1.61926   -1.61874   -1.61654   -1.61590   -1.61554   -0.64396   -0.64357   -0.64344
  -0.64332   -0.64282   -0.64266   -0.64200   -0.64195   -0.64167   -0.64167   -0.64155
  -0.64135   -0.64121   -0.64100   -0.64085   -0.64070   -0.64066   -0.64062   -0.64035
  -0.63968   -0.63963   -0.63959   -0.63927   -0.63911   -0.63897   -0.63605   -0.63574
  -0.63476   -0.63448   -0.63401   -0.63379   -0.63372   -0.63351   -0.63349   -0.63340
  -0.63336   -0.63319   -0.63308   -0.63295   -0.63289   -0.63279   -0.63235   -0.63228
  -0.63212   -0.63164   -0.34839   -0.34658   -0.34460   -0.34346   -0.34270   -0.34147
  -0.34117   -0.31308   -0.31278   -0.13370   -0.13148   -0.12283   -0.11782   -0.10679
  -0.10067   -0.09126   -0.08674   -0.08106   -0.07617   -0.07361   -0.06289   -0.04971
  -0.04522   -0.04370   -0.03470   -0.03331   -0.02880   -0.01841   -0.01481   -0.01018
  -0.00267   -0.00208    0.00627    0.00861    0.00986    0.01472    0.03255    0.03514
   0.04262    0.04615    0.07430    0.08577    0.11666    0.12775    0.14790    0.22689
   0.24872    0.26124    0.27096    0.27866    0.28694    0.29013    0.29540    0.29987
   0.30615    0.31607    0.31754    0.32491    0.32907    0.33069    0.34227    0.34230
   0.34502    0.35618    0.35800    0.36134    0.36668    0.37063    0.37161    0.37247
   0.37824    0.37841    0.38072    0.38725    0.39816    0.39825    0.40017    0.40353
   0.40556    0.41429    0.41821    0.43329    0.44482    0.45684    0.46413    0.47252
   0.48159    0.49345    0.50623    0.50967    0.53925    0.54277    0.54440    0.56001
   0.56847    0.57020    0.57212    0.57291    0.58057    0.58725    0.58979    0.59117
   0.59823    0.60446    0.60447    0.61445    0.62060    0.62193    0.62579    0.62654
   0.62910    0.62975    0.63825    0.64028    0.64153    0.64274    0.64917    0.64945
   0.65237    0.65488    0.65520    0.65573    0.66127    0.66634    0.66935    0.67390
   0.67727    0.69074    0.69539    0.69569    0.69607    0.69659    0.70310    0.70578
   0.70818    0.71446    0.71679    0.71842    0.71955    0.72327    0.72834    0.73011
   0.73227    0.73557    0.73638    0.73801    0.74564    0.74724    0.75024    0.75216
   0.75514    0.76140    0.76573    0.76761    0.76963    0.77853    0.78496    0.78977
   0.79147    0.79370    0.79493    0.79658    0.81014    0.81078    0.81586    0.81813
   0.82141    0.82315    0.82527    0.82537    0.83674    0.83793    0.83892    0.84020
   0.84099    0.84636    0.84727    0.84790    0.85785    0.86218    0.86293    0.87291
   0.87374    0.87518    0.88171    0.88722    0.89212    0.89241    0.89520    0.90395
   0.90569    0.90920    0.91833    0.92338    0.92869    0.93028    0.93540    0.93748
   0.94111    0.94248    0.94367    0.94443    0.95856    0.96158    0.96948    0.97337
   0.98090    0.98226    0.98256    0.98476
