 Fermi (or HOMO) energy (hartree) =   0.17143   Average Vxc (hartree)=  -0.33211
 Eigenvalues (hartree) for nkpt=   6  k points:
 kpt#   1, nband=138, wtk=  0.11111, kpt=  0.0833  0.0833  0.5000 (reduced coord)
  -1.65336   -1.65195   -1.65030   -1.64996   -1.64922   -1.64880   -1.64779   -1.64754
  -1.64725   -1.64724   -1.64644   -1.64628   -1.64594   -1.64590   -1.64552   -1.64541
  -1.64533   -1.64462   -1.64443   -1.64441   -1.64420   -1.64360   -1.64347   -1.64318
  -1.64283   -1.64272   -1.64236   -1.64187   -1.64162   -1.64099   -1.64005   -1.63802
  -1.63791   -1.63753   -1.63589   -1.62250   -1.62197   -1.62188   -1.62062   -1.61968
  -1.61916   -1.61862   -1.61801   -1.61695   -1.61694   -0.64426   -0.64383   -0.64356
  -0.64290   -0.64258   -0.64246   -0.64222   -0.64205   -0.64191   -0.64169   -0.64166
  -0.64131   -0.64128   -0.64105   -0.64103   -0.64072   -0.64057   -0.64055   -0.64043
  -0.64030   -0.64022   -0.63924   -0.63923   -0.63900   -0.63899   -0.63580   -0.63543
  -0.63499   -0.63470   -0.63466   -0.63433   -0.63402   -0.63360   -0.63357   -0.63324
  -0.63319   -0.63307   -0.63301   -0.63298   -0.63275   -0.63257   -0.63251   -0.63244
  -0.63217   -0.63214   -0.39905   -0.39334   -0.38521   -0.37504   -0.36273   -0.35001
  -0.33869   -0.32705   -0.32613   -0.12156   -0.12095   -0.10957   -0.10764   -0.09100
  -0.08865   -0.06830   -0.06356   -0.04409   -0.03489   -0.02455   -0.01657   -0.00959
   0.00033    0.00255    0.01235    0.02103    0.02389    0.02584    0.03394    0.03977
   0.03991    0.04946    0.04989    0.05255    0.06184    0.06278    0.06503    0.06626
   0.07042    0.09397    0.09610    0.10360    0.11572    0.13424    0.14876    0.22114
   0.24023    0.25114
 kpt#   2, nband=138, wtk=  0.22222, kpt=  0.2500  0.0833  0.5000 (reduced coord)
  -1.65311   -1.65090   -1.65071   -1.65000   -1.64921   -1.64883   -1.64756   -1.64738
  -1.64721   -1.64622   -1.64604   -1.64573   -1.64529   -1.64495   -1.64474   -1.64444
  -1.64377   -1.64361   -1.64289   -1.64275   -1.64234   -1.64204   -1.64142   -1.64062
  -1.64021   -1.63952   -1.63939   -1.63920   -1.63902   -1.63814   -1.63754   -1.63716
  -1.63661   -1.63475   -1.63467   -1.62078   -1.62033   -1.61929   -1.61882   -1.61845
  -1.61811   -1.61748   -1.61686   -1.61582   -1.61539   -0.64380   -0.64337   -0.64306
  -0.64245   -0.64210   -0.64199   -0.64188   -0.64176   -0.64169   -0.64153   -0.64143
  -0.64129   -0.64123   -0.64102   -0.64085   -0.64080   -0.64058   -0.64029   -0.64004
  -0.63984   -0.63952   -0.63934   -0.63923   -0.63905   -0.63895   -0.63538   -0.63502
  -0.63454   -0.63424   -0.63422   -0.63387   -0.63370   -0.63343   -0.63343   -0.63327
  -0.63311   -0.63302   -0.63278   -0.63266   -0.63261   -0.63244   -0.63231   -0.63222
  -0.63215   -0.63195   -0.38776   -0.38265   -0.37555   -0.36694   -0.35672   -0.34683
  -0.33912   -0.32595   -0.32547   -0.14483   -0.14376   -0.13344   -0.13095   -0.11731
  -0.11611   -0.10021   -0.08315   -0.07183   -0.05724   -0.02827   -0.00861   -0.00791
   0.00399    0.01007    0.01861    0.02787    0.02900    0.04195    0.04343    0.04970
   0.06001    0.06334    0.06633    0.06785    0.07150    0.07430    0.07524    0.08335
   0.10461    0.12823    0.13203    0.13463    0.14224    0.14779    0.16128    0.20387
   0.20591    0.21297
 kpt#   3, nband=138, wtk=  0.22222, kpt=  0.4167  0.0833  0.5000 (reduced coord)
  -1.65036   -1.64965   -1.64922   -1.64884   -1.64876   -1.64860   -1.64755   -1.64701
  -1.64603   -1.64598   -1.64585   -1.64580   -1.64519   -1.64512   -1.64490   -1.64438
  -1.64429   -1.64369   -1.64354   -1.64308   -1.64295   -1.64275   -1.64251   -1.64207
  -1.64168   -1.64082   -1.64049   -1.63996   -1.63953   -1.63951   -1.63925   -1.63729
  -1.63718   -1.63521   -1.63466   -1.62115   -1.62072   -1.61905   -1.61867   -1.61850
  -1.61810   -1.61787   -1.61742   -1.61670   -1.61610   -0.64349   -0.64297   -0.64275
  -0.64259   -0.64226   -0.64208   -0.64205   -0.64194   -0.64158   -0.64154   -0.64143
  -0.64133   -0.64108   -0.64083   -0.64083   -0.64073   -0.64064   -0.64051   -0.64019
  -0.63996   -0.63973   -0.63965   -0.63917   -0.63916   -0.63878   -0.63493   -0.63471
  -0.63463   -0.63441   -0.63422   -0.63398   -0.63383   -0.63358   -0.63343   -0.63321
  -0.63311   -0.63297   -0.63282   -0.63277   -0.63255   -0.63253   -0.63248   -0.63240
  -0.63205   -0.63201   -0.36843   -0.36507   -0.36095   -0.35687   -0.35267   -0.34973
  -0.34871   -0.32558   -0.32522   -0.16588   -0.16465   -0.15427   -0.15258   -0.13816
  -0.13702   -0.12670   -0.11812   -0.11050   -0.03480   -0.00782   -0.00235    0.01650
   0.02213    0.02372    0.03048    0.03519    0.04307    0.04941    0.04977    0.05616
   0.05652    0.06026    0.06634    0.06938    0.07918    0.08039    0.11641    0.12609
   0.13413    0.14079    0.14134    0.14615    0.14939    0.15962    0.17143    0.17475
   0.17622    0.18718
 kpt#   4, nband=138, wtk=  0.11111, kpt=  0.2500  0.2500  0.5000 (reduced coord)
  -1.65152   -1.65134   -1.65049   -1.64974   -1.64746   -1.64729   -1.64707   -1.64700
  -1.64686   -1.64609   -1.64589   -1.64546   -1.64524   -1.64490   -1.64435   -1.64418
  -1.64412   -1.64386   -1.64372   -1.64340   -1.64324   -1.64319   -1.64273   -1.64176
  -1.64099   -1.64092   -1.63995   -1.63987   -1.63961   -1.63921   -1.63871   -1.63798
  -1.63772   -1.63732   -1.63325   -1.62199   -1.62143   -1.61864   -1.61844   -1.61809
  -1.61782   -1.61739   -1.61729   -1.61689   -1.61682   -0.64354   -0.64315   -0.64307
  -0.64284   -0.64270   -0.64240   -0.64188   -0.64180   -0.64169   -0.64148   -0.64137
  -0.64129   -0.64107   -0.64105   -0.64093   -0.64075   -0.64067   -0.64043   -0.64026
  -0.63976   -0.63954   -0.63943   -0.63938   -0.63902   -0.63886   -0.63538   -0.63510
  -0.63478   -0.63452   -0.63389   -0.63377   -0.63362   -0.63355   -0.63342   -0.63332
  -0.63315   -0.63304   -0.63303   -0.63283   -0.63275   -0.63269   -0.63236   -0.63226
  -0.63215   -0.63171   -0.37715   -0.37263   -0.36652   -0.35938   -0.35110   -0.34362
  -0.33859   -0.32271   -0.32225   -0.14532   -0.14408   -0.13336   -0.13152   -0.11693
  -0.11469   -0.10337   -0.09004   -0.08061   -0.05342   -0.04613   -0.04470   -0.03566
  -0.02284   -0.01262   -0.00831    0.00724    0.01817    0.02205    0.02327    0.03373
   0.03769    0.03895    0.05393    0.05524    0.06746    0.07031    0.08985    0.11045
   0.12153    0.12324    0.12526    0.13426    0.13849    0.15134    0.16119    0.20119
   0.20372    0.20499
 kpt#   5, nband=138, wtk=  0.22222, kpt=  0.4167  0.2500  0.5000 (reduced coord)
  -1.65106   -1.65001   -1.64992   -1.64847   -1.64824   -1.64783   -1.64674   -1.64657
  -1.64635   -1.64614   -1.64516   -1.64504   -1.64495   -1.64473   -1.64428   -1.64411
  -1.64394   -1.64381   -1.64359   -1.64350   -1.64278   -1.64246   -1.64209   -1.64190
  -1.64155   -1.64116   -1.64053   -1.64034   -1.63960   -1.63937   -1.63890   -1.63745
  -1.63704   -1.63698   -1.63596   -1.62074   -1.62022   -1.61978   -1.61926   -1.61908
  -1.61847   -1.61776   -1.61711   -1.61668   -1.61557   -0.64354   -0.64331   -0.64312
  -0.64283   -0.64260   -0.64255   -0.64188   -0.64181   -0.64162   -0.64131   -0.64128
  -0.64116   -0.64105   -0.64095   -0.64081   -0.64070   -0.64062   -0.64056   -0.64030
  -0.63974   -0.63954   -0.63948   -0.63935   -0.63911   -0.63893   -0.63550   -0.63519
  -0.63467   -0.63441   -0.63390   -0.63380   -0.63356   -0.63344   -0.63339   -0.63328
  -0.63316   -0.63303   -0.63293   -0.63285   -0.63279   -0.63272   -0.63242   -0.63224
  -0.63210   -0.63177   -0.35996   -0.35706   -0.35363   -0.35046   -0.34721   -0.34496
  -0.34434   -0.31958   -0.31924   -0.15236   -0.15072   -0.14120   -0.13820   -0.12518
  -0.12213   -0.11106   -0.10613   -0.09990   -0.04314   -0.04101   -0.03057   -0.02412
  -0.01675   -0.00743   -0.00681   -0.00085    0.00497    0.00804    0.01162    0.01384
   0.02146    0.02317    0.03094    0.03291    0.04757    0.04979    0.06351    0.07903
   0.08572    0.09518    0.09710    0.10193    0.11560    0.13518    0.14694    0.21427
   0.22437    0.24145
 kpt#   6, nband=138, wtk=  0.11111, kpt=  0.4167  0.4167  0.5000 (reduced coord)
  -1.65227   -1.65183   -1.65123   -1.65080   -1.64906   -1.64874   -1.64826   -1.64746
  -1.64717   -1.64653   -1.64652   -1.64643   -1.64605   -1.64569   -1.64563   -1.64535
  -1.64470   -1.64462   -1.64447   -1.64332   -1.64298   -1.64275   -1.64256   -1.64218
  -1.64212   -1.64201   -1.64106   -1.64069   -1.64008   -1.63981   -1.63953   -1.63706
  -1.63618   -1.63585   -1.63414   -1.62137   -1.62078   -1.62056   -1.62012   -1.62004
  -1.61926   -1.61874   -1.61654   -1.61590   -1.61554   -0.64396   -0.64357   -0.64344
  -0.64332   -0.64282   -0.64266   -0.64200   -0.64195   -0.64167   -0.64167   -0.64155
  -0.64135   -0.64121   -0.64100   -0.64085   -0.64070   -0.64066   -0.64062   -0.64035
  -0.63968   -0.63963   -0.63959   -0.63927   -0.63911   -0.63897   -0.63605   -0.63574
  -0.63476   -0.63448   -0.63401   -0.63379   -0.63372   -0.63351   -0.63349   -0.63340
  -0.63336   -0.63319   -0.63308   -0.63295   -0.63289   -0.63279   -0.63235   -0.63228
  -0.63212   -0.63164   -0.34839   -0.34658   -0.34460   -0.34346   -0.34270   -0.34147
  -0.34117   -0.31308   -0.31278   -0.13370   -0.13148   -0.12283   -0.11782   -0.10679
  -0.10067   -0.09126   -0.08674   -0.08106   -0.07617   -0.07361   -0.06289   -0.04971
  -0.04522   -0.04370   -0.03470   -0.03331   -0.02880   -0.01841   -0.01481   -0.01018
  -0.00267   -0.00208    0.00627    0.00861    0.00986    0.01472    0.03255    0.03514
   0.04262    0.04615    0.07430    0.08577    0.11666    0.12775    0.14790    0.22689
   0.24872    0.26124
