 Fermi (or HOMO) energy (hartree) =   0.06931   Average Vxc (hartree)=  -0.25598
 Eigenvalues (hartree) for nkpt=  10  k points:
 kpt#   1, nband= 46, wtk=  0.06250, kpt=  0.0625  0.0625  0.5000 (reduced coord)
  -1.74982   -1.74768   -1.74685   -1.74593   -1.74537   -1.72410   -1.72274   -1.72210
  -1.72122   -1.72118   -1.72118   -1.72001   -1.71919   -1.71832   -1.71751   -0.73853
  -0.73813   -0.73625   -0.73603   -0.73582   -0.73577   -0.73573   -0.73562   -0.73550
  -0.73528   -0.72985   -0.72974   -0.72973   -0.72787   -0.72778   -0.48310   -0.44294
  -0.42270   -0.19143   -0.18594   -0.12992   -0.11471   -0.09394   -0.07644   -0.05578
  -0.04070   -0.03133   -0.01754    0.00093    0.00983    0.14125
 kpt#   2, nband= 46, wtk=  0.12500, kpt=  0.1875  0.0625  0.5000 (reduced coord)
  -1.74879   -1.74648   -1.74570   -1.74444   -1.74327   -1.72196   -1.72159   -1.72109
  -1.72070   -1.71926   -1.71901   -1.71806   -1.71773   -1.71718   -1.71684   -0.73815
  -0.73787   -0.73596   -0.73587   -0.73572   -0.73559   -0.73551   -0.73532   -0.73522
  -0.73497   -0.72968   -0.72962   -0.72931   -0.72770   -0.72761   -0.47733   -0.43851
  -0.42215   -0.20811   -0.20591   -0.15762   -0.11421   -0.09225   -0.05470   -0.05167
  -0.02963   -0.02722    0.00038    0.01560    0.02739    0.12886
 kpt#   3, nband= 46, wtk=  0.12500, kpt=  0.3125  0.0625  0.5000 (reduced coord)
  -1.74616   -1.74562   -1.74445   -1.74259   -1.74136   -1.72043   -1.71981   -1.71823
  -1.71792   -1.71775   -1.71765   -1.71698   -1.71688   -1.71601   -1.71568   -0.73754
  -0.73725   -0.73594   -0.73583   -0.73561   -0.73550   -0.73519   -0.73503   -0.73482
  -0.73457   -0.72944   -0.72921   -0.72861   -0.72771   -0.72752   -0.46728   -0.43148
  -0.42304   -0.23081   -0.22757   -0.19039   -0.10372   -0.07625   -0.04544   -0.03181
  -0.03007   -0.02057    0.02296    0.03579    0.05508    0.09985
 kpt#   4, nband= 46, wtk=  0.12500, kpt=  0.4375  0.0625  0.5000 (reduced coord)
  -1.74754   -1.74711   -1.74581   -1.74489   -1.74384   -1.72297   -1.72181   -1.72079
  -1.72049   -1.71965   -1.71939   -1.71839   -1.71805   -1.71790   -1.71626   -0.73768
  -0.73733   -0.73633   -0.73601   -0.73592   -0.73568   -0.73565   -0.73534   -0.73526
  -0.73481   -0.72981   -0.72939   -0.72896   -0.72808   -0.72767   -0.45738   -0.42659
  -0.42566   -0.24704   -0.23655   -0.21384   -0.08477   -0.06106   -0.05291   -0.02755
  -0.02091   -0.01058    0.04185    0.05308    0.06931    0.08789
 kpt#   5, nband= 46, wtk=  0.06250, kpt=  0.1875  0.1875  0.5000 (reduced coord)
  -1.74846   -1.74754   -1.74526   -1.74405   -1.74275   -1.72247   -1.72192   -1.72175
  -1.72164   -1.71993   -1.71941   -1.71842   -1.71701   -1.71670   -1.71507   -0.73788
  -0.73761   -0.73636   -0.73600   -0.73571   -0.73561   -0.73543   -0.73540   -0.73505
  -0.73503   -0.72998   -0.72943   -0.72894   -0.72791   -0.72768   -0.47176   -0.43417
  -0.42110   -0.21408   -0.21056   -0.16782   -0.11862   -0.10767   -0.07930   -0.05077
  -0.02781   -0.02601    0.02511    0.04099    0.04349    0.11780
 kpt#   6, nband= 46, wtk=  0.12500, kpt=  0.3125  0.1875  0.5000 (reduced coord)
  -1.74611   -1.74601   -1.74520   -1.74446   -1.74101   -1.72223   -1.72163   -1.71963
  -1.71903   -1.71853   -1.71787   -1.71735   -1.71625   -1.71546   -1.71482   -0.73743
  -0.73713   -0.73614   -0.73613   -0.73590   -0.73565   -0.73540   -0.73529   -0.73471
  -0.73445   -0.73004   -0.72895   -0.72861   -0.72775   -0.72763   -0.46225   -0.42737
  -0.42085   -0.22725   -0.22078   -0.18789   -0.11948   -0.09795   -0.07997   -0.05417
  -0.03964   -0.02575    0.02169    0.03571    0.05029    0.11012
 kpt#   7, nband= 46, wtk=  0.12500, kpt=  0.4375  0.1875  0.5000 (reduced coord)
  -1.74711   -1.74697   -1.74608   -1.74483   -1.74330   -1.72249   -1.72216   -1.72071
  -1.72040   -1.71944   -1.71890   -1.71845   -1.71762   -1.71724   -1.71535   -0.73753
  -0.73726   -0.73636   -0.73614   -0.73597   -0.73583   -0.73565   -0.73552   -0.73492
  -0.73467   -0.73011   -0.72920   -0.72871   -0.72804   -0.72771   -0.45330   -0.42285
  -0.42181   -0.23891   -0.22762   -0.20562   -0.09943   -0.08354   -0.06832   -0.06604
  -0.05897   -0.02582    0.00589    0.01088    0.04633    0.09939
 kpt#   8, nband= 46, wtk=  0.06250, kpt=  0.3125  0.3125  0.5000 (reduced coord)
  -1.74714   -1.74704   -1.74665   -1.74571   -1.74145   -1.72301   -1.72242   -1.72193
  -1.72022   -1.72016   -1.71936   -1.71801   -1.71791   -1.71738   -1.71669   -0.73753
  -0.73719   -0.73649   -0.73639   -0.73619   -0.73614   -0.73591   -0.73577   -0.73455
  -0.73428   -0.73060   -0.72886   -0.72860   -0.72807   -0.72797   -0.45408   -0.42105
  -0.41823   -0.22406   -0.21234   -0.18691   -0.14591   -0.10574   -0.08582   -0.07407
  -0.06170   -0.05172   -0.00403   -0.00116    0.03742    0.11660
 kpt#   9, nband= 46, wtk=  0.12500, kpt=  0.4375  0.3125  0.5000 (reduced coord)
  -1.74701   -1.74622   -1.74607   -1.74420   -1.74332   -1.72283   -1.72223   -1.72140
  -1.72096   -1.71902   -1.71884   -1.71767   -1.71691   -1.71644   -1.71539   -0.73729
  -0.73702   -0.73658   -0.73642   -0.73617   -0.73593   -0.73577   -0.73553   -0.73474
  -0.73448   -0.73052   -0.72882   -0.72859   -0.72797   -0.72785   -0.44710   -0.41725
  -0.41600   -0.22438   -0.21104   -0.19030   -0.13920   -0.10681   -0.10492   -0.08602
  -0.06586   -0.06240   -0.03552   -0.02910    0.03842    0.11211
 kpt#  10, nband= 46, wtk=  0.06250, kpt=  0.4375  0.4375  0.5000 (reduced coord)
  -1.74610   -1.74514   -1.74469   -1.74384   -1.74292   -1.72140   -1.72082   -1.72027
  -1.71958   -1.71958   -1.71852   -1.71747   -1.71650   -1.71607   -1.71452   -0.73717
  -0.73669   -0.73654   -0.73637   -0.73603   -0.73593   -0.73570   -0.73560   -0.73450
  -0.73424   -0.73087   -0.72854   -0.72835   -0.72792   -0.72770   -0.44232   -0.41304
  -0.41157   -0.20997   -0.19290   -0.17080   -0.16203   -0.13801   -0.12150   -0.11123
  -0.08849   -0.07383   -0.05857   -0.03889    0.03999    0.12128
